(ROOT (S=H (NP (NNP ) (NNPS ) (NNS=H )) (VP=H (VBP=H ) (ADJP (JJ=H ))) (. ))),3609,3609,"0,0033531637"
"(ROOT (S=H (PP (ADVP (RB=H )) (IN=H ) (NP (NNP ) (NNP=H ))) (, ) (NP (NNP=H )) (VP=H (VBP=H ) (ADJP (JJ=H ))) (. )))",2523,6132,"0,0056973122"
(ROOT (S=H (NP (NP=H (CD=H )) (PP (IN=H ) (NP (JJ ) (NNS=H )))) (VP=H (VBP=H ) (ADJP (JJ=H ))) (. ))),2260,8392,"0,0077971043"
(ROOT (S=H (NP (JJ ) (NNS ) (NNS=H )) (VP=H (VBP=H ) (ADJP (JJ=H ))) (. ))),2171,10563,"0,0098142056"
(ROOT (S=H (NP (NP=H (CD=H )) (PP (IN=H ) (NP (NNS=H )))) (VP=H (VBP=H ) (ADJP (JJ=H ))) (. ))),2121,12684,"0,0117848512"
(ROOT (NP=H (NP=H (NNP=H )) (: ) (S (NP (NNP ) (NNS=H )) (VP=H (VBP=H ) (ADJP (JJ=H )))) (. ))),1771,14455,"0,0134303078"
(ROOT (S=H (NP (NNP ) (NNPS ) (NNP=H )) (VP=H (VBP=H ) (ADJP (JJ=H ))) (. ))),1234,15689,"0,0145768315"
(ROOT (S=H (NP (NP=H (NNP ) (NNP=H )) (PP (IN=H ) (NP (NNP ) (NNS=H )))) (VP=H (VBP=H ) (ADJP (JJ=H ))) (. ))),1171,16860,"0,0156648211"
(ROOT (S=H (NP (NNP ) (NNP ) (NNPS ) (NNS=H )) (VP=H (VBP=H ) (ADJP (JJ=H ))) (. ))),988,17848,"0,0165827834"
"(ROOT (S=H (S (NP (NNP=H )) (VP=H (VBD=H ) (NP (NNS=H )) (PP (IN=H ) (NP (NNP ) (NNP=H ))))) (, ) (NP (NNP=H )) (VP=H (VBP=H ) (ADJP (JJ=H ))) (. )))",962,18810,"0,0174765887"
(ROOT (S=H (NP (NP=H (NNP=H )) (PP (IN=H ) (NP (DT ) (NNP ) (NNPS=H )))) (VP=H (VBP=H ) (ADJP (JJ=H ))) (. ))),904,19714,"0,0183165056"
(ROOT (S=H (NP (NP=H (NNP=H )) (PP (IN=H ) (NP (NNP ) (NNS=H )))) (VP=H (VBP=H ) (ADJP (JJ=H ))) (. ))),846,20560,"0,019102534"
(ROOT (S=H (NP (NP (NNP ) (NNP ) (NNP ) (NNS ) (POS=H )) (NN ) (NNS=H )) (VP=H (VBP=H ) (ADJP (JJ=H ))) (. ))),768,21328,"0,0198160917"
(ROOT (S=H (NP (NP (NNP ) (NNP=H )) (PRN (-LRB- ) (NP=H (NNP=H )) (-RRB- )) (NNS=H )) (VP=H (VBP=H ) (ADJP (JJ=H ))) (. ))),742,22070,"0,0205054924"
(ROOT (S=H (NP (JJ ) (JJ ) (NNS ) (NNS=H )) (VP=H (VBP=H ) (ADJP (JJ=H ))) (. ))),712,22782,"0,0211670199"
(ROOT (S=H (NP (NP=H (NNP=H )) (PP (IN=H ) (NP (DT ) (NNPS=H )))) (VP=H (VBP=H ) (ADJP (JJ=H ))) (. ))),706,23488,"0,0218229727"
(ROOT (S=H (NP (JJ ) (PRN (-LRB- ) (NP=H (NN=H )) (-RRB- )) (NNS=H )) (VP=H (VBP=H ) (ADJP (JJ=H ))) (. ))),672,24160,"0,0224473356"
(ROOT (S=H (NP (NP=H (CD=H )) (PP (IN=H ) (NP (DT ) (NNP ) (NNPS=H )))) (VP=H (VBP=H ) (ADJP (JJ=H ))) (. ))),655,24815,"0,0230559037"
(ROOT (S=H (NP (NNP ) (NNP ) (NNPS ) (NNP=H )) (VP=H (VBP=H ) (ADJP (JJ=H ))) (. ))),649,25464,"0,0236588971"
(ROOT (S=H (NP (NNP ) (NNP ) (NNPS ) (NN=H )) (VP=H (VBP=H ) (ADJP (JJ=H ))) (. ))),639,26103,"0,0242525994"
(ROOT (S=H (NP (NNP=H )) (VP=H (VBD=H ) (SBAR (S=H (NP (NP=H (NNS=H )) (PP (IN=H ) (NP (NNP=H )))) (VP=H (VBP=H ) (ADJP (JJ=H )))))) (. ))),610,26713,"0,0248193575"
(ROOT (S=H (NP (NP=H (NNP ) (NNP=H )) (NP (CD ) (NNS=H ))) (VP=H (VBP=H ) (ADJP (JJ=H ))) (. ))),598,27311,"0,0253749662"
(ROOT (S=H (NP (NP (NNP=H )) (PRN (-LRB- ) (NP=H (NN=H )) (-RRB- )) (NNS=H )) (VP=H (VBP=H ) (ADJP (JJ=H ))) (. ))),540,27851,"0,0258766865"
(ROOT (S=H (NP (NP=H (JJ ) (NNS ) (NNS=H )) (PP (IN=H ) (NP (NNP=H )))) (VP=H (VBP=H ) (ADJP (JJ=H ))) (. ))),531,28382,"0,0263700447"
(ROOT (S=H (NP (NP=H (NNP=H )) (PP (IN=H ) (NP (JJ ) (NNS=H )))) (VP=H (VBP=H ) (ADJP (JJ=H ))) (. ))),516,28898,"0,0268494663"
(ROOT (S=H (NP (JJ ) (NNP ) (NNS ) (NNS=H )) (VP=H (VBP=H ) (ADJP (JJ=H ))) (. ))),496,29394,"0,0273103056"
(ROOT (S=H (NP (JJ ) (NNP ) (NNPS ) (NNS=H )) (VP=H (VBP=H ) (ADJP (JJ=H ))) (. ))),490,29884,"0,0277655703"
(ROOT (S=H (NP (NP=H (CD=H )) (PP (IN=H ) (NP (DT ) (NNPS=H )))) (VP=H (VBP=H ) (ADJP (JJ=H ))) (. ))),480,30364,"0,0282115438"
(ROOT (S=H (NP (NP (NNP ) (NN ) (NNS ) (POS=H )) (NN ) (NNS=H )) (VP=H (VBP=H ) (ADJP (JJ=H ))) (. ))),471,30835,"0,0286491554"
(ROOT (S=H (NP (NP=H (CD ) (: ) (CD=H )) (PP (IN=H ) (NP (JJ ) (NN ) (NNS=H )))) (VP=H (VBP=H ) (ADJP (JJ=H ))) (. ))),470,31305,"0,0290858378"
"(ROOT (S=H (PP (ADVP (RB=H )) (IN=H ) (NP (NNP ) (NNP=H ))) (, ) (NP (NNP ) (NNP=H )) (VP=H (VBP=H ) (ADJP (JJ=H ))) (. )))",464,31769,"0,0295169456"
"(ROOT (S=H (NP (NP=H (NNP ) (NNP=H )) (PP (IN=H ) (NP (NP=H (NNP ) (NNPS=H )) (PP (IN=H ) (NP (NP=H (NNP ) (NNP=H )) (, ) (NP (NNP=H ))))))) (VP=H (VBP=H ) (ADJP (JJ=H ))) (. )))",457,32226,"0,0299415496"
"(ROOT (S=H (S (NP (NNS=H )) (VP=H (VBN=H ) (PP (IN=H ) (NP (NNP=H ))))) (, ) (NP (NNP=H )) (VP=H (VBP=H ) (ADJP (JJ=H ))) (. )))",454,32680,"0,0303633662"
(ROOT (S=H (NP (NNP ) (NNP=H )) (VP=H (VBP=H ) (SBAR (S=H (NP (NNS=H )) (VP=H (VBP=H ) (ADJP (JJ=H )))))) (. ))),433,33113,"0,0307656716"
(ROOT (S=H (NP (NNP ) (NNPS ) (NNPS ) (NNS=H )) (VP=H (VBP=H ) (ADJP (JJ=H ))) (. ))),420,33533,"0,0311558984"
(ROOT (S=H (NP (NNP ) (NNPS ) (NNP ) (NNP ) (NNS=H )) (VP=H (VBP=H ) (ADJP (JJ=H ))) (. ))),412,33945,"0,0315386924"
(ROOT (S=H (NP (NP (NNP ) (NNP=H )) (PRN (-LRB- ) (NP=H (NN=H )) (-RRB- )) (NNS=H )) (VP=H (VBP=H ) (ADJP (JJ=H ))) (. ))),407,34352,"0,0319168408"
(ROOT (S=H (NP (NNP ) (NNP ) (NNS ) (NNS=H )) (VP=H (VBP=H ) (ADJP (JJ=H ))) (. ))),403,34755,"0,0322912728"
(ROOT (S=H (NP (NNP ) (NNP ) (NNP ) (NNPS ) (NNS=H )) (VP=H (VBP=H ) (ADJP (JJ=H ))) (. ))),398,35153,"0,0326610592"
"(ROOT (S=H (S (VP=H (VBG=H ) (NP (NNS=H )) (PP (IN=H ) (NP (NNP ) (NNP=H ))))) (, ) (NP (NNP=H )) (VP=H (VBP=H ) (ADJP (JJ=H ))) (. )))",389,35542,"0,0330224836"
"(ROOT (S=H (NP (NP=H (NNP ) (NNPS ) (JJ ) (NNS=H )) (, ) (NP (CD=H ))) (VP=H (VBP=H ) (ADJP (JJ=H ))) (. )))",377,35919,"0,0333727586"
(ROOT (NP=H (NP=H (NNP=H )) (: ) (S (NP (NNP ) (NNP ) (NNS=H )) (VP=H (VBP=H ) (ADJP (JJ=H )))) (. ))),375,36294,"0,0337211755"
(ROOT (S=H (NP (NP (NNP ) (NNP ) (NNP=H )) (PRN (-LRB- ) (NP=H (NNP=H )) (-RRB- )) (NNS=H )) (VP=H (VBP=H ) (ADJP (JJ=H ))) (. ))),370,36664,"0,0340649468"
(ROOT (S=H (NP (NNP ) (NNS ) (NNS=H )) (VP=H (VBP=H ) (ADJP (JJ=H ))) (. ))),367,37031,"0,0344059307"
(ROOT (S=H (NP (JJ ) (NNP ) (NNP ) (NNPS ) (NNS=H )) (VP=H (VBP=H ) (ADJP (JJ=H ))) (. ))),360,37391,"0,0347404109"
(ROOT (S=H (NP (JJ ) (NN ) (CC ) (NN ) (NNS=H )) (VP=H (VBP=H ) (ADJP (JJ=H ))) (. ))),359,37750,"0,0350739619"
(ROOT (S=H (NP (NP (NNP ) (NNP ) (NNP ) (NNS ) (POS=H )) (NN=H )) (VP=H (VBP=H ) (ADJP (JJ=H ))) (. ))),334,38084,"0,0353842852"
(ROOT (S=H (NP (NNP ) (NNPS ) (NNP ) (NNS=H )) (VP=H (VBP=H ) (ADJP (JJ=H ))) (. ))),332,38416,"0,0356927502"
(ROOT (S=H (NP (NNP ) (NNP ) (CC ) (NNP ) (NNS=H )) (VP=H (VBP=H ) (ADJP (JJ=H ))) (. ))),332,38748,"0,0360012153"
"(ROOT (S=H (S (NP (NNS=H )) (VP=H (VBN=H ) (PP (IN=H ) (NP (NNP ) (NNP=H ))))) (, ) (NP (NNP=H )) (VP=H (VBP=H ) (ADJP (JJ=H ))) (. )))",329,39077,"0,036306893"
(ROOT (S=H (NP (NP=H (NNP ) (NNP ) (NNP=H )) (PP (IN=H ) (NP (NNP ) (NNS=H )))) (VP=H (VBP=H ) (ADJP (JJ=H ))) (. ))),324,39401,"0,0366079251"
(ROOT (S=H (NP (JJ ) (NN ) (NNS ) (NNS=H )) (VP=H (VBP=H ) (ADJP (JJ=H ))) (. ))),313,39714,"0,0368987371"
(ROOT (NP=H (NP=H (NNP=H )) (: ) (S (NP (NNP ) (NN=H )) (VP=H (VBP=H ) (ADJP (JJ=H )))) (. ))),302,40016,"0,0371793288"
(ROOT (NP=H (NP=H (CD=H )) (: ) (NP (NP=H (CD=H )) (SBAR (S=H (NP (NP (NNP ) (NNP ) (NNP ) (NNS ) (POS=H )) (NN ) (NN=H )) (VP=H (VBP=H ) (ADJP (JJ=H )))))) (. ))),295,40311,"0,0374534167"
(ROOT (S=H (NP (NP=H (NNP=H )) (PP (IN=H ) (NP (DT ) (NNP ) (NNP ) (NNPS=H )))) (VP=H (VBP=H ) (ADJP (JJ=H ))) (. ))),283,40594,"0,0377163552"
(ROOT (S=H (NP (NP=H (NNP=H )) (PP (IN=H ) (NP (NNP ) (NNP ) (NNS=H )))) (VP=H (VBP=H ) (ADJP (JJ=H ))) (. ))),282,40876,"0,0379783647"
(ROOT (S=H (NP (NP=H (NNP=H )) (PP (IN=H ) (NP (NNS=H )))) (VP=H (VBP=H ) (ADJP (JJ=H ))) (. ))),278,41154,"0,0382366577"
(ROOT (S=H (NP (NP=H (NNP=H )) (PP (IN=H ) (NP (DT ) (CD ) (NNPS ) (NNPS=H )))) (VP=H (VBP=H ) (ADJP (JJ=H ))) (. ))),271,41425,"0,038488447"
(ROOT (S=H (NP (NP=H (JJ ) (NN=H )) (PP (IN=H ) (NP (NNP ) (NNS=H )))) (VP=H (VBP=H ) (ADJP (JJ=H ))) (. ))),271,41696,"0,0387402362"
(ROOT (S=H (NP (NP=H (JJ ) (NN=H )) (PP (IN=H ) (NP (DT ) (NNP ) (NNPS=H )))) (VP=H (VBP=H ) (ADJP (JJ=H ))) (. ))),266,41962,"0,0389873799"
(ROOT (FRAG=H (NP (NP=H (NNS=H )) (PP (IN=H ) (NP (JJ ) (NN=H )))) (: ) (S=H (NP (NNP ) (NNP=H )) (VP=H (VBP=H ) (ADJP (JJ=H )))) (. ))),262,42224,"0,0392308071"
(ROOT (NP=H (NP=H (CD=H )) (: ) (S (NP (CD ) (JJ ) (NN ) (NN ) (NNS=H )) (VP=H (VBP=H ) (ADJP (JJ=H )))) (. ))),260,42484,"0,0394723761"
(ROOT (S=H (NP (NP=H (NNP ) (NNP=H )) (PP (IN=H ) (NP (NNP ) (NNP ) (NNS=H )))) (VP=H (VBP=H ) (ADJP (JJ=H ))) (. ))),254,42738,"0,0397083705"
(ROOT (S=H (NP (NP=H (CD=H )) (PP (IN=H ) (NP (NP=H (DT ) (NNP ) (NNPS=H )) (PP (IN=H ) (NP (NN=H )))))) (VP=H (VBP=H ) (ADJP (JJ=H ))) (. ))),238,42976,"0,039929499"
(ROOT (S=H (NP (CD ) (NNP ) (NNPS ) (NNS=H )) (VP=H (VBP=H ) (ADJP (JJ=H ))) (. ))),222,43198,"0,0401357618"
(ROOT (S=H (NP (NP=H (NNP ) (NNP=H )) (PP (IN=H ) (NP (DT ) (NNP ) (NNPS=H )))) (VP=H (VBP=H ) (ADJP (JJ=H ))) (. ))),221,43419,"0,0403410954"
(ROOT (S=H (NP (CD ) (NNP ) (NNPS ) (NNP=H )) (VP=H (VBP=H ) (ADJP (JJ=H ))) (. ))),221,43640,"0,0405464291"
(ROOT (S=H (NP (NNP=H )) (VP=H (VBD=H ) (SBAR (S=H (NP (NP=H (NNS=H )) (PP (IN=H ) (NP (NP=H (NNS=H )) (PP (IN=H ) (NP (NNP=H )))))) (VP=H (VBP=H ) (ADJP (JJ=H )))))) (. ))),219,43859,"0,0407499045"
(ROOT (S=H (NP (NP=H (CD=H )) (PP (IN=H ) (NP (NNP ) (NNPS ) (NN ) (NN=H )))) (VP=H (VBP=H ) (ADJP (JJ=H ))) (. ))),214,44073,"0,0409487344"
(ROOT (S=H (NP (NNP ) (NNS ) (NN ) (NNS=H )) (VP=H (VBP=H ) (ADJP (JJ=H ))) (. ))),212,44285,"0,0411457061"
(ROOT (NP=H (NP=H (NNP=H )) (: ) (S (NP (NNP ) (NN ) (NNS=H )) (VP=H (VBP=H ) (ADJP (JJ=H )))) (. ))),209,44494,"0,0413398904"
(ROOT (S=H (NP (JJ ) (PRN (-LRB- ) (NP=H (NN=H )) (-RRB- )) (JJ ) (NNS=H )) (VP=H (VBP=H ) (ADJP (JJ=H ))) (. ))),205,44699,"0,0415303583"
(ROOT (S=H (NP (NNP=H )) (VP=H (VBD=H ) (SBAR (S=H (NP (NP=H (NNS=H )) (PP (IN=H ) (NP (NNP ) (NNP=H )))) (VP=H (VBP=H ) (ADJP (JJ=H )))))) (. ))),201,44900,"0,0417171097"
(ROOT (S=H (NP (NP (JJ ) (NNS ) (POS=H )) (NNS=H )) (VP=H (VBP=H ) (ADJP (JJ=H ))) (. ))),198,45098,"0,0419010738"
(ROOT (NP=H (NP=H (CD=H )) (: ) (S (NP (CD ) (NNP ) (NN=H )) (VP=H (VBP=H ) (ADJP (JJ=H )))) (. ))),190,45288,"0,042077605"
(ROOT (S=H (NP (NP=H (NNP=H )) (PP (IN=H ) (NP (NNP ) (NNPS=H )))) (VP=H (VBP=H ) (ADJP (JJ=H ))) (. ))),182,45470,"0,0422467033"
(ROOT (S=H (NP (NP (NNP ) (NN ) (NNS ) (POS=H )) (NN=H )) (VP=H (VBP=H ) (ADJP (JJ=H ))) (. ))),182,45652,"0,0424158016"
(ROOT (S=H (NP (NP (NNP ) (NNPS ) (NNP ) (POS=H )) (NN ) (NNS=H )) (VP=H (VBP=H ) (ADJP (JJ=H ))) (. ))),182,45834,"0,0425848999"
(ROOT (S=H (NP (NP=H (JJ ) (JJ ) (NNS ) (NNS=H )) (PP (IN=H ) (NP (NNP=H )))) (VP=H (VBP=H ) (ADJP (JJ=H ))) (. ))),177,46011,"0,0427493526"
(ROOT (S=H (NP (NNP ) (NNP ) (CC ) (NNP ) (NNP ) (NNS=H )) (VP=H (VBP=H ) (ADJP (JJ=H ))) (. ))),173,46184,"0,0429100889"
"(ROOT (S=H (PP (ADVP (RB=H )) (IN=H ) (NP (NNP=H ))) (, ) (NP (NNP=H )) (VP=H (VBP=H ) (ADJP (JJ=H ))) (. )))",173,46357,"0,0430708252"
"(ROOT (S=H (NP (NP=H (NNP ) (NNPS ) (NNP=H )) (PP (IN=H ) (NP (NNP=H ) (CD ) (, ) (CD )))) (VP=H (VBP=H ) (ADJP (JJ=H ))) (. )))",173,46530,"0,0432315615"
(ROOT (S=H (NP (NP=H (NNP ) (NNP=H )) (PP (IN=H ) (NP (NN ) (NNS=H )))) (VP=H (VBP=H ) (ADJP (JJ=H ))) (. ))),172,46702,"0,0433913687"
(ROOT (NP=H (NP=H (CD=H )) (: ) (NP (NP=H (CD ) (NNP ) (CD ) (NNP=H )) (SBAR (S=H (NP (NP (NNS ) (POS=H )) (NN ) (NN=H )) (VP=H (VBP=H ) (ADJP (JJ=H )))))) (. ))),171,46873,"0,0435502468"
(ROOT (S=H (NP (ADJP (NNP=H ) (NNP )) (NNS=H )) (VP=H (VBP=H ) (ADJP (JJ=H ))) (. ))),170,47043,"0,0437081958"
(ROOT (S=H (NP (NP=H (NNP=H )) (VP (VBG=H ) (NP (NP=H (NNS=H )) (PP (IN=H ) (NP (NNP=H )))))) (VP=H (VBP=H ) (ADJP (JJ=H ))) (. ))),169,47212,"0,0438652156"
"(ROOT (S=H (NP (NP=H (NNP ) (NNPS ) (NNP ) (NNS=H )) (, ) (NP (CD=H ))) (VP=H (VBP=H ) (ADJP (JJ=H ))) (. )))",169,47381,"0,0440222355"
(ROOT (S=H (NP (NP=H (NNP ) (NNP=H )) (PP (IN=H ) (NP (JJ ) (NNS=H )))) (VP=H (VBP=H ) (ADJP (JJ=H ))) (. ))),168,47549,"0,0441783262"
(ROOT (S=H (NP (NP=H (NNP ) (NNPS ) (JJ ) (NNS=H )) (PP (IN=H ) (NP (NNP=H )))) (VP=H (VBP=H ) (ADJP (JJ=H ))) (. ))),167,47716,"0,0443334879"
(ROOT (S=H (NP (NP (NNP ) (NNP ) (NNP ) (NNP ) (NNS ) (POS=H )) (NN ) (NNS=H )) (VP=H (VBP=H ) (ADJP (JJ=H ))) (. ))),166,47882,"0,0444877204"
(ROOT (NP=H (NP=H (CD=H )) (: ) (NP (NP=H (CD ) (NNP ) (NNP=H )) (SBAR (S=H (NP (NP (NNS ) (POS=H )) (NN ) (NN=H )) (VP=H (VBP=H ) (ADJP (JJ=H )))))) (. ))),165,48047,"0,0446410238"
(ROOT (S=H (NP (NP=H (CD=H )) (PP (IN=H ) (NP (NP=H (NNS=H )) (PP (IN=H ) (NP (NN=H )))))) (VP=H (VBP=H ) (ADJP (JJ=H ))) (. ))),165,48212,"0,0447943272"
"(ROOT (S=H (PP (ADVP (RB=H )) (IN=H ) (NP (NNP ) (NNP ) (NNP=H ))) (, ) (NP (NNP=H )) (VP=H (VBP=H ) (ADJP (JJ=H ))) (. )))",159,48371,"0,044942056"
(ROOT (S=H (NP (NNP ) (JJ ) (NNS ) (NN ) (NN=H )) (VP=H (VBP=H ) (ADJP (JJ=H ))) (. ))),159,48530,"0,0450897847"
"(ROOT (S=H (S (NP (NNP=H )) (VP=H (VBD=H ) (NP (NNS=H )) (PP (IN=H ) (NP (NNP ) (NNP=H ))))) (, ) (NP (NNP ) (NNP=H )) (VP=H (VBP=H ) (ADJP (JJ=H ))) (. )))",158,48688,"0,0452365843"
(ROOT (S=H (NP (NP=H (NNP ) (NNP=H )) (PP (IN=H ) (NP (DT ) (NNPS=H )))) (VP=H (VBP=H ) (ADJP (JJ=H ))) (. ))),157,48845,"0,0453824548"
(ROOT (NP=H (NP=H (NNP ) (NNP=H )) (: ) (S (NP (NNP ) (NNS=H )) (VP=H (VBP=H ) (ADJP (JJ=H )))) (. ))),156,49001,"0,0455273962"
(ROOT (NP=H (NP=H (NNP=H )) (: ) (S (NP (NNP ) (NNPS ) (NNS=H )) (VP=H (VBP=H ) (ADJP (JJ=H )))) (. ))),150,49151,"0,045666763"
(ROOT (S=H (NP (NP=H (JJ ) (NNS ) (NNS=H )) (PP (IN=H ) (NP (NN=H )))) (VP=H (VBP=H ) (ADJP (JJ=H ))) (. ))),148,49299,"0,0458042715"
(ROOT (NP=H (NP=H (CD=H )) (: ) (NP (NP=H (CD=H )) (SBAR (S=H (NP (NNP ) (NNP=H )) (VP=H (VBP=H ) (ADJP (JJ=H )))))) (. ))),146,49445,"0,0459399218"
(ROOT (S=H (NP (JJ ) (NNS ) (NN ) (NNS=H )) (VP=H (VBP=H ) (ADJP (JJ=H ))) (. ))),144,49589,"0,0460737139"
(ROOT (S=H (NP (JJ ) (NNS ) (CC ) (NN ) (NNS=H )) (VP=H (VBP=H ) (ADJP (JJ=H ))) (. ))),141,49730,"0,0462047186"
(ROOT (S=H (NP (NP (NNS=H )) (PRN (-LRB- ) (NP=H (NN=H )) (-RRB- )) (NNS=H )) (VP=H (VBP=H ) (ADJP (JJ=H ))) (. ))),139,49869,"0,0463338651"
(ROOT (S=H (NP (NP=H (NNP ) (NNP=H )) (PP (IN=H ) (NP (DT ) (NNP ) (NNS=H )))) (VP=H (VBP=H ) (ADJP (JJ=H ))) (. ))),138,50007,"0,0464620825"
(ROOT (S=H (NP (NP=H (NNP=H )) (PP (IN=H ) (NP (DT ) (NNP ) (NNS=H )))) (VP=H (VBP=H ) (ADJP (JJ=H ))) (. ))),138,50145,"0,0465902999"
(ROOT (S=H (NP (NP=H (NNP=H )) (CC ) (NP (NP=H (NNS=H )) (PP (IN=H ) (NP (NNP=H ))))) (VP=H (VBP=H ) (ADJP (JJ=H ))) (. ))),138,50283,"0,0467185173"
(ROOT (S=H (NP (NP=H (JJ ) (NN=H )) (PP (IN=H ) (NP (DT ) (NNPS=H )))) (VP=H (VBP=H ) (ADJP (JJ=H ))) (. ))),137,50420,"0,0468458056"
(ROOT (S=H (NP (NNP ) (NNP ) (NNPS ) (NNP ) (NNS=H )) (VP=H (VBP=H ) (ADJP (JJ=H ))) (. ))),137,50557,"0,0469730939"
(ROOT (S=H (NP (NNP ) (NNP ) (NNP ) (NNS ) (NNS=H )) (VP=H (VBP=H ) (ADJP (JJ=H ))) (. ))),134,50691,"0,0470975948"
(ROOT (S=H (NP (NP=H (CD=H )) (PP (IN=H ) (NP (JJ ) (NNS ) (NN=H )))) (VP=H (VBP=H ) (ADJP (JJ=H ))) (. ))),133,50824,"0,0472211666"
(ROOT (S=H (S (VP=H (VBG=H ) (PP (IN=H ) (NP (DT ) (CD ) (NNPS ) (NNPS=H ))))) (VP=H (VBP=H ) (ADJP (JJ=H ))) (. ))),133,50957,"0,0473447385"
(ROOT (S=H (NP (NNP ) (NNP=H )) (VP=H (VBD=H ) (SBAR (S=H (NP (NNS=H )) (VP=H (VBP=H ) (ADJP (JJ=H )))))) (. ))),130,51087,"0,047465523"
"(ROOT (S=H (NP (NP=H (JJ ) (NN ) (NN=H )) (, ) (NP (CD ) (NN ) (NNS=H ))) (VP=H (VBP=H ) (ADJP (JJ=H ))) (. )))",128,51215,"0,0475844493"
(ROOT (S=H (NP (NP=H (JJ ) (NN=H )) (PP (IN=H ) (NP (NN ) (NNS=H )))) (VP=H (VBP=H ) (ADJP (JJ=H ))) (. ))),127,51342,"0,0477024464"
(ROOT (S=H (NP (NNP ) (NN ) (CC ) (NN ) (NNS=H )) (VP=H (VBP=H ) (ADJP (JJ=H ))) (. ))),122,51464,"0,0478157981"
(ROOT (S=H (NP (NP (NNP=H )) (PRN (-LRB- ) (NP=H (JJ ) (NN ) (NN=H )) (-RRB- )) (NNS=H )) (VP=H (VBP=H ) (ADJP (JJ=H ))) (. ))),121,51585,"0,0479282206"
(ROOT (S=H (NP (NP=H (NNP=H )) (PP (IN=H ) (NP (NN ) (NNS=H )))) (VP=H (VBP=H ) (ADJP (JJ=H ))) (. ))),116,51701,"0,0480359975"
(ROOT (NP=H (NP=H (CD=H )) (: ) (S (NP (NP=H (CD ) (JJ ) (NN ) (NNS=H )) (PP (IN=H ) (NP (NNS=H )))) (VP=H (VBP=H ) (ADJP (JJ=H )))) (. ))),114,51815,"0,0481419162"
(ROOT (S=H (NP (NP=H (NNP ) (NNP ) (NNP=H )) (NP (CD ) (NNS=H ))) (VP=H (VBP=H ) (ADJP (JJ=H ))) (. ))),112,51927,"0,0482459767"
(ROOT (S=H (NP (NP=H (CD=H )) (PP (IN=H ) (NP (NP=H (NNS=H )) (PRN (-LRB- ) (NP=H (NP=H (NN=H )) (CC ) (NP (NN=H ))) (-RRB- ))))) (VP=H (VBP=H ) (ADJP (JJ=H ))) (. ))),112,52039,"0,0483500372"
(ROOT (S=H (NP (NNP ) (NNP=H )) (VP=H (VBP=H ) (SBAR (S=H (NP (NN ) (NNS=H )) (VP=H (VBP=H ) (ADJP (JJ=H )))))) (. ))),109,52148,"0,0484513104"
(ROOT (S=H (NP (NP (JJ ) (NNS ) (NNS ) (POS=H )) (NN ) (NNS=H )) (VP=H (VBP=H ) (ADJP (JJ=H ))) (. ))),108,52256,"0,0485516544"
(ROOT (S=H (NP (NP=H (NNP ) (NNPS ) (NNP=H )) (PP (IN=H ) (NP (NN=H )))) (VP=H (VBP=H ) (ADJP (JJ=H ))) (. ))),107,52363,"0,0486510694"
(ROOT (S=H (NP (DT ) (NNP ) (NNPS ) (NNS=H )) (VP=H (VBP=H ) (ADJP (JJ=H ))) (. ))),107,52470,"0,0487504843"
(ROOT (S=H (NP (NP=H (NNS ) (CC ) (NN ) (NNS=H )) (PP (IN=H ) (NP (NNP=H )))) (VP=H (VBP=H ) (ADJP (JJ=H ))) (. ))),106,52576,"0,0488489701"
(ROOT (S=H (NP (NP=H (NNP ) (NNP=H )) (PP (IN=H ) (NP (NNP ) (NNPS=H )))) (VP=H (VBP=H ) (ADJP (JJ=H ))) (. ))),105,52681,"0,0489465268"
(ROOT (S=H (NP (NNP=H ) (-LRB- ) (NP (NNS=H )) (-RRB- )) (VP=H (VBP=H ) (ADJP (JJ=H ))) (. ))),105,52786,"0,0490440836"
(ROOT (S=H (NP (JJ ) (PRN (-LRB- ) (NP=H (JJ ) (NN ) (NN=H )) (-RRB- )) (NNS=H )) (VP=H (VBP=H ) (ADJP (JJ=H ))) (. ))),105,52891,"0,0491416403"
(ROOT (S=H (NP (NP=H (NNP=H )) (PP (IN=H ) (NP (NNP ) (NN ) (NNS=H )))) (VP=H (VBP=H ) (ADJP (JJ=H ))) (. ))),104,52995,"0,0492382679"
"(ROOT (S=H (S (NP (NNP=H )) (VP=H (VBN=H ) (PP (IN=H ) (NP (NNP=H ))))) (, ) (NP (NNP=H )) (VP=H (VBP=H ) (ADJP (JJ=H ))) (. )))",103,53098,"0,0493339664"
(ROOT (S=H (NP (NNP ) (NNP ) (CC ) (NNP ) (NNP=H )) (VP=H (VBP=H ) (ADJP (JJ=H ))) (. ))),102,53200,"0,0494287357"
(ROOT (S=H (NP (NP=H (NNP=H )) (PP (IN=H ) (NP (NP=H (DT ) (NNP ) (NNPS=H )) (PP (IN=H ) (NP (NN=H )))))) (VP=H (VBP=H ) (ADJP (JJ=H ))) (. ))),101,53301,"0,049522576"
(ROOT (S=H (NP (NNP ) (NNPS ) (NNP ) (NNP=H )) (VP=H (VBP=H ) (ADJP (JJ=H ))) (. ))),101,53402,"0,0496164163"
(ROOT (NP=H (NP=H (NNP=H )) (: ) (S (NP (JJ ) (NNS=H )) (VP=H (VBP=H ) (ADJP (JJ=H )))) (. ))),101,53503,"0,0497102566"
(ROOT (NP=H (NP=H (CD=H )) (: ) (S (NP (NP (NNP ) (NNP ) (NNP ) (NNS ) (POS=H )) (NN ) (NN=H )) (VP=H (VBP=H ) (ADJP (JJ=H )))) (. ))),101,53604,"0,0498040968"
(ROOT (S=H (NP (NP=H (NNP ) (NNP=H )) (NP (JJ ) (NN ) (NN ) (NNS=H ))) (VP=H (VBP=H ) (ADJP (JJ=H ))) (. ))),99,53703,"0,0498960789"
(ROOT (NP=H (NP=H (CD=H )) (: ) (S (NP (NP (NNP ) (NNP ) (NNP ) (NNP ) (NNS ) (POS=H )) (NN ) (NN=H )) (VP=H (VBP=H ) (ADJP (JJ=H )))) (. ))),99,53802,"0,0499880609"
"(ROOT (S=H (NP (NNP ) (NNP=H )) (, ) (NP (NNP ) (NN ) (NNS=H )) (VP=H (VBP=H ) (ADJP (JJ=H ))) (. )))",98,53900,"0,0500791139"
(ROOT (S=H (NP (NP (NNP ) (NNPS=H )) (PRN (-LRB- ) (NP=H (NNP=H )) (-RRB- )) (NNS=H )) (VP=H (VBP=H ) (ADJP (JJ=H ))) (. ))),97,53997,"0,0501692377"
(ROOT (S=H (NP (NNP=H )) (VP=H (VBD=H ) (SBAR (S=H (NP (NNS=H )) (VP=H (VBP=H ) (ADJP (JJ=H )))))) (. ))),96,54093,"0,0502584324"
(ROOT (S=H (NP (NNP ) (NNS ) (NN=H )) (VP=H (VBP=H ) (ADJP (JJ=H ))) (. ))),95,54188,"0,050346698"
(ROOT (S=H (NP (NP (NNP ) (NNP ) (NNP ) (NNS ) (POS=H )) (NN ) (NN ) (NNS=H )) (VP=H (VBP=H ) (ADJP (JJ=H ))) (. ))),94,54282,"0,0504340345"
(ROOT (S=H (NP (NP=H (NN=H )) (PP (IN=H ) (NP (DT ) (NNP ) (NNPS=H )))) (VP=H (VBP=H ) (ADJP (JJ=H ))) (. ))),93,54375,"0,0505204418"
(ROOT (S=H (NP (NP=H (NNP ) (NN=H )) (PP (IN=H ) (NP (DT ) (NNP ) (NNPS=H )))) (VP=H (VBP=H ) (ADJP (JJ=H ))) (. ))),93,54468,"0,0506068492"
(ROOT (S=H (NP (NP=H (NNP ) (NNPS ) (NNP ) (NNP ) (NNS=H )) (PP (VBG=H ) (NP (NNP=H )))) (VP=H (VBP=H ) (ADJP (JJ=H ))) (. ))),92,54560,"0,0506923275"
(ROOT (S=H (NP (NP=H (CD ) (: ) (CD=H )) (PP (IN=H ) (NP (JJ ) (NN ) (NN ) (NNS=H )))) (VP=H (VBP=H ) (ADJP (JJ=H ))) (. ))),92,54652,"0,0507778058"
(ROOT (S=H (NP (NNP ) (NNP ) (PRN (-LRB- ) (NP=H (NNP=H )) (-RRB- )) (NNP=H )) (VP=H (VBP=H ) (ADJP (JJ=H ))) (. ))),91,54743,"0,0508623549"
(ROOT (S=H (NP (NNP ) (NNPS ) (NN ) (NN=H )) (VP=H (VBP=H ) (ADJP (JJ=H ))) (. ))),90,54833,"0,0509459749"
(ROOT (FRAG=H (NP (NP=H (NNS=H )) (PP (IN=H ) (NP (JJ ) (NN=H )))) (: ) (S=H (NP (NNP=H )) (VP=H (VBP=H ) (ADJP (JJ=H )))) (. ))),90,54923,"0,051029595"
(ROOT (S=H (NP (NP=H (NNP=H )) (NP (JJ ) (NN ) (NN ) (NNS=H ))) (VP=H (VBP=H ) (ADJP (JJ=H ))) (. ))),89,55012,"0,0511122859"
(ROOT (S=H (NP (NP=H (NNP ) (NNP ) (NNP=H )) (PP (IN=H ) (NP (NNP ) (NNP ) (NNS=H )))) (VP=H (VBP=H ) (ADJP (JJ=H ))) (. ))),89,55101,"0,0511949769"
(ROOT (S=H (NP (NP=H (CD=H )) (PP (IN=H ) (NP (NN ) (NNS=H )))) (VP=H (VBP=H ) (ADJP (JJ=H ))) (. ))),88,55189,"0,0512767387"
(ROOT (S=H (NP (NP (JJ ) (NN=H )) (PRN (-LRB- ) (NP=H (NN=H )) (-RRB- )) (NNS=H )) (VP=H (VBP=H ) (ADJP (JJ=H ))) (. ))),87,55276,"0,0513575714"
(ROOT (S=H (NP (NNP=H )) (VP=H (VBD=H ) (SBAR (S=H (NP (NP=H (NNS=H )) (PP (IN=H ) (NP (NNS=H )))) (VP=H (VBP=H ) (ADJP (JJ=H )))))) (. ))),86,55362,"0,051437475"
(ROOT (S=H (NP (NP (NNP ) (NNP=H )) (PRN (-LRB- ) (NP=H (JJ ) (NN=H )) (-RRB- )) (NNS=H )) (VP=H (VBP=H ) (ADJP (JJ=H ))) (. ))),86,55448,"0,0515173786"
(ROOT (S=H (NP (NNP=H )) (VP=H (VBP=H ) (SBAR (S=H (NP (NNS=H )) (VP=H (VBP=H ) (ADJP (JJ=H )))))) (. ))),86,55534,"0,0515972822"
(ROOT (S=H (NP (NP=H (NNP=H )) (PP (IN=H ) (NP (NP=H (NNP ) (NNS=H )) (PP (IN=H ) (NP (NN=H )))))) (VP=H (VBP=H ) (ADJP (JJ=H ))) (. ))),85,55619,"0,0516762566"
(ROOT (S=H (NP (NP=H (NNP ) (JJ ) (NN ) (NN=H )) (NP (JJ ) (NNS=H ))) (VP=H (VBP=H ) (ADJP (JJ=H ))) (. ))),85,55704,"0,0517552311"
(ROOT (S=H (NP (NP (NNP ) (NNP=H )) (PRN (-LRB- ) (NP=H (NNP ) (NNP=H )) (-RRB- )) (NNS=H )) (VP=H (VBP=H ) (ADJP (JJ=H ))) (. ))),84,55788,"0,0518332765"
"(ROOT (S=H (NP (NNP ) (NNP=H )) (, ) (NP (NNP ) (NNS=H )) (VP=H (VBP=H ) (ADJP (JJ=H ))) (. )))",83,55871,"0,0519103928"
(ROOT (S=H (NP (JJ ) (NNP ) (NNP ) (NNS ) (NNS=H )) (VP=H (VBP=H ) (ADJP (JJ=H ))) (. ))),82,55953,"0,0519865799"
(ROOT (S=H (NP (NP=H (JJ ) (NNS ) (NNS=H )) (PP (IN=H ) (NP (NNP ) (NNP=H )))) (VP=H (VBP=H ) (ADJP (JJ=H ))) (. ))),82,56035,"0,0520627671"
(ROOT (S=H (NP (NP=H (NN=H )) (PP (IN=H ) (NP (DT ) (CD ) (NNPS ) (NNPS=H )))) (VP=H (VBP=H ) (ADJP (JJ=H ))) (. ))),82,56117,"0,0521389542"
(ROOT (S=H (NP (JJ ) (PRN (-LRB- ) (NP=H (NN ) (NN=H )) (-RRB- )) (NNS=H )) (VP=H (VBP=H ) (ADJP (JJ=H ))) (. ))),82,56199,"0,0522151414"
(ROOT (S=H (NP (JJ ) (PRN (-LRB- ) (NP=H (JJ ) (NN=H )) (-RRB- )) (NNS=H )) (VP=H (VBP=H ) (ADJP (JJ=H ))) (. ))),81,56280,"0,0522903994"
(ROOT (S=H (NP (NP (NNP ) (NNPS ) (NNP ) (POS=H )) (NN=H )) (VP=H (VBP=H ) (ADJP (JJ=H ))) (. ))),81,56361,"0,0523656574"
(ROOT (S=H (NP (NNP ) (JJ ) (NNS ) (NNS=H )) (VP=H (VBP=H ) (ADJP (JJ=H ))) (. ))),80,56441,"0,0524399864"
(ROOT (S=H (NP (NP (NNP ) (NNP=H )) (PRN (-LRB- ) (NP=H (NP=H (CD=H )) (: ) (NP (CD=H ))) (-RRB- )) (NNS=H )) (VP=H (VBP=H ) (ADJP (JJ=H ))) (. ))),80,56521,"0,0525143153"
(ROOT (NP=H (NP=H (CD=H )) (: ) (S (NP (CD ) (NN ) (NN ) (NNS=H )) (VP=H (VBP=H ) (ADJP (JJ=H )))) (. ))),80,56601,"0,0525886442"
(ROOT (S=H (NP (NP=H (NNP=H )) (PP (IN=H ) (NP (NP=H (NNP ) (JJ ) (NNS=H )) (PP (IN=H ) (NP (NP=H (DT ) (NN=H )) (PP (IN=H ) (NP (NNP=H )))))))) (VP=H (VBP=H ) (ADJP (JJ=H ))) (. ))),80,56681,"0,0526629731"
(ROOT (S=H (NP (JJ ) (NNP ) (NNP ) (CC ) (NNP ) (NNS=H )) (VP=H (VBP=H ) (ADJP (JJ=H ))) (. ))),79,56760,"0,052736373"
(ROOT (S=H (NP (NNP=H )) (VP=H (VBD=H ) (SBAR (S=H (NP (NNP ) (NNS=H )) (VP=H (VBP=H ) (ADJP (JJ=H )))))) (. ))),79,56839,"0,0528097728"
(ROOT (S=H (NP (NNP ) (NNPS ) (CC ) (NNPS ) (NNS=H )) (VP=H (VBP=H ) (ADJP (JJ=H ))) (. ))),79,56918,"0,0528831726"
(ROOT (S=H (NP (NP (NNP ) (NNP ) (NNP=H )) (PRN (-LRB- ) (NP=H (NP=H (CD=H )) (: ) (NP (CD=H ))) (-RRB- )) (NNS=H )) (VP=H (VBP=H ) (ADJP (JJ=H ))) (. ))),78,56996,"0,0529556433"
"(ROOT (S=H (NP (NP=H (NP=H (NNP ) (NNP=H )) (NP (JJ ) (NNS=H ))) (, ) (NP (CD=H ))) (VP=H (VBP=H ) (ADJP (JJ=H ))) (. )))",78,57074,"0,053028114"
(ROOT (NP=H (NP=H (NNP=H )) (: ) (S (NP (NNP ) (NNP ) (NN=H )) (VP=H (VBP=H ) (ADJP (JJ=H )))) (. ))),78,57152,"0,0531005847"
(ROOT (S=H (NP (NP=H (NNP=H )) (PP (IN=H ) (NP (NP=H (NNS=H )) (PP (IN=H ) (NP (NNP=H ) (CD )))))) (VP=H (VBP=H ) (ADJP (JJ=H ))) (. ))),78,57230,"0,0531730554"
(ROOT (S=H (NP (NNPS ) (NNS=H )) (VP=H (VBP=H ) (ADJP (JJ=H ))) (. ))),77,57307,"0,053244597"
(ROOT (S=H (NP (NP=H (NNP=H )) (CC ) (NP (NP=H (JJ ) (NNS=H )) (PP (IN=H ) (NP (NNP=H ))))) (VP=H (VBP=H ) (ADJP (JJ=H ))) (. ))),75,57382,"0,0533142804"
"(ROOT (S=H (S (NP (NNP=H )) (VP=H (VBZ=H ) (PP (IN=H ) (NP (NNP ) (NNP=H ))))) (, ) (NP (NNP ) (NNP=H )) (VP=H (VBP=H ) (ADJP (JJ=H ))) (. )))",75,57457,"0,0533839637"
(ROOT (NP=H (NP=H (CD=H )) (: ) (S (NP (CD ) (NNP ) (NNP ) (NN ) (NN=H )) (VP=H (VBP=H ) (ADJP (JJ=H )))) (. ))),74,57531,"0,053452718"
(ROOT (S=H (NP (ADJP (NNP=H ) (NNP )) (NN ) (NNS=H )) (VP=H (VBP=H ) (ADJP (JJ=H ))) (. ))),73,57604,"0,0535205431"
(ROOT (S=H (NP (NP (NNP ) (NNP ) (NNP ) (NNP ) (NNS ) (POS=H )) (NN=H )) (VP=H (VBP=H ) (ADJP (JJ=H ))) (. ))),73,57677,"0,0535883683"
(ROOT (S=H (NP (NP=H (NNP ) (NNP=H )) (CC ) (NP (DT ) (NNP ) (NNS=H ))) (VP=H (VBP=H ) (ADJP (JJ=H ))) (. ))),73,57750,"0,0536561934"
(ROOT (NP=H (NP=H (NNP=H )) (: ) (S (NP (NNP ) (NNP ) (NN ) (NNS=H )) (VP=H (VBP=H ) (ADJP (JJ=H )))) (. ))),72,57822,"0,0537230894"
(ROOT (S=H (NP (NP=H (NNP ) (NNPS ) (NNP=H )) (PP (IN=H ) (NP (NNP=H )))) (VP=H (VBP=H ) (ADJP (JJ=H ))) (. ))),71,57893,"0,0537890564"
"(ROOT (S=H (S (NP=H (NP (NNP=H )) (PRN (-LRB- ) (NNP ) (NN=H ) (-RRB- )) (NNS=H ))) (, ) (NP (CD=H )) (VP=H (VBP=H ) (ADJP (JJ=H ))) (. )))",70,57963,"0,0538540942"
(ROOT (S=H (NP (NP=H (NNPS ) (NNP ) (NNP=H )) (PP (IN=H ) (NP (NNP=H ) (CD )))) (VP=H (VBP=H ) (ADJP (JJ=H ))) (. ))),70,58033,"0,053919132"
(ROOT (S=H (NP (NP=H (NNP ) (NNP ) (NNP=H )) (PP (IN=H ) (NP (NN ) (NNS=H )))) (VP=H (VBP=H ) (ADJP (JJ=H ))) (. ))),69,58102,"0,0539832407"
(ROOT (S=H (NP (NP=H (CD=H )) (PP (IN=H ) (NP (JJ ) (NN ) (NNS=H )))) (VP=H (VBP=H ) (ADJP (JJ=H ))) (. ))),69,58171,"0,0540473494"
(ROOT (S=H (NP (CD ) (NNP ) (NNPS ) (NNP ) (NNP ) (NNS=H )) (VP=H (VBP=H ) (ADJP (JJ=H ))) (. ))),68,58239,"0,054110529"
(ROOT (S=H (NP (NP=H (NNP ) (NNP ) (NNP=H )) (PP (IN=H ) (NP (DT ) (NNP ) (NNPS=H )))) (VP=H (VBP=H ) (ADJP (JJ=H ))) (. ))),68,58307,"0,0541737086"
(ROOT (S=H (NP (NP=H (NP (NNPS ) (POS=H )) (NNS=H )) (PP (IN=H ) (NP (NNP=H )))) (VP=H (VBP=H ) (ADJP (JJ=H ))) (. ))),68,58375,"0,0542368881"
(ROOT (S=H (NP (NNP=H )) (VP=H (VBD=H ) (SBAR (S=H (NP (NP=H (NNS=H )) (PP (IN=H ) (NP (NN=H )))) (VP=H (VBP=H ) (ADJP (JJ=H )))))) (. ))),66,58441,"0,0542982095"
(ROOT (S=H (NP (NP=H (NNP ) (NNP=H )) (PP (IN=H ) (NP (DT ) (NNP ) (NNP ) (NNS=H )))) (VP=H (VBP=H ) (ADJP (JJ=H ))) (. ))),66,58507,"0,0543595309"
"(ROOT (S=H (S (NP (NNS=H )) (VP=H (VBN=H ) (PP (IN=H ) (NP (NNP=H ))))) (, ) (NP (NNP ) (NNP=H )) (VP=H (VBP=H ) (ADJP (JJ=H ))) (. )))",66,58573,"0,0544208522"
"(ROOT (S=H (NP (NP=H (NNP ) (NNP=H )) (PP (IN=H ) (NP (NP=H (NNP ) (NNPS=H )) (PP (IN=H ) (NP (NNP ) (, ) (NNP=H )))))) (VP=H (VBP=H ) (ADJP (JJ=H ))) (. )))",66,58639,"0,0544821736"
(ROOT (S=H (NP (NP=H (NNP ) (NNP ) (NNP=H )) (PP (IN=H ) (NP (NNP ) (NNPS ) (NNS=H )))) (VP=H (VBP=H ) (ADJP (JJ=H ))) (. ))),65,58704,"0,0545425659"
(ROOT (S=H (NP (NP=H (NNP=H )) (NP (JJ ) (JJ ) (NN ) (NN ) (NNS=H ))) (VP=H (VBP=H ) (ADJP (JJ=H ))) (. ))),65,58769,"0,0546029581"
(ROOT (S=H (NP (NNP ) (NNP=H )) (SBAR=H (X (SYM=H )) (S=H (NP (NP=H (VBN ) (NNS=H )) (PP (IN=H ) (NP (NNP=H )))) (VP=H (VBP=H ) (ADJP (JJ=H ))))) (. ))),64,58833,"0,0546624212"
(ROOT (NP=H (NP=H (NNP=H )) (: ) (S (NP (NNP ) (NNP=H )) (VP=H (VBP=H ) (ADJP (JJ=H )))) (. ))),64,58897,"0,0547218844"
"(ROOT (S=H (S (VP=H (VB=H ) (PP (IN=H ) (NP (NNP ) (NNP=H ))))) (, ) (NP (NNP=H )) (VP=H (VBP=H ) (ADJP (JJ=H ))) (. )))",64,58961,"0,0547813475"
(ROOT (S=H (NP (NP=H (NNP ) (NNP=H )) (PP (IN=H ) (NP (NP=H (NNP ) (NNS=H )) (PP (IN=H ) (NP (NNP=H )))))) (VP=H (VBP=H ) (ADJP (JJ=H ))) (. ))),64,59025,"0,0548408107"
(ROOT (S=H (NP (NP=H (NNP ) (NNS ) (NN=H )) (PP (IN=H ) (NP (NNP=H ) (CD )))) (VP=H (VBP=H ) (ADJP (JJ=H ))) (. ))),64,59089,"0,0549002738"
"(ROOT (S=H (S (NP (NNS=H )) (VP=H (VBN=H ) (PP (IN=H ) (NP (NP (NNP ) (NNP ) (POS=H )) (NNP=H ))))) (, ) (NP (NNP=H )) (VP=H (VBP=H ) (ADJP (JJ=H ))) (. )))",64,59153,"0,0549597369"
(ROOT (S=H (NP (NP (NNP ) (NNP ) (NNP=H )) (PRN (-LRB- ) (NP=H (NNP ) (NNP=H )) (-RRB- )) (NNS=H )) (VP=H (VBP=H ) (ADJP (JJ=H ))) (. ))),63,59216,"0,055018271"
(ROOT (S=H (NP (NP=H (NNP=H )) (VP (VBN=H ) (PP (IN=H ) (NP (DT ) (NNS=H ))))) (VP=H (VBP=H ) (ADJP (JJ=H ))) (. ))),63,59279,"0,055076805"
(ROOT (S=H (NP (NNP ) (NNPS ) (JJ ) (NN=H )) (VP=H (VBP=H ) (ADJP (JJ=H ))) (. ))),63,59342,"0,055135339"
(ROOT (S=H (NP (CD ) (NNP ) (NNPS ) (NNP ) (NNS=H )) (VP=H (VBP=H ) (ADJP (JJ=H ))) (. ))),63,59405,"0,0551938731"
(ROOT (S=H (NP (NP=H (CD ) (: ) (CD=H )) (PP (IN=H ) (NP (JJ ) (NN ) (NN ) (JJ ) (NNS=H )))) (VP=H (VBP=H ) (ADJP (JJ=H ))) (. ))),63,59468,"0,0552524071"
(ROOT (S=H (NP (NP (NNP=H )) (PRN (-LRB- ) (NP=H (NN ) (NN=H )) (-RRB- )) (NNS=H )) (VP=H (VBP=H ) (ADJP (JJ=H ))) (. ))),62,59530,"0,055310012"
(ROOT (S=H (NP (NP (NNP ) (NNP=H )) (PRN (-LRB- ) (NP=H (NN ) (NN=H )) (-RRB- )) (NNS=H )) (VP=H (VBP=H ) (ADJP (JJ=H ))) (. ))),61,59591,"0,0553666878"
(ROOT (S=H (NP (NP=H (NNP ) (NNP=H )) (PP (IN=H ) (NP (NNS=H )))) (VP=H (VBP=H ) (ADJP (JJ=H ))) (. ))),61,59652,"0,0554233636"
(ROOT (S=H (NP (NP=H (NNP ) (NNP=H )) (PP (IN=H ) (NP (DT ) (CD ) (NNPS ) (NNPS=H )))) (VP=H (VBP=H ) (ADJP (JJ=H ))) (. ))),61,59713,"0,0554800394"
(ROOT (S=H (NP (NNP ) (NNP ) (NNP ) (NNPS ) (NN=H )) (VP=H (VBP=H ) (ADJP (JJ=H ))) (. ))),61,59774,"0,0555367152"
(ROOT (S=H (NP (NP=H (NNP=H )) (PP (IN=H ) (NP (DT ) (CD ) (NNP ) (NNPS=H )))) (VP=H (VBP=H ) (ADJP (JJ=H ))) (. ))),61,59835,"0,055593391"
(ROOT (S=H (NP (NNP=H )) (VP=H (VBD=H ) (SBAR (S=H (NP (NN ) (NNS=H )) (VP=H (VBP=H ) (ADJP (JJ=H )))))) (. ))),60,59895,"0,0556491377"
(ROOT (S=H (NP (NNP=H )) (PRN (-LRB- ) (NP=H (NN=H )) (-RRB- )) (NP (NN ) (NNS=H )) (VP=H (VBP=H ) (ADJP (JJ=H ))) (. ))),60,59955,"0,0557048844"
(ROOT (S=H (NP (NP (NNP=H )) (PRN (-LRB- ) (NP=H (JJ ) (NN=H )) (-RRB- )) (NNS=H )) (VP=H (VBP=H ) (ADJP (JJ=H ))) (. ))),60,60015,"0,0557606311"
(ROOT (S=H (NP (NP=H (NNPS ) (NNP=H )) (PP (IN=H ) (NP (NP=H (JJ ) (NNS=H )) (PP (IN=H ) (NP (NNP=H ) (CD )))))) (VP=H (VBP=H ) (ADJP (JJ=H ))) (. ))),60,60075,"0,0558163778"
(ROOT (S=H (NP (NP=H (NNP=H )) (VP (ADVP (RB=H )) (VBN=H ) (PP (IN=H ) (NP (JJ ) (NNS=H ))))) (VP=H (VBP=H ) (ADJP (JJ=H ))) (. ))),60,60135,"0,0558721245"
(ROOT (S=H (NP (NNP ) (NNP ) (NNP=H )) (VP=H (VBP=H ) (SBAR (S=H (NP (NNS=H )) (VP=H (VBP=H ) (ADJP (JJ=H )))))) (. ))),59,60194,"0,0559269421"
(ROOT (S=H (NP (JJ ) (JJ ) (NN ) (NNS ) (NNS=H )) (VP=H (VBP=H ) (ADJP (JJ=H ))) (. ))),59,60253,"0,0559817597"
(ROOT (S=H (NP (NNP ) (NNP=H )) (VP=H (VBZ=H ) (SBAR (S=H (NP (NNS=H )) (VP=H (VBP=H ) (ADJP (JJ=H )))))) (. ))),58,60311,"0,0560356482"
(ROOT (S=H (NP (NP=H (NNP=H )) (CC ) (NP (NP=H (NNS=H )) (PP (IN=H ) (NP (NNP ) (NNP=H ))))) (VP=H (VBP=H ) (ADJP (JJ=H ))) (. ))),58,60369,"0,0560895366"
(ROOT (S=H (NP (NP=H (NN ) (NN=H )) (PP (IN=H ) (NP (DT ) (NNP ) (NNPS=H )))) (VP=H (VBP=H ) (ADJP (JJ=H ))) (. ))),58,60427,"0,0561434251"
(ROOT (NP=H (NP=H (CD=H )) (: ) (S (NP (CD ) (NNP ) (NN ) (NN ) (NNS=H )) (VP=H (VBP=H ) (ADJP (JJ=H )))) (. ))),58,60485,"0,0561973136"
(ROOT (S=H (NP (NP=H (NN=H )) (PP (IN=H ) (NP (DT ) (NNPS=H )))) (VP=H (VBP=H ) (ADJP (JJ=H ))) (. ))),57,60542,"0,0562502729"
(ROOT (S=H (NP (NP=H (CD=H )) (PP (IN=H ) (NP (JJ ) (NN ) (NN ) (NNS=H )))) (VP=H (VBP=H ) (ADJP (JJ=H ))) (. ))),57,60599,"0,0563032323"
(ROOT (S=H (NP (NP=H (NNP ) (NNP ) (NNP ) (NNP=H )) (PP (IN=H ) (NP (NNP ) (NNS=H )))) (VP=H (VBP=H ) (ADJP (JJ=H ))) (. ))),56,60655,"0,0563552625"
(ROOT (S=H (NP (NP=H (NNP ) (NNPS ) (JJ ) (NNS=H )) (NP (CD ) (: ) (CD=H ))) (VP=H (VBP=H ) (ADJP (JJ=H ))) (. ))),56,60711,"0,0564072928"
(ROOT (S=H (NP (NP=H (NNP=H )) (PP (IN=H ) (NP (NNP ) (NNPS ) (NNP=H )))) (VP=H (VBP=H ) (ADJP (JJ=H ))) (. ))),55,60766,"0,0564583939"
(ROOT (S=H (NP (NP=H (JJ ) (NN=H )) (PP (IN=H ) (NP (VBG ) (NNS=H )))) (VP=H (VBP=H ) (ADJP (JJ=H ))) (. ))),55,60821,"0,0565094951"
"(ROOT (S=H (S (NP (NNS=H )) (VP=H (VBN=H ) (PP (IN=H ) (NP (NNP ) (NNP=H ))))) (, ) (NP (NNP ) (NNP=H )) (VP=H (VBP=H ) (ADJP (JJ=H ))) (. )))",55,60876,"0,0565605962"
(ROOT (S=H (NP (NP=H (NNP=H )) (PP (IN=H ) (NP (NNP ) (NNP ) (NNP ) (NNS=H )))) (VP=H (VBP=H ) (ADJP (JJ=H ))) (. ))),55,60931,"0,0566116973"
(ROOT (S=H (NP (NP (NNP ) (NNP ) (NNP ) (NNS ) (POS=H )) (NN ) (NN=H )) (VP=H (VBP=H ) (ADJP (JJ=H ))) (. ))),55,60986,"0,0566627985"
"(ROOT (S=H (NP (NP=H (NNP ) (JJ ) (NN=H )) (, ) (NP (NP=H (CD ) (NNS=H )) (PP (IN=H ) (NP (NN=H ))))) (VP=H (VBP=H ) (ADJP (JJ=H ))) (. )))",55,61041,"0,0567138996"
"(ROOT (S=H (S (NP (NNP=H )) (VP=H (VBD=H ) (NP (NNS=H )) (PP (IN=H ) (NP (NNP ) (NNP ) (NNP=H ))))) (, ) (NP (NNP=H )) (VP=H (VBP=H ) (ADJP (JJ=H ))) (. )))",54,61095,"0,0567640716"
(ROOT (S=H (NP (JJ ) (NNP ) (CC ) (NNP ) (NNS=H )) (VP=H (VBP=H ) (ADJP (JJ=H ))) (. ))),54,61149,"0,0568142437"
(ROOT (S=H (NP (NP (NNP ) (NNP=H )) (PRN (-LRB- ) (NP=H (NN=H ) (CD )) (-RRB- )) (NNS=H )) (VP=H (VBP=H ) (ADJP (JJ=H ))) (. ))),54,61203,"0,0568644157"
(ROOT (S=H (NP (NP=H (CD=H )) (PP (IN=H ) (NP (NNP ) (NNP ) (NN ) (NNS=H )))) (VP=H (VBP=H ) (ADJP (JJ=H ))) (. ))),54,61257,"0,0569145877"
(ROOT (S=H (NP (NP (JJ ) (NN=H )) (PRN (-LRB- ) (NP=H (NN=H )) (-RRB- )) (NNS=H )) (VP=H (VBD=H ) (SBAR (IN=H ) (S (NP (NNP=H )) (VP=H (VBP=H ) (ADJP (JJ=H )))))) (. ))),53,61310,"0,0569638306"
(ROOT (S=H (NP (JJ ) (NNP ) (NNPS ) (NNP ) (NNS=H )) (VP=H (VBP=H ) (ADJP (JJ=H ))) (. ))),52,61362,"0,0570121444"
(ROOT (S=H (NP (NP=H (JJ ) (NN=H )) (PP (IN=H ) (NP (NNS=H )))) (VP=H (VBP=H ) (ADJP (JJ=H ))) (. ))),51,61413,"0,0570595291"
(ROOT (S=H (NP (NP=H (NNP ) (NN=H )) (PP (IN=H ) (NP (NNP ) (NNS=H )))) (VP=H (VBP=H ) (ADJP (JJ=H ))) (. ))),51,61464,"0,0571069138"
(ROOT (S=H (NP (JJ ) (PRN (-LRB- ) (NP=H (NNP=H )) (-RRB- )) (NNS=H )) (VP=H (VBP=H ) (ADJP (JJ=H ))) (. ))),50,61514,"0,0571533694"
(ROOT (S=H (NP (JJ ) (JJ ) (NN ) (CC ) (NN ) (NNS=H )) (VP=H (VBP=H ) (ADJP (JJ=H ))) (. ))),50,61564,"0,057199825"
(ROOT (S=H (NP (NP (JJ ) (NNS ) (POS=H )) (NN ) (NNS=H )) (VP=H (VBP=H ) (ADJP (JJ=H ))) (. ))),50,61614,"0,0572462805"
"(ROOT (S=H (S (NP (NNS=H )) (VP=H (VBN=H ) (PP (IN=H ) (NP (NNP ) (NNP ) (NNP=H ))))) (, ) (NP (NNP=H )) (VP=H (VBP=H ) (ADJP (JJ=H ))) (. )))",50,61664,"0,0572927361"
(ROOT (S=H (NP (NNP ) (JJ ) (NN=H )) (VP=H (VBP=H ) (SBAR (S=H (NP (NNS=H )) (VP=H (VBP=H ) (ADJP (JJ=H )))))) (. ))),50,61714,"0,0573391917"
"(ROOT (S=H (NP (NP=H (NNP ) (NNP=H )) (PP (IN=H ) (NP (NP=H (NNP ) (NNPS=H )) (PP (IN=H ) (NP (NP=H (NNP ) (NNP=H )) (, ) (NP (NNP ) (NNP=H ))))))) (VP=H (VBP=H ) (ADJP (JJ=H ))) (. )))",50,61764,"0,0573856473"
"(ROOT (S=H (NP (NAC (NNP=H ) (PP (IN=H ) (NP (NNP=H )))) (, ) (NNP ) (NNP=H )) (VP=H (VBP=H ) (ADJP (JJ=H ))) (. )))",49,61813,"0,0574311737"
(ROOT (S=H (NP (NP=H (NNP ) (NNP=H )) (PP (IN=H ) (NP (NNP ) (NN ) (NNS=H )))) (VP=H (VBP=H ) (ADJP (JJ=H ))) (. ))),49,61862,"0,0574767002"
(ROOT (S=H (NP (NP=H (NNP ) (NNP=H )) (PP (IN=H ) (NP (NNP ) (CC ) (NNP ) (NNS=H )))) (VP=H (VBP=H ) (ADJP (JJ=H ))) (. ))),49,61911,"0,0575222267"
(ROOT (S=H (NP (NP=H (NNP ) (NNP=H )) (PP (IN=H ) (NP (DT ) (NNP ) (NNP ) (NNPS=H )))) (VP=H (VBP=H ) (ADJP (JJ=H ))) (. ))),49,61960,"0,0575677531"
(ROOT (S=H (NP (NP=H (NNP ) (NNPS ) (CC ) (NNPS ) (NNP=H )) (PP (IN=H ) (NP (NNP=H )))) (VP=H (VBP=H ) (ADJP (JJ=H ))) (. ))),49,62009,"0,0576132796"
(ROOT (S=H (NP (NP (NNP ) (NNP=H )) (PRN (-LRB- ) (NP=H (NP=H (NN=H )) (CC ) (NP (NN=H ))) (-RRB- )) (NNS=H )) (VP=H (VBP=H ) (ADJP (JJ=H ))) (. ))),49,62058,"0,0576588061"
(ROOT (S=H (NP (NP=H (NNP ) (NNP=H )) (PP (IN=H ) (NP (NNP ) (NN ) (NN ) (NNS=H )))) (VP=H (VBP=H ) (ADJP (JJ=H ))) (. ))),48,62106,"0,0577034034"
(ROOT (S=H (NP (NP=H (NNP ) (NNP ) (NNP=H )) (CC ) (NP (DT ) (NNP ) (NNS=H ))) (VP=H (VBP=H ) (ADJP (JJ=H ))) (. ))),48,62154,"0,0577480008"
(ROOT (NP=H (NP=H (NNP ) (NNP=H )) (: ) (S (NP (NNP ) (NNP ) (NNS=H )) (VP=H (VBP=H ) (ADJP (JJ=H )))) (. ))),48,62202,"0,0577925981"
"(ROOT (S=H (S (NP (NNP ) (NNS=H )) (VP=H (VBN=H ) (PP (IN=H ) (NP (NNP=H ))))) (, ) (NP (NNP=H )) (VP=H (VBP=H ) (ADJP (JJ=H ))) (. )))",48,62250,"0,0578371955"
(ROOT (S=H (NP (NP=H (NNP ) (NNP ) (NNP=H )) (PP (IN=H ) (NP (NNP ) (NNPS ) (NNS=H ))) (PP (IN=H ) (NP (NNP=H )))) (VP=H (VBP=H ) (ADJP (JJ=H ))) (. ))),48,62298,"0,0578817929"
(ROOT (S=H (NP (NP=H (NNP=H )) (PP (IN=H ) (NP (DT ) (NNP ) (NNP ) (NNS=H )))) (VP=H (VBP=H ) (ADJP (JJ=H ))) (. ))),47,62345,"0,0579254611"
(ROOT (S=H (NP (NNP=H )) (VP=H (VBD=H ) (SBAR (S=H (NP (NP=H (NNS=H )) (PP (IN=H ) (NP (NP=H (NNS=H )) (PP (IN=H ) (NP (NNP ) (NNP=H )))))) (VP=H (VBP=H ) (ADJP (JJ=H )))))) (. ))),47,62392,"0,0579691293"
(ROOT (S=H (NP (NP=H (NNP=H )) (PP (IN=H ) (NP (NP=H (DT ) (NNP ) (NNP=H )) (PP (IN=H ) (NP (NP=H (NNP ) (NNPS=H )) (PP (IN=H ) (NP (NNP=H )))))))) (VP=H (VBP=H ) (ADJP (JJ=H ))) (. ))),47,62439,"0,0580127976"
(ROOT (S=H (NP (NP=H (NNP ) (NNP ) (NNPS ) (NNP=H )) (PP (IN=H ) (NP (NNP=H )))) (VP=H (VBP=H ) (ADJP (JJ=H ))) (. ))),47,62486,"0,0580564658"
(ROOT (S=H (NP (NP=H (JJ ) (NN ) (NN=H )) (SBAR (S=H (NP (NN ) (NNS=H )) (VP=H (VBD=H ) (PP (IN=H ) (NP (NNP=H ))))))) (VP=H (VBP=H ) (ADJP (JJ=H ))) (. ))),47,62533,"0,0581001341"
(ROOT (S=H (NP (NP=H (CD ) (: ) (CD=H )) (PP (IN=H ) (NP (NP (JJ ) (NNS ) (POS=H )) (NN=H )))) (VP=H (VBP=H ) (ADJP (JJ=H ))) (. ))),47,62580,"0,0581438023"
(ROOT (NP=H (NP=H (JJ ) (NN=H )) (: ) (S (NP (NNS=H )) (VP=H (VBP=H ) (ADJP (JJ=H )))) (. ))),47,62627,"0,0581874706"
(ROOT (S=H (NP (NP=H (CD=H )) (PP (IN=H ) (NP (DT ) (NNP ) (NNP ) (NNPS=H )))) (VP=H (VBP=H ) (ADJP (JJ=H ))) (. ))),46,62673,"0,0582302097"
(ROOT (S=H (NP (NNS ) (NNS=H )) (VP=H (VBP=H ) (ADJP (JJ=H ))) (. ))),46,62719,"0,0582729488"
(ROOT (S=H (NP (NP=H (NNP=H )) (PP (IN=H ) (NP (DT ) (JJ ) (NNS=H )))) (VP=H (VBP=H ) (ADJP (JJ=H ))) (. ))),46,62765,"0,058315688"
(ROOT (S=H (NP (NP=H (NNP=H )) (PP (IN=H ) (NP (NP=H (NNP=H )) (PP (IN=H ) (NP (NNP ) (NNS=H )))))) (VP=H (VBP=H ) (ADJP (JJ=H ))) (. ))),46,62811,"0,0583584271"
(ROOT (S=H (NP (NP=H (NN=H )) (PP (IN=H ) (NP (NNP ) (NNS=H )))) (VP=H (VBP=H ) (ADJP (JJ=H ))) (. ))),46,62857,"0,0584011662"
(ROOT (S=H (NP (NP=H (NNP ) (NNPS ) (NNP=H )) (PP (IN=H ) (NP (NP=H (DT ) (NNP ) (NNP=H )) (PP (IN=H ) (NP (NNP=H )))))) (VP=H (VBP=H ) (ADJP (JJ=H ))) (. ))),46,62903,"0,0584439054"
"(ROOT (S=H (NP (NP=H (NNP ) (NNP=H )) (, ) (NP (NP=H (NNP ) (NNS=H )) (VP (VBG=H ) (NP (JJ ) (NNS=H ))))) (VP=H (VBP=H ) (ADJP (JJ=H ))) (. )))",46,62949,"0,0584866445"
(ROOT (S=H (NP (NP (NNP ) (NN ) (NNS ) (POS=H )) (NN ) (NN ) (NNS=H )) (VP=H (VBP=H ) (ADJP (JJ=H ))) (. ))),46,62995,"0,0585293836"
(ROOT (S=H (NP (CD ) (NNP ) (NNP ) (NNP ) (NN=H )) (VP=H (VBZ=H ) (SBAR (S=H (NP (NNS=H )) (VP=H (VBP=H ) (ADJP (JJ=H )))))) (. ))),46,63041,"0,0585721228"
(ROOT (S=H (NP (CD ) (NNP ) (NNP ) (NNPS ) (NNS=H )) (VP=H (VBP=H ) (ADJP (JJ=H ))) (. ))),45,63086,"0,0586139328"
(ROOT (S=H (NP (NP=H (NNP=H )) (CC ) (NP (NNP ) (NN ) (NNS=H ))) (VP=H (VBP=H ) (ADJP (JJ=H ))) (. ))),45,63131,"0,0586557428"
(ROOT (S=H (NP (NNP ) (NN ) (NNS ) (NNS=H )) (VP=H (VBP=H ) (ADJP (JJ=H ))) (. ))),45,63176,"0,0586975528"
(ROOT (S=H (NP (NP (NNP ) (NNS ) (POS=H )) (NNS=H )) (VP=H (VBP=H ) (ADJP (JJ=H ))) (. ))),45,63221,"0,0587393628"
(ROOT (S=H (NP (NP=H (NNP ) (NNP ) (NNPS ) (NNP=H )) (PP (IN=H ) (NP (NN=H )))) (VP=H (VBP=H ) (ADJP (JJ=H ))) (. ))),45,63266,"0,0587811729"
(ROOT (S=H (NP (NP (NNP ) (NNP ) (NNPS=H )) (PRN (-LRB- ) (NP=H (NNP=H )) (-RRB- )) (NNS=H )) (VP=H (VBP=H ) (ADJP (JJ=H ))) (. ))),45,63311,"0,0588229829"
(ROOT (S=H (NP (JJ ) (JJ ) (JJ ) (NNS ) (NNS=H )) (VP=H (VBP=H ) (ADJP (JJ=H ))) (. ))),45,63356,"0,0588647929"
(ROOT (NP=H (NP=H (CD=H )) (: ) (NP (NP=H (CD=H )) (SBAR (S=H (NP (NP (NNP ) (NNS ) (POS=H )) (NN ) (NN=H )) (VP=H (VBP=H ) (ADJP (JJ=H )))))) (. ))),45,63401,"0,0589066029"
(ROOT (NP=H (NP=H (CD=H )) (: ) (NP (NP=H (CD ) (NNS=H )) (SBAR (S=H (NP (NP (NNP ) (NNS ) (POS=H )) (NN ) (NN=H )) (VP=H (VBP=H ) (ADJP (JJ=H )))))) (. ))),45,63446,"0,0589484129"
"(ROOT (S=H (NP (NAC (NNP=H ) (, ) (NNP )) (NNP=H )) (VP=H (VBP=H ) (ADJP (JJ=H ))) (. )))",44,63490,"0,0589892938"
(ROOT (S=H (NP (ADJP (NNP=H ) (NNP )) (NN=H )) (VP=H (VBP=H ) (ADJP (JJ=H ))) (. ))),44,63534,"0,0590301748"
(ROOT (NP=H (NP=H (CD=H )) (: ) (S (NP (CD ) (NNP ) (NNP ) (JJ ) (NN ) (NN=H )) (VP=H (VBP=H ) (ADJP (JJ=H )))) (. ))),44,63578,"0,0590710557"
(ROOT (S=H (NP (NP=H (NNP=H )) (PP (IN=H ) (NP (NP=H (NNP ) (NNS=H )) (PP (IN=H ) (NP (NNP=H )))))) (VP=H (VBP=H ) (ADJP (JJ=H ))) (. ))),44,63622,"0,0591119366"
(ROOT (S=H (NP (NP (JJ ) (NNS ) (POS=H )) (NNS ) (NNS=H )) (VP=H (VBP=H ) (ADJP (JJ=H ))) (. ))),43,63665,"0,0591518884"
(ROOT (S=H (NP (NP=H (JJ ) (NN=H )) (VP (VBG=H ) (NP (NN ) (NNS=H )))) (VP=H (VBP=H ) (ADJP (JJ=H ))) (. ))),43,63708,"0,0591918402"
(ROOT (S=H (NP (NP=H (JJ ) (NNS ) (NNS=H )) (PP (VBN=H ) (PP (IN=H ) (NP (NNP=H ))))) (VP=H (VBP=H ) (ADJP (JJ=H ))) (. ))),43,63751,"0,059231792"
(ROOT (S=H (NP (NNP ) (NN ) (CC ) (NN ) (NN ) (NNS=H )) (VP=H (VBP=H ) (ADJP (JJ=H ))) (. ))),43,63794,"0,0592717438"
(ROOT (S=H (NP (NP=H (NNP ) (NNP=H )) (PP (IN=H ) (NP (NP=H (NNP ) (NNPS=H )) (PP (IN=H ) (NP (NNP=H )))))) (VP=H (VBP=H ) (ADJP (JJ=H ))) (. ))),43,63837,"0,0593116956"
(ROOT (S=H (NP (NP=H (JJ ) (NNS ) (NN=H )) (PP (IN=H ) (NP (NNP=H )))) (VP=H (VBP=H ) (ADJP (JJ=H ))) (. ))),42,63879,"0,0593507182"
"(ROOT (S=H (NP (NAC (NNP=H ) (NNP ) (, ) (NNP )) (NNP=H )) (VP=H (VBP=H ) (ADJP (JJ=H ))) (. )))",42,63921,"0,0593897409"
(ROOT (S=H (NP (NP=H (NNP=H )) (PP (IN=H ) (NP (NNP ) (NN ) (NN ) (NNS=H )))) (VP=H (VBP=H ) (ADJP (JJ=H ))) (. ))),42,63963,"0,0594287636"
(ROOT (S=H (NP (NN ) (NN ) (CC ) (NN ) (NNS=H )) (VP=H (VBP=H ) (ADJP (JJ=H ))) (. ))),42,64005,"0,0594677863"
(ROOT (S=H (NP (NP=H (JJ ) (NN=H )) (PP (IN=H ) (NP (DT ) (CD ) (NNPS ) (NNPS=H )))) (VP=H (VBP=H ) (ADJP (JJ=H ))) (. ))),42,64047,"0,059506809"
(ROOT (S=H (NP (JJ ) (NNP ) (NNPS ) (NNP ) (NNP ) (NNS=H )) (VP=H (VBP=H ) (ADJP (JJ=H ))) (. ))),42,64089,"0,0595458317"
(ROOT (S=H (NP (NP=H (NNP=H )) (PP (IN=H ) (NP (NP=H (NNP ) (NNP=H )) (PP (IN=H ) (NP (NN ) (NNS=H )))))) (VP=H (VBP=H ) (ADJP (JJ=H ))) (. ))),42,64131,"0,0595848544"
"(ROOT (S=H (NP (NP=H (JJ ) (NN ) (NN=H )) (, ) (NP (NP=H (CD ) (NNS=H )) (NP (NNS=H )))) (VP=H (VBP=H ) (ADJP (JJ=H ))) (. )))",42,64173,"0,0596238771"
(ROOT (S=H (NP (NP (JJ ) (NN=H )) (PRN (-LRB- ) (NP=H (NP=H (NNS=H )) (CC ) (NP (NN=H ))) (-RRB- )) (NNS=H )) (VP=H (VBP=H ) (ADJP (JJ=H ))) (. ))),41,64214,"0,0596619706"
(ROOT (S=H (NP (NP=H (NNP ) (NNP ) (NNP=H )) (PP (IN=H ) (NP (DT ) (NNP ) (NNS=H )))) (VP=H (VBP=H ) (ADJP (JJ=H ))) (. ))),41,64255,"0,0597000642"
(ROOT (S=H (NP (NN ) (NNS ) (NNS=H )) (VP=H (VBP=H ) (ADJP (JJ=H ))) (. ))),41,64296,"0,0597381578"
(ROOT (S=H (NP (JJ ) (NN ) (CC ) (NN ) (NN ) (NNS=H )) (VP=H (VBP=H ) (ADJP (JJ=H ))) (. ))),41,64337,"0,0597762514"
(ROOT (S=H (NP (NNP ) (NNP ) (NNPS ) (NNP ) (NNP ) (NNS=H )) (VP=H (VBP=H ) (ADJP (JJ=H ))) (. ))),41,64378,"0,0598143449"
(ROOT (S=H (NP (NP=H (NNP ) (NNP ) (NNP=H )) (PP (IN=H ) (NP (NNP ) (NNPS=H )))) (VP=H (VBP=H ) (ADJP (JJ=H ))) (. ))),41,64419,"0,0598524385"
(ROOT (S=H (NP (NP (NN=H )) (PRN (-LRB- ) (NP=H (NN=H )) (-RRB- )) (NNS=H )) (VP=H (VBP=H ) (ADJP (JJ=H ))) (. ))),41,64460,"0,0598905321"
(ROOT (S=H (NP (NP=H (NNP ) (NNPS ) (NNP=H )) (PP (IN=H ) (NP (NNP ) (NNS=H )))) (VP=H (VBP=H ) (ADJP (JJ=H ))) (. ))),41,64501,"0,0599286256"
(ROOT (S=H (NP (NNP=H )) (VP=H (VBD=H ) (SBAR (S=H (NP (NP=H (NNS=H )) (PP (IN=H ) (NP (NN ) (NNS=H )))) (VP=H (VBP=H ) (ADJP (JJ=H )))))) (. ))),41,64542,"0,0599667192"
(ROOT (S=H (NP (NP=H (NNP ) (NNPS ) (JJ ) (NNS=H )) (PP (IN=H ) (NP (NN=H )))) (VP=H (VBP=H ) (ADJP (JJ=H ))) (. ))),41,64583,"0,0600048128"
(ROOT (S=H (NP (NP=H (JJ ) (NN ) (NN ) (CC ) (NN ) (NNS=H )) (PP (IN=H ) (NP (NNP=H )))) (VP=H (VBP=H ) (ADJP (JJ=H ))) (. ))),41,64624,"0,0600429064"
"(ROOT (S=H (NP (NP=H (NNP ) (NNP=H )) (, ) (NP (NNP ) (NNP ) (NN ) (NNS=H ))) (VP=H (VBP=H ) (ADJP (JJ=H ))) (. )))",41,64665,"0,0600809999"
(ROOT (S=H (NP (NP=H (NNP=H )) (CC ) (NP (NP=H (DT ) (NN=H )) (PP (IN=H ) (NP (NNPS=H ))))) (VP=H (VBP=H ) (ADJP (JJ=H ))) (. ))),41,64706,"0,0601190935"
(ROOT (S=H (NP (NP=H (CD ) (: ) (CD=H )) (PP (IN=H ) (NP (NNP ) (NN ) (NNS=H )))) (VP=H (VBP=H ) (ADJP (JJ=H ))) (. ))),41,64747,"0,0601571871"
(ROOT (S=H (NP (NP (JJ ) (NN=H )) (PRN (-LRB- ) (NP=H (NP=H (NNS=H )) (CC ) (NP (NNS=H ))) (-RRB- )) (NNS=H )) (VP=H (VBP=H ) (ADJP (JJ=H ))) (. ))),40,64787,"0,0601943516"
(ROOT (S=H (NP (NP=H (JJ ) (NNS ) (NNS=H )) (CC ) (NP (NNS=H ))) (VP=H (VBP=H ) (ADJP (JJ=H ))) (. ))),40,64827,"0,060231516"
(ROOT (S=H (NP (NP=H (NNP=H )) (CC ) (NP (DT ) (NNP ) (NNS=H ))) (VP=H (VBP=H ) (ADJP (JJ=H ))) (. ))),40,64867,"0,0602686805"
(ROOT (S=H (NP (NNP=H )) (VP=H (VBZ=H ) (SBAR (S=H (NP (NP=H (NNS=H )) (PP (IN=H ) (NP (NNP=H )))) (VP=H (VBP=H ) (ADJP (JJ=H )))))) (. ))),40,64907,"0,0603058449"
(ROOT (S=H (NP (NP=H (NNP ) (NNP ) (NNP ) (NNP=H )) (PP (IN=H ) (NP (NN ) (NNS=H )))) (VP=H (VBP=H ) (ADJP (JJ=H ))) (. ))),40,64947,"0,0603430094"
(ROOT (S=H (NP (NP (JJ ) (NNS ) (NNS ) (POS=H )) (NN=H )) (VP=H (VBP=H ) (ADJP (JJ=H ))) (. ))),40,64987,"0,0603801739"
"(ROOT (S=H (NP (NNP ) (NNP=H )) (, ) (NP (NNP ) (NNP ) (NNS=H )) (VP=H (VBP=H ) (ADJP (JJ=H ))) (. )))",40,65027,"0,0604173383"
(ROOT (S=H (NP (NP=H (NNP ) (NNPS ) (NNP=H )) (PP (IN=H ) (NP (NP=H (NNPS ) (NNS=H )) (PP (IN=H ) (NP (NNP=H )))))) (VP=H (VBP=H ) (ADJP (JJ=H ))) (. ))),40,65067,"0,0604545028"
(ROOT (S=H (NP (NP=H (NNP ) (NNP=H )) (PP (IN=H ) (NP (NP=H (NNP ) (NNS=H )) (PP (IN=H ) (NP (DT ) (JJ ) (JJ ) (JJ ) (NN=H )))))) (VP=H (VBP=H ) (ADJP (JJ=H ))) (. ))),40,65107,"0,0604916673"
(ROOT (S=H (NP (CD ) (NNP ) (NNP ) (NN ) (NN=H )) (VP=H (VBZ=H ) (SBAR (S=H (NP (NNS=H )) (VP=H (VBP=H ) (ADJP (JJ=H )))))) (. ))),40,65147,"0,0605288317"
(ROOT (S=H (NP (NP=H (CD=H )) (PP (IN=H ) (NP (NP (NNS ) (POS=H )) (NN=H )))) (VP=H (VBP=H ) (ADJP (JJ=H ))) (. ))),40,65187,"0,0605659962"
(ROOT (S=H (NP (JJ ) (NN ) (NN ) (NNS ) (NNS=H )) (VP=H (VBP=H ) (ADJP (JJ=H ))) (. ))),39,65226,"0,0606022315"
(ROOT (S=H (NP (NP=H (NNP=H )) (PP (IN=H ) (NP (DT ) (NNP ) (NNPS ) (NNP ) (NNP=H )))) (VP=H (VBP=H ) (ADJP (JJ=H ))) (. ))),39,65265,"0,0606384669"
(ROOT (S=H (NP (NNP=H )) (VP=H (VBD=H ) (NP (NP=H (NNS=H )) (SBAR (S=H (NP (NNP ) (NN ) (NNS=H )) (VP=H (VBP=H ) (ADJP (JJ=H ))))))) (. ))),39,65304,"0,0606747022"
(ROOT (NP=H (NP=H (CD=H )) (: ) (S (NP (CD ) (NNP ) (NNPS ) (NNP=H )) (VP=H (VBP=H ) (ADJP (JJ=H )))) (. ))),39,65343,"0,0607109376"
(ROOT (S=H (NP (NP=H (NNP=H )) (PP (IN=H ) (NP (NP=H (JJ ) (NN=H )) (PP (IN=H ) (NP (NP=H (DT ) (NNP ) (NNP=H )) (PP (IN=H ) (NP (NP=H (NNP ) (NNPS=H )) (PP (IN=H ) (NP (NNP=H )))))))))) (VP=H (VBP=H ) (ADJP (JJ=H ))) (. ))),39,65382,"0,0607471729"
(ROOT (S=H (NP (NP=H (JJ ) (NNS ) (NNS=H )) (PP (IN=H ) (NP (DT ) (NNP ) (NNPS=H )))) (VP=H (VBP=H ) (ADJP (JJ=H ))) (. ))),38,65420,"0,0607824792"
(ROOT (S=H (NP (NP=H (NNP=H )) (PP (IN=H ) (NP (DT ) (NNP ) (NNP ) (NNP ) (NNPS=H )))) (VP=H (VBP=H ) (ADJP (JJ=H ))) (. ))),38,65458,"0,0608177854"
(ROOT (S=H (NP (NP=H (NNP ) (NNPS ) (NNPS=H )) (PP (IN=H ) (NP (NNP=H )))) (VP=H (VBP=H ) (ADJP (JJ=H ))) (. ))),38,65496,"0,0608530917"
(ROOT (S=H (NP (NP=H (NNP ) (NNPS ) (NNP ) (NNS=H )) (PP (IN=H ) (NP (NNP=H )))) (VP=H (VBP=H ) (ADJP (JJ=H ))) (. ))),38,65534,"0,0608883979"
(ROOT (S=H (NP (NP=H (NNP ) (NNPS ) (NNP ) (NNP ) (NNP ) (NNS=H )) (PP (IN=H ) (NP (NNP=H )))) (VP=H (VBP=H ) (ADJP (JJ=H ))) (. ))),38,65572,"0,0609237041"
(ROOT (S=H (NP (DT ) (NNPS ) (NNS=H )) (VP=H (VBP=H ) (ADJP (JJ=H ))) (. ))),37,65609,"0,0609580813"
(ROOT (S=H (NP (NP=H (JJ ) (NNS ) (NNS=H )) (PP (IN=H ) (NP (DT ) (NNP ) (NNP=H )))) (VP=H (VBP=H ) (ADJP (JJ=H ))) (. ))),37,65646,"0,0609924584"
(ROOT (S=H (NP (NP (NNP ) (NNP ) (NNP=H )) (PRN (-LRB- ) (NP=H (CD=H )) (-RRB- )) (NNS=H )) (VP=H (VBP=H ) (ADJP (JJ=H ))) (. ))),37,65683,"0,0610268355"
(ROOT (S=H (NP (NP=H (NNP=H )) (PP (IN=H ) (NP (DT ) (NNPS ) (NNPS=H )))) (VP=H (VBP=H ) (ADJP (JJ=H ))) (. ))),37,65720,"0,0610612127"
(ROOT (S=H (NP (NP=H (NNP ) (NNP=H )) (CC ) (NP (NN ) (NNS=H ))) (VP=H (VBP=H ) (ADJP (JJ=H ))) (. ))),37,65757,"0,0610955898"
"(ROOT (S=H (S (NP (NNP=H )) (VP=H (VBN=H ) (PP (IN=H ) (NP (NNP ) (NNP=H ))))) (, ) (NP (NNP=H )) (VP=H (VBP=H ) (ADJP (JJ=H ))) (. )))",37,65794,"0,0611299669"
(ROOT (S=H (NP (NP=H (NNP ) (NNP=H )) (PP (IN=H ) (NP (NP=H (NNP ) (NNPS=H )) (PP (IN=H ) (NP (NP=H (NNP=H )) (PP (IN=H ) (NP (NN=H )))))))) (VP=H (VBP=H ) (ADJP (JJ=H ))) (. ))),37,65831,"0,061164344"
(ROOT (S=H (NP (NP (NNP ) (NNP ) (POS=H )) (NNP ) (PRN (-LRB- ) (NP=H (NNP=H )) (-RRB- )) (NNP=H )) (VP=H (VBP=H ) (ADJP (JJ=H ))) (. ))),37,65868,"0,0611987212"
(ROOT (S=H (NP (NP=H (JJ ) (NNS ) (NNS=H )) (VP (VBG=H ) (NP (NN=H )) (PP (IN=H ) (NP (NNP ) (NNP=H ))))) (VP=H (VBP=H ) (ADJP (JJ=H ))) (. ))),37,65905,"0,0612330983"
(ROOT (S=H (NP (NP=H (NNP=H )) (PP (IN=H ) (NP (NP=H (NNP ) (NNS=H )) (PP (IN=H ) (NP (NP=H (DT ) (NN=H )) (PP (IN=H ) (NP (NNP=H )))))))) (VP=H (VBP=H ) (ADJP (JJ=H ))) (. ))),37,65942,"0,0612674754"
(ROOT (S=H (NP (NP (NNP ) (NN ) (NNS ) (POS=H )) (NNS=H )) (VP=H (VBP=H ) (ADJP (JJ=H ))) (. ))),36,65978,"0,0613009234"
(ROOT (S=H (NP (NNP ) (NNPS ) (NNP ) (NN=H )) (VP=H (VBP=H ) (ADJP (JJ=H ))) (. ))),36,66014,"0,0613343715"
(ROOT (S=H (NP (NP=H (CD=H )) (PP (IN=H ) (NP (DT ) (JJ ) (NNS=H )))) (VP=H (VBP=H ) (ADJP (JJ=H ))) (. ))),36,66050,"0,0613678195"
(ROOT (S=H (NP (NP=H (CD ) (NNP ) (NNP=H )) (PP (IN=H ) (NP (NNP ) (NNS=H )))) (VP=H (VBP=H ) (ADJP (JJ=H ))) (. ))),36,66086,"0,0614012675"
(ROOT (S=H (NP (NP=H (JJ ) (NN=H )) (VP (VBG=H ) (NP (NP=H (NNS=H )) (PP (IN=H ) (NP (NNP=H )))))) (VP=H (VBP=H ) (ADJP (JJ=H ))) (. ))),36,66122,"0,0614347155"
(ROOT (S=H (NP (NNP=H )) (VP=H (VBP=H ) (SBAR (S=H (NP (JJ ) (NNS=H )) (VP=H (VBP=H ) (ADJP (JJ=H )))))) (. ))),35,66157,"0,0614672344"
(ROOT (S=H (NP (NNP ) (NNP=H )) (VP=H (VBD=H ) (SBAR (S=H (NP (NN ) (NNS=H )) (VP=H (VBP=H ) (ADJP (JJ=H )))))) (. ))),35,66192,"0,0614997533"
(ROOT (S=H (NP (NP=H (NNP ) (NNP ) (NNP=H )) (PP (IN=H ) (NP (DT ) (NNPS=H )))) (VP=H (VBP=H ) (ADJP (JJ=H ))) (. ))),35,66227,"0,0615322722"
(ROOT (S=H (NP (NP=H (NN=H )) (PP (IN=H ) (NP (NNS=H )))) (VP=H (VBP=H ) (ADJP (JJ=H ))) (. ))),35,66262,"0,0615647911"
(ROOT (S=H (NP (NP=H (NN=H )) (VP (VBG=H ) (PP (IN=H ) (NP (DT ) (CD ) (NNPS ) (NNPS=H ))))) (VP=H (VBP=H ) (ADJP (JJ=H ))) (. ))),35,66297,"0,06159731"
(ROOT (S=H (NP (DT ) (NNP ) (NNP ) (NNPS ) (NNS=H )) (VP=H (VBP=H ) (ADJP (JJ=H ))) (. ))),35,66332,"0,0616298289"
(ROOT (S=H (NP (NAC (NNP=H ) (PP (IN=H ) (NP (NNP=H )) (: ))) (NNP ) (NNP=H )) (VP=H (VBP=H ) (ADJP (JJ=H ))) (. ))),35,66367,"0,0616623478"
"(ROOT (S=H (PP (IN=H ) (NP (NNP=H ) (CD ))) (, ) (NP (NNP=H )) (VP=H (VBP=H ) (ADJP (JJ=H ))) (. )))",35,66402,"0,0616948668"
"(ROOT (S=H (NP (NP=H (NNP ) (NNP=H )) (, ) (NP (NNP ) (NNP ) (NNP ) (NNP ) (NN ) (NNS=H ))) (VP=H (VBP=H ) (ADJP (JJ=H ))) (. )))",35,66437,"0,0617273857"
(ROOT (S=H (NP (CD ) (NNP ) (NNPS ) (NN ) (NN=H )) (VP=H (VBP=H ) (SBAR (S=H (NP (NNS=H )) (VP=H (VBP=H ) (ADJP (JJ=H )))))) (. ))),35,66472,"0,0617599046"
(ROOT (S=H (NP (NP=H (NNP=H )) (PP (IN=H ) (NP (NNP ) (NNP ) (NN ) (NNS=H )))) (VP=H (VBP=H ) (ADJP (JJ=H ))) (. ))),34,66506,"0,0617914944"
(ROOT (S=H (NP (NP (NNP ) (POS=H )) (NNS ) (NNS=H )) (VP=H (VBP=H ) (ADJP (JJ=H ))) (. ))),34,66540,"0,0618230841"
(ROOT (S=H (NP (NP=H (JJ ) (NN=H )) (PP (IN=H ) (NP (NP=H (DT ) (NNP ) (NNPS=H )) (PP (IN=H ) (NP (NN=H )))))) (VP=H (VBP=H ) (ADJP (JJ=H ))) (. ))),34,66574,"0,0618546739"
"(ROOT (S=H (S (NP (NNS=H )) (VP=H (VBD=H ) (PP (IN=H ) (NP (NNP ) (NNP=H ))))) (, ) (NP (NNP=H )) (VP=H (VBP=H ) (ADJP (JJ=H ))) (. )))",34,66608,"0,0618862637"
(ROOT (NP=H (NP=H (CD=H )) (: ) (NP (NP=H (CD ) (JJ ) (NN ) (NN ) (NNS=H )) (SBAR (S=H (NP (NNS=H )) (VP=H (VBP=H ) (ADJP (JJ=H )))))) (. ))),34,66642,"0,0619178535"
(ROOT (S=H (NP (NP=H (NNP ) (NNP=H )) (PP (IN=H ) (NP (NP=H (NNP ) (NNS=H )) (PP (IN=H ) (NP (DT ) (ADJP (NP (CD=H )) (JJ=H )) (JJ ) (NN=H )))))) (VP=H (VBP=H ) (ADJP (JJ=H ))) (. ))),34,66676,"0,0619494433"
(ROOT (S=H (NP (NP=H (JJ ) (NN=H )) (PP (IN=H ) (NP (JJ ) (NNS=H )))) (VP=H (VBP=H ) (ADJP (JJ=H ))) (. ))),33,66709,"0,061980104"
(ROOT (S=H (NP (JJ ) (NNP ) (NNP ) (NNPS ) (CC ) (NNPS ) (NNS=H )) (VP=H (VBP=H ) (ADJP (JJ=H ))) (. ))),33,66742,"0,0620107647"
(ROOT (S=H (NP (NNP=H )) (VP=H (VBZ=H ) (SBAR (S=H (NP (NNS=H )) (VP=H (VBP=H ) (ADJP (JJ=H )))))) (. ))),33,66775,"0,0620414254"
(ROOT (S=H (NP (NP (NNP ) (NNP ) (NNP ) (NNP=H )) (PRN (-LRB- ) (NP=H (NNP=H )) (-RRB- )) (NNS=H )) (VP=H (VBP=H ) (ADJP (JJ=H ))) (. ))),33,66808,"0,0620720861"
"(ROOT (S=H (S (NP (NNP=H )) (VP=H (VBD=H ) (NP (NNS=H )) (PP (IN=H ) (NP (NNP=H ))))) (, ) (NP (NNP=H )) (VP=H (VBP=H ) (ADJP (JJ=H ))) (. )))",33,66841,"0,0621027467"
(ROOT (S=H (NP (NNP=H )) (VP=H (VBD=H ) (SBAR (S=H (NP (NP=H (NNS=H )) (PP (IN=H ) (NP (JJ ) (NNS=H )))) (VP=H (VBP=H ) (ADJP (JJ=H )))))) (. ))),33,66874,"0,0621334074"
(ROOT (NP=H (NP=H (NNP ) (NNP=H )) (: ) (S (NP (NNP ) (NNPS ) (NNS=H )) (VP=H (VBP=H ) (ADJP (JJ=H )))) (. ))),33,66907,"0,0621640681"
(ROOT (S=H (NP (NP=H (CD=H )) (PP (IN=H ) (NP (NNP ) (NNP ) (CC ) (DT ) (NNPS=H )))) (VP=H (VBP=H ) (ADJP (JJ=H ))) (. ))),33,66940,"0,0621947288"
(ROOT (S=H (NP (NNP=H )) (VP=H (VBD=H ) (NP (NP=H (NNS=H )) (SBAR (S=H (NP (NP=H (CD ) (NNP ) (NN ) (NN=H )) (ADJP (JJ ) (JJ=H ))) (VP=H (VBP=H ) (ADJP (JJ=H ))))))) (. ))),33,66973,"0,0622253895"
(ROOT (S=H (NP (NP=H (CD=H )) (PP (IN=H ) (NP (DT ) (NNP ) (NNPS ) (NNP ) (NNP=H )))) (VP=H (VBP=H ) (ADJP (JJ=H ))) (. ))),33,67006,"0,0622560501"
(ROOT (S=H (S=H (NP (NNP ) (NN=H )) (VP=H (VBZ=H ) (NP (JJ ) (NNS=H )) (PP (IN=H ) (NP (NNS=H ))))) (: ) (S (NP (NNP=H )) (VP=H (VBP=H ) (ADJP (JJ=H )))) (. ))),33,67039,"0,0622867108"
(ROOT (S=H (NP (NP=H (NNP=H )) (CC ) (NP (JJ ) (NNS=H ))) (VP=H (VBP=H ) (ADJP (JJ=H ))) (. ))),32,67071,"0,0623164424"
(ROOT (S=H (NP (NNP ) (NNP ) (NNS ) (NN=H )) (VP=H (VBP=H ) (ADJP (JJ=H ))) (. ))),32,67103,"0,062346174"
(ROOT (S=H (NP (NP=H (NN=H )) (PP (IN=H ) (NP (JJ ) (NNS=H )))) (VP=H (VBP=H ) (ADJP (JJ=H ))) (. ))),32,67135,"0,0623759055"
"(ROOT (S=H (NP (NP (NNP ) (NNP ) (NNP=H )) (PRN (-LRB- ) (NP=H (NNP=H )) (, ) (NP (NNP=H )) (-RRB- )) (NNS=H )) (VP=H (VBP=H ) (ADJP (JJ=H ))) (. )))",32,67167,"0,0624056371"
(ROOT (S=H (NP (NP=H (JJ ) (NN=H )) (VP (VBG=H ) (NP (NNS=H )))) (VP=H (VBP=H ) (ADJP (JJ=H ))) (. ))),32,67199,"0,0624353687"
(ROOT (S=H (NP (NNP ) (NNP=H )) (VP=H (VBP=H ) (SBAR (S=H (NP (NNP ) (NNS=H )) (VP=H (VBP=H ) (ADJP (JJ=H )))))) (. ))),32,67231,"0,0624651002"
(ROOT (S=H (NP (ADJP (NNP=H ) (NNP )) (JJ ) (NNS=H )) (VP=H (VBP=H ) (ADJP (JJ=H ))) (. ))),32,67263,"0,0624948318"
(ROOT (S=H (NP (NNP ) (NNP ) (CC ) (NNP ) (NNP ) (NNP ) (NNS=H )) (VP=H (VBP=H ) (ADJP (JJ=H ))) (. ))),32,67295,"0,0625245634"
(ROOT (S=H (NP (NP (NNP ) (NNP ) (NNP=H )) (PRN (-LRB- ) (NP=H (NN=H )) (-RRB- )) (NNS=H )) (VP=H (VBP=H ) (ADJP (JJ=H ))) (. ))),32,67327,"0,062554295"
(ROOT (S=H (NP (NP=H (JJ ) (NN=H )) (PP (IN=H ) (NP (DT ) (NNP ) (NNP ) (NNPS=H )))) (VP=H (VBP=H ) (ADJP (JJ=H ))) (. ))),32,67359,"0,0625840265"
"(ROOT (S=H (S (VP=H (VBG=H ) (PP (IN=H ) (NP (NNP ) (NNP=H ))))) (, ) (NP (NNP=H )) (VP=H (VBP=H ) (ADJP (JJ=H ))) (. )))",32,67391,"0,0626137581"
(ROOT (S=H (NP (DT ) (NNS ) (NNS=H )) (VP=H (VBP=H ) (ADJP (JJ=H ))) (. ))),32,67423,"0,0626434897"
(ROOT (S=H (NP (NNP=H )) (VP=H (VBD=H ) (NP (NP=H (NNS=H )) (SBAR (S=H (NP (NNP ) (NNP=H )) (VP=H (VBP=H ) (ADJP (JJ=H ))))))) (. ))),32,67455,"0,0626732212"
(ROOT (S=H (NP (NP (NNP ) (NNP=H )) (PRN (-LRB- ) (NP=H (NP=H (NNS=H )) (CC ) (NP (NN=H ))) (-RRB- )) (NNS=H )) (VP=H (VBP=H ) (ADJP (JJ=H ))) (. ))),32,67487,"0,0627029528"
(ROOT (S=H (NP (NP=H (JJ ) (NN ) (NN=H )) (PP (IN=H ) (NP (DT ) (NNP ) (NNPS=H )))) (VP=H (VBP=H ) (ADJP (JJ=H ))) (. ))),31,67518,"0,0627317553"
(ROOT (S=H (NP (NNP ) (NNP ) (NNP ) (NNP ) (NNPS ) (NNS=H )) (VP=H (VBP=H ) (ADJP (JJ=H ))) (. ))),31,67549,"0,0627605577"
(ROOT (S=H (NP (NNP ) (NNPS ) (CC ) (NNS ) (NNS=H )) (VP=H (VBP=H ) (ADJP (JJ=H ))) (. ))),31,67580,"0,0627893602"
"(ROOT (S=H (NP (NP=H (NNP ) (NNP=H )) (PP (IN=H ) (NP (NP=H (NNP ) (NNPS ) (NNP=H )) (PP (IN=H ) (NP (NP=H (NNP ) (NNP=H )) (, ) (NP (NNP ) (NNP=H ))))))) (VP=H (VBP=H ) (ADJP (JJ=H ))) (. )))",31,67611,"0,0628181626"
"(ROOT (S=H (NP (NP=H (NNP ) (NNP ) (JJ ) (NN=H )) (, ) (NP (NP=H (CD ) (NNS=H )) (PP (IN=H ) (NP (NN=H ))))) (VP=H (VBP=H ) (ADJP (JJ=H ))) (. )))",31,67642,"0,0628469651"
(ROOT (S=H (NP (JJ ) (PRN (-LRB- ) (NP=H (NNP=H )) (-RRB- )) (JJ ) (NNS=H )) (VP=H (VBP=H ) (ADJP (JJ=H ))) (. ))),30,67672,"0,0628748385"
(ROOT (S=H (NP (NP (NNP ) (NNP=H )) (PRN (-LRB- ) (NNP ) (NN=H ) (-RRB- )) (NNS=H )) (VP=H (VBP=H ) (ADJP (JJ=H ))) (. ))),30,67702,"0,0629027118"
(ROOT (S=H (NP (NNP ) (NNP=H )) (PRN (-LRB- ) (NP=H (NNP=H )) (-RRB- )) (NP (NN ) (NNS=H )) (VP=H (VBP=H ) (ADJP (JJ=H ))) (. ))),30,67732,"0,0629305851"
(ROOT (S=H (NP (NP=H (NNP ) (NNP=H )) (CC ) (NP (NNS=H ))) (VP=H (VBP=H ) (ADJP (JJ=H ))) (. ))),30,67762,"0,0629584585"
(ROOT (S=H (NP (NP=H (NNP=H )) (PP (IN=H ) (NP (NP=H (NNS=H )) (PP (IN=H ) (NP (NNP=H )))))) (VP=H (VBP=H ) (ADJP (JJ=H ))) (. ))),30,67792,"0,0629863318"
(ROOT (S=H (NP (NP=H (NNP ) (NNP=H )) (VP (VBG=H ) (NP (NNS=H )))) (VP=H (VBP=H ) (ADJP (JJ=H ))) (. ))),30,67822,"0,0630142052"
(ROOT (S=H (NP (NNP ) (NNP ) (NNP ) (NNPS ) (NNP=H )) (VP=H (VBP=H ) (ADJP (JJ=H ))) (. ))),30,67852,"0,0630420785"
(ROOT (S=H (NP (NP=H (NNP ) (NNP=H )) (PP (IN=H ) (NP (NP=H (NNP=H )) (PP (IN=H ) (NP (NNP ) (NNS=H )))))) (VP=H (VBP=H ) (ADJP (JJ=H ))) (. ))),30,67882,"0,0630699519"
(ROOT (S=H (NP (NP (NNP ) (NNP ) (NNP ) (NNP=H )) (PRN (-LRB- ) (NP=H (NP=H (CD=H )) (: ) (NP (CD=H ))) (-RRB- )) (NNS=H )) (VP=H (VBP=H ) (ADJP (JJ=H ))) (. ))),30,67912,"0,0630978252"
(ROOT (S=H (NP (NP=H (NNP ) (NNP ) (CC ) (NNP ) (NNS=H )) (PP (IN=H ) (NP (NNP=H )))) (VP=H (VBP=H ) (ADJP (JJ=H ))) (. ))),30,67942,"0,0631256986"
(ROOT (S=H (NP (NNP ) (NNP ) (NNP ) (NNP ) (NNP=H )) (VP=H (VBZ=H ) (SBAR (S=H (NP (NNS=H )) (VP=H (VBP=H ) (ADJP (JJ=H )))))) (. ))),30,67972,"0,0631535719"
(ROOT (NP=H (NP=H (NNP ) (NNP=H )) (: ) (S (NP (NNP ) (NN=H )) (VP=H (VBP=H ) (ADJP (JJ=H )))) (. ))),30,68002,"0,0631814453"
(ROOT (S=H (NP (NP=H (CD=H )) (PP (IN=H ) (NP (NP=H (DT ) (NNP ) (NNPS=H )) (PP (IN=H ) (NP (NNP=H )))))) (VP=H (VBP=H ) (ADJP (JJ=H ))) (. ))),30,68032,"0,0632093186"
(ROOT (S=H (NP (NP=H (CD ) (NNP ) (NNP=H )) (PP (IN=H ) (NP (NNPS=H )))) (VP=H (VBP=H ) (ADJP (JJ=H ))) (. ))),30,68062,"0,063237192"
(ROOT (S=H (NP (NP (DT ) (NNPS=H )) (PRN (-LRB- ) (NP=H (NN=H ) (CD )) (-RRB- )) (NNS=H )) (VP=H (VBP=H ) (ADJP (JJ=H ))) (. ))),30,68092,"0,0632650653"
(ROOT (S=H (NP (NP=H (NNP ) (NNP=H )) (PP (IN=H ) (NP (DT ) (NNP ) (NNP ) (NNPS ) (NNS=H )))) (VP=H (VBP=H ) (ADJP (JJ=H ))) (. ))),30,68122,"0,0632929387"
(ROOT (S=H (NP (NP (NNP ) (NNP=H )) (PRN (-LRB- ) (NP=H (JJ ) (NNS=H )) (-RRB- )) (NNS=H )) (VP=H (VBP=H ) (ADJP (JJ=H ))) (. ))),30,68152,"0,063320812"
"(ROOT (S=H (NP (NP=H (JJ ) (JJ ) (NN=H )) (, ) (NP (NP=H (CD ) (NNS=H )) (PP (IN=H ) (NP (NN=H ))))) (VP=H (VBP=H ) (ADJP (JJ=H ))) (. )))",30,68182,"0,0633486854"
(ROOT (S=H (NP (NP=H (NP (NNS ) (POS=H )) (NNP=H )) (PP (IN=H ) (NP (NP=H (NNP ) (NNS=H )) (PP (IN=H ) (NP (NNP=H )))))) (VP=H (VBP=H ) (ADJP (JJ=H ))) (. ))),30,68212,"0,0633765587"
"(ROOT (S=H (S (ADVP (RB=H )) (NP=H (NNP=H ))) (, ) (NP (NNP ) (NNP=H )) (VP=H (VBP=H ) (ADJP (JJ=H ))) (. )))",29,68241,"0,0634035029"
"(ROOT (S=H (S (VP=H (VBG=H ) (NP (NNP=H )))) (, ) (NP (NNP=H )) (VP=H (VBP=H ) (ADJP (JJ=H ))) (. )))",29,68270,"0,0634304472"
(ROOT (S=H (NP (JJ ) (NNP ) (NNP ) (CC ) (NNP ) (NNP ) (NNS=H )) (VP=H (VBP=H ) (ADJP (JJ=H ))) (. ))),29,68299,"0,0634573914"
(ROOT (S=H (NP (NP=H (NN=H )) (PP (IN=H ) (NP (DT ) (NNP ) (NNP ) (NNPS=H )))) (VP=H (VBP=H ) (ADJP (JJ=H ))) (. ))),29,68328,"0,0634843356"
(ROOT (S=H (NP (NP=H (NNP ) (NN=H )) (PP (IN=H ) (NP (DT ) (NNPS=H )))) (VP=H (VBP=H ) (ADJP (JJ=H ))) (. ))),29,68357,"0,0635112799"
(ROOT (S=H (NP (NP=H (NNP ) (NNP ) (NNP=H )) (PP (IN=H ) (NP (JJ ) (NNS=H )))) (VP=H (VBP=H ) (ADJP (JJ=H ))) (. ))),29,68386,"0,0635382241"
(ROOT (S=H (NP (NNP ) (NNP ) (NNP ) (NNP=H )) (VP=H (VBZ=H ) (SBAR (S=H (NP (NNS=H )) (VP=H (VBP=H ) (ADJP (JJ=H )))))) (. ))),29,68415,"0,0635651684"
"(ROOT (S=H (S (VP=H (VBG=H ) (PP (IN=H ) (NP (NNP=H ))))) (, ) (NP (NNP ) (NNP=H )) (VP=H (VBP=H ) (ADJP (JJ=H ))) (. )))",29,68444,"0,0635921126"
"(ROOT (S=H (S (NP (NNP=H )) (VP=H (VBZ=H ) (PP (IN=H ) (NP (NNP=H ))))) (, ) (NP (NNP=H )) (VP=H (VBP=H ) (ADJP (JJ=H ))) (. )))",29,68473,"0,0636190568"
(ROOT (S=H (NP (NP (NNP ) (NNP ) (NNP ) (NNS ) (POS=H )) (NN=H )) (VP=H (VBZ=H ) (SBAR (S=H (NP (NNS=H )) (VP=H (VBP=H ) (ADJP (JJ=H )))))) (. ))),29,68502,"0,0636460011"
(ROOT (S=H (NP (JJ ) (ADJP (NNP=H ) (NNP )) (NN ) (NNS=H )) (VP=H (VBP=H ) (ADJP (JJ=H ))) (. ))),28,68530,"0,0636720162"
(ROOT (S=H (PP (IN=H ) (NP (NNP=H ))) (NP (NNS=H )) (VP=H (VBP=H ) (ADJP (JJ=H ))) (. ))),28,68558,"0,0636980313"
(ROOT (S=H (NP (NP (JJ ) (NNS ) (POS=H )) (NN ) (NN=H )) (VP=H (VBP=H ) (ADJP (JJ=H ))) (. ))),28,68586,"0,0637240464"
(ROOT (S=H (NP (NP=H (NNP=H )) (PP (IN=H ) (NP (NNP ) (NNP ) (CC ) (DT ) (NNPS=H )))) (VP=H (VBP=H ) (ADJP (JJ=H ))) (. ))),28,68614,"0,0637500616"
(ROOT (S=H (NP (NP=H (NNP ) (NNP=H )) (NP (JJ ) (JJ ) (NNS=H ))) (VP=H (VBP=H ) (ADJP (JJ=H ))) (. ))),28,68642,"0,0637760767"
(ROOT (FRAG=H (NP (NNP=H )) (: ) (S=H (NP (NNP=H )) (VP=H (VBP=H ) (ADJP (JJ=H )))) (. ))),28,68670,"0,0638020918"
"(ROOT (S=H (NP (NP=H (NNP ) (NNP=H )) (, ) (NP (NNP ) (NNP ) (NNP ) (NN ) (NNS=H ))) (VP=H (VBP=H ) (ADJP (JJ=H ))) (. )))",28,68698,"0,0638281069"
(ROOT (S=H (NP (NNP ) (NNP=H )) (VP=H (VBD=H ) (SBAR (S=H (NP (JJ ) (NNS=H )) (VP=H (VBP=H ) (ADJP (JJ=H )))))) (. ))),28,68726,"0,063854122"
(ROOT (S=H (NP (NNP ) (NNPS ) (CC ) (NNP ) (NNP=H )) (VP=H (VBP=H ) (ADJP (JJ=H ))) (. ))),28,68754,"0,0638801372"
(ROOT (S=H (NP (NP=H (NN=H )) (PP (IN=H ) (NP (NP=H (NNS=H )) (PP (IN=H ) (NP (NNP=H )))))) (VP=H (VBP=H ) (ADJP (JJ=H ))) (. ))),28,68782,"0,0639061523"
(ROOT (S=H (NP (NP=H (NNP ) (NNP=H )) (PP (IN=H ) (NP (NNP ) (JJ ) (NNS=H )))) (VP=H (VBP=H ) (ADJP (JJ=H ))) (. ))),28,68810,"0,0639321674"
(ROOT (S=H (NP (NP (NNP ) (NNP ) (NNPS ) (POS=H )) (NNP ) (NNS=H )) (VP=H (VBP=H ) (ADJP (JJ=H ))) (. ))),28,68838,"0,0639581825"
(ROOT (S=H (NP (NP=H (NNP=H )) (PP (IN=H ) (NP (JJ ) (NN ) (NNS=H )))) (VP=H (VBP=H ) (ADJP (JJ=H ))) (. ))),28,68866,"0,0639841977"
(ROOT (S=H (NP (NP=H (NNP=H )) (PP (IN=H ) (NP (NNP ) (CC ) (NNP ) (NNS=H )))) (VP=H (VBP=H ) (ADJP (JJ=H ))) (. ))),28,68894,"0,0640102128"
(ROOT (S=H (NP (NP=H (NNP ) (NNP=H )) (NP (JJ ) (JJ ) (NN ) (NN ) (NNS=H ))) (VP=H (VBP=H ) (ADJP (JJ=H ))) (. ))),28,68922,"0,0640362279"
"(ROOT (S=H (S (NP (NNP=H )) (VP=H (VBZ=H ) (VP (VBN=H ) (PP (IN=H ) (NP (NNP=H )))))) (, ) (NP (NNP=H )) (VP=H (VBP=H ) (ADJP (JJ=H ))) (. )))",28,68950,"0,064062243"
(ROOT (S=H (NP (NP=H (NNP ) (NNPS ) (JJ ) (NNS=H )) (PP (IN=H ) (NP (NNP ) (NNP=H )))) (VP=H (VBP=H ) (ADJP (JJ=H ))) (. ))),28,68978,"0,0640882582"
(ROOT (S=H (NP (NP (DT ) (NN=H )) (PRN (-LRB- ) (NP=H (NN=H )) (-RRB- )) (NNS=H )) (VP=H (VBP=H ) (ADJP (JJ=H ))) (. ))),28,69006,"0,0641142733"
(ROOT (S=H (NP (NP=H (NNP=H )) (VP (VBG=H ) (NP (NP=H (NNS=H )) (PP (IN=H ) (NP (NNP ) (NNP=H )))))) (VP=H (VBP=H ) (ADJP (JJ=H ))) (. ))),28,69034,"0,0641402884"
(ROOT (NP=H (NP=H (CD=H )) (: ) (S (NP (CD ) (JJ ) (NNP ) (NNP ) (NN ) (NN=H )) (VP=H (VBP=H ) (ADJP (JJ=H )))) (. ))),28,69062,"0,0641663035"
"(ROOT (S=H (S (NP=H (NP (NNP=H )) (PRN (-LRB- ) (NN=H ) (-RRB- )) (NNS=H ))) (, ) (NP (CD=H )) (VP=H (VBP=H ) (ADJP (JJ=H ))) (. )))",28,69090,"0,0641923187"
(ROOT (S=H (NP (NP=H (NNP ) (NNP=H )) (NP (JJ ) (NN ) (NN ) (NN ) (NNS=H ))) (VP=H (VBP=H ) (ADJP (JJ=H ))) (. ))),28,69118,"0,0642183338"
(ROOT (S=H (NP (NP=H (NNP=H )) (PP (IN=H ) (NP (NP=H (DT ) (NNP ) (NNPS=H )) (PP (IN=H ) (NP (NNP=H )))))) (VP=H (VBP=H ) (ADJP (JJ=H ))) (. ))),27,69145,"0,0642434198"
(ROOT (S=H (NP (NNP ) (NNP ) (NN ) (CC ) (NN ) (NN=H )) (VP=H (VBP=H ) (ADJP (JJ=H ))) (. ))),27,69172,"0,0642685058"
(ROOT (S=H (NP (NP (NNP ) (NNP ) (NNP ) (NNS ) (POS=H )) (NNS=H )) (VP=H (VBP=H ) (ADJP (JJ=H ))) (. ))),27,69199,"0,0642935918"
(ROOT (S=H (NP (NP (NNP=H )) (PRN (-LRB- ) (NP=H (NNP=H )) (-RRB- )) (NNS=H )) (VP=H (VBP=H ) (ADJP (JJ=H ))) (. ))),27,69226,"0,0643186778"
"(ROOT (S=H (S (NP=H (NP (NNP ) (NNP ) (POS=H )) (NNP=H ))) (, ) (NP (NNP=H )) (VP=H (VBP=H ) (ADJP (JJ=H ))) (. )))",27,69253,"0,0643437638"
(ROOT (S=H (NP (NNP=H )) (VP=H (VBD=H ) (SBAR (S=H (NP (NNP ) (NNP ) (NNS=H )) (VP=H (VBP=H ) (ADJP (JJ=H )))))) (. ))),27,69280,"0,0643688499"
"(ROOT (S=H (NP (NP=H (NNP ) (NNP=H )) (PP (IN=H ) (NP (NP=H (NNP ) (NNPS=H )) (PP (IN=H ) (NP (NP=H (NNP ) (NNP ) (NNP=H )) (, ) (NP (NNP=H ))))))) (VP=H (VBP=H ) (ADJP (JJ=H ))) (. )))",27,69307,"0,0643939359"
(ROOT (S=H (NP (NP (NNP ) (NNP=H )) (PRN (-LRB- ) (NP=H (JJ ) (NN ) (NN=H )) (-RRB- )) (NNS=H )) (VP=H (VBP=H ) (ADJP (JJ=H ))) (. ))),27,69334,"0,0644190219"
(ROOT (S=H (NP (JJ ) (NNP ) (NNPS ) (CC ) (NNS ) (NNS=H )) (VP=H (VBP=H ) (ADJP (JJ=H ))) (. ))),27,69361,"0,0644441079"
(ROOT (S=H (NP (NP (NNP ) (NNP ) (NNP ) (NNP ) (NNS ) (POS=H )) (NN ) (NN=H )) (VP=H (VBP=H ) (ADJP (JJ=H ))) (. ))),27,69388,"0,0644691939"
(ROOT (S=H (NP (NP (JJ ) (NNS ) (POS=H )) (NN=H )) (VP=H (VBP=H ) (ADJP (JJ=H ))) (. ))),26,69414,"0,0644933508"
(ROOT (S=H (NP (NP=H (NNP ) (NNP ) (NNP=H )) (VP (VBG=H ) (NP (NNS=H )))) (VP=H (VBP=H ) (ADJP (JJ=H ))) (. ))),26,69440,"0,0645175077"
"(ROOT (S=H (NP (NP=H (JJ ) (NN=H )) (, ) (NP (CD ) (NN ) (NNS=H ))) (VP=H (VBP=H ) (ADJP (JJ=H ))) (. )))",26,69466,"0,0645416646"
(ROOT (S=H (NP (NP=H (NNP=H )) (PP (IN=H ) (NP (NP=H (NNP ) (NNPS=H )) (PP (IN=H ) (NP (NNP=H )))))) (VP=H (VBP=H ) (ADJP (JJ=H ))) (. ))),26,69492,"0,0645658215"
(ROOT (S=H (NP (NP (DT ) (NNP=H )) (PRN (-LRB- ) (NP=H (NN=H )) (-RRB- )) (NNS=H )) (VP=H (VBP=H ) (ADJP (JJ=H ))) (. ))),26,69518,"0,0645899784"
(ROOT (S=H (NP (NP=H (JJ ) (JJ ) (NN=H )) (PP (IN=H ) (NP (DT ) (NNP ) (NNPS=H )))) (VP=H (VBP=H ) (ADJP (JJ=H ))) (. ))),26,69544,"0,0646141353"
(ROOT (S=H (NP (NNP ) (NNP=H )) (PRN (-LRB- ) (NP=H (NN=H )) (-RRB- )) (NP (NN ) (NNS=H )) (VP=H (VBP=H ) (ADJP (JJ=H ))) (. ))),26,69570,"0,0646382922"
(ROOT (S=H (NP (NNP=H )) (VP=H (VBD=H ) (NP (NP=H (NNS=H )) (SBAR (S=H (NP (CD ) (NNP ) (NN ) (NN=H )) (VP=H (VBP=H ) (ADJP (JJ=H ))))))) (. ))),26,69596,"0,0646624491"
(ROOT (S=H (NP (NNP=H )) (VP=H (VBP=H ) (SBAR (S=H (NP (JJ ) (NN ) (NNS=H )) (VP=H (VBP=H ) (ADJP (JJ=H )))))) (. ))),26,69622,"0,064686606"
(ROOT (S=H (NP (NP=H (NNP ) (NNPS ) (JJ ) (NNS=H )) (VP (VBN=H ) (PP (IN=H ) (NP (NNP ) (NNP=H ))))) (VP=H (VBP=H ) (ADJP (JJ=H ))) (. ))),26,69648,"0,0647107629"
(ROOT (S=H (NP (NP=H (NP (NNP ) (POS=H )) (JJ ) (NNS ) (NNS=H )) (PP (IN=H ) (NP (NNP=H )))) (VP=H (VBP=H ) (ADJP (JJ=H ))) (. ))),26,69674,"0,0647349198"
(ROOT (S=H (NP (NP (NNP=H )) (PRN (-LRB- ) (NP=H (NN=H ) (CD )) (-RRB- )) (NNS=H )) (VP=H (VBP=H ) (ADJP (JJ=H ))) (. ))),26,69700,"0,0647590767"
(ROOT (NP=H (NP=H (CD=H )) (: ) (S (NP (CD ) (JJ ) (NN ) (NN=H )) (VP=H (VBP=H ) (ADJP (JJ=H )))) (. ))),26,69726,"0,0647832336"
(ROOT (S=H (NP (NP=H (NNP=H )) (ADVP (RB=H ) (NP (NNS=H )) (PP (IN=H ) (NP-TMP (NNP=H ) (CD ))))) (VP=H (VBP=H ) (ADJP (JJ=H ))) (. ))),26,69752,"0,0648073905"
(ROOT (S=H (NP (NP=H (NNP ) (NNP ) (NNP=H )) (NP (JJ ) (NNS=H ) (CC ) (NNS ))) (VP=H (VBP=H ) (ADJP (JJ=H ))) (. ))),26,69778,"0,0648315474"
(ROOT (S=H (NP (NP (CD=H )) (PRN (-LRB- ) (NP=H (NN=H )) (-RRB- )) (NNS=H )) (VP=H (VBP=H ) (ADJP (JJ=H ))) (. ))),25,69803,"0,0648547752"
(ROOT (S=H (NP (NP=H (CD=H )) (PP (IN=H ) (NP (JJ ) (JJ ) (NNS=H )))) (VP=H (VBP=H ) (ADJP (JJ=H ))) (. ))),25,69828,"0,064878003"
(ROOT (S=H (NP (NP=H (CD=H )) (PP (IN=H ) (NP (NNP ) (NNPS=H )))) (VP=H (VBP=H ) (ADJP (JJ=H ))) (. ))),25,69853,"0,0649012308"
(ROOT (S=H (NP (NP (NNP ) (NNPS ) (NNP ) (POS=H )) (NNS=H )) (VP=H (VBP=H ) (ADJP (JJ=H ))) (. ))),25,69878,"0,0649244586"
(ROOT (S=H (NP (NP=H (NNP=H )) (PP (IN=H ) (NP (DT ) (NNPS ) (NNP ) (NN ) (NNS=H )))) (VP=H (VBP=H ) (ADJP (JJ=H ))) (. ))),25,69903,"0,0649476864"
(ROOT (S=H (NP (NP (NNP ) (NNPS=H )) (PRN (-LRB- ) (NP=H (NP=H (CD=H )) (: ) (NP (CD=H ))) (-RRB- )) (NNS=H )) (VP=H (VBP=H ) (ADJP (JJ=H ))) (. ))),25,69928,"0,0649709142"
(ROOT (S=H (NP (NP (NNP=H )) (PRN (-LRB- ) (NNP ) (NN=H ) (-RRB- )) (NNS=H )) (VP=H (VBP=H ) (ADJP (JJ=H ))) (. ))),25,69953,"0,064994142"
(ROOT (S=H (NP (ADJP (JJ ) (JJ ) (NN=H )) (JJ ) (NNS=H )) (VP=H (VBP=H ) (ADJP (JJ=H ))) (. ))),25,69978,"0,0650173697"
(ROOT (S=H (NP (NP=H (NNP ) (NNP=H )) (PP (IN=H ) (NP (NP=H (DT ) (NNP ) (NNS=H )) (PP (IN=H ) (NP (NNP=H )))))) (VP=H (VBP=H ) (ADJP (JJ=H ))) (. ))),25,70003,"0,0650405975"
(ROOT (S=H (NP (NP=H (JJ ) (NN=H )) (PP (IN=H ) (NP (NNP ) (NNPS=H )))) (VP=H (VBP=H ) (ADJP (JJ=H ))) (. ))),25,70028,"0,0650638253"
"(ROOT (S=H (NP (ADJP (JJ=H ) (NP-TMP (NNP=H ) (CD ) (, ) (CD ))) (NNS=H )) (VP=H (VBP=H ) (ADJP (JJ=H ))) (. )))",25,70053,"0,0650870531"
(ROOT (S=H (NP (NP=H (NNP ) (NNP=H )) (PP (IN=H ) (NP (NP=H (NNP ) (NNP=H )) (PP (IN=H ) (NP (NNP ) (NNP ) (NNS=H )))))) (VP=H (VBP=H ) (ADJP (JJ=H ))) (. ))),25,70078,"0,0651102809"
(ROOT (NP=H (NP=H (JJ=H )) (: ) (S (NP (JJ ) (NNS=H )) (VP=H (VBP=H ) (ADJP (JJ=H )))) (. ))),25,70103,"0,0651335087"
(ROOT (NP=H (NP=H (CD=H )) (: ) (NP (NP=H (CD ) (JJ ) (NN=H )) (SBAR (S=H (NP (NN ) (NN=H )) (VP=H (VBP=H ) (ADJP (JJ=H )))))) (. ))),25,70128,"0,0651567365"
(ROOT (S=H (NP (NP (NNP ) (NNP ) (NNP ) (NNP=H )) (PRN (-LRB- ) (NP=H (NNP ) (NNP=H )) (-RRB- )) (NNS=H )) (VP=H (VBP=H ) (ADJP (JJ=H ))) (. ))),25,70153,"0,0651799643"
(ROOT (NP=H (NP=H (CD=H )) (: ) (NP (NP=H (CD=H )) (SBAR (S=H (NP (NP (JJ ) (NNS ) (POS=H )) (NN ) (NN ) (NNS=H )) (VP=H (VBP=H ) (ADJP (JJ=H )))))) (. ))),25,70178,"0,0652031921"
(ROOT (S=H (NP (NP=H (NNP=H )) (CC ) (NP (JJ ) (NN ) (NNS=H ))) (VP=H (VBP=H ) (ADJP (JJ=H ))) (. ))),24,70202,"0,0652254907"
(ROOT (S=H (NP (NNP ) (NNP=H )) (VP=H (VBZ=H ) (SBAR (S=H (NP (NN ) (NNS=H )) (VP=H (VBP=H ) (ADJP (JJ=H )))))) (. ))),24,70226,"0,0652477894"
(ROOT (S=H (NP (NP (NNP ) (NNP ) (POS=H )) (NNS ) (NNS=H )) (VP=H (VBP=H ) (ADJP (JJ=H ))) (. ))),24,70250,"0,0652700881"
(ROOT (S=H (NP (NP=H (JJ ) (NN ) (CC ) (NN ) (NNS=H )) (PP (IN=H ) (NP (NNP=H )))) (VP=H (VBP=H ) (ADJP (JJ=H ))) (. ))),24,70274,"0,0652923868"
"(ROOT (S=H (S (NP (NNS=H )) (VP=H (VBD=H ) (PP (IN=H ) (NP (NNP=H ))))) (, ) (NP (NNP=H )) (VP=H (VBP=H ) (ADJP (JJ=H ))) (. )))",24,70298,"0,0653146854"
(ROOT (S=H (NP (NP=H (JJ ) (NNS ) (NNS=H )) (PP (IN=H ) (NP (DT ) (NNPS=H )))) (VP=H (VBP=H ) (ADJP (JJ=H ))) (. ))),24,70322,"0,0653369841"
(ROOT (S=H (NP (NP (NNP ) (NNS ) (POS=H )) (JJ ) (NNS=H )) (VP=H (VBP=H ) (ADJP (JJ=H ))) (. ))),24,70346,"0,0653592828"
(ROOT (S=H (NP-TMP (NNP=H ) (CD )) (NP (NN ) (NNS=H )) (VP=H (VBP=H ) (ADJP (JJ=H ))) (. ))),24,70370,"0,0653815815"
(ROOT (S=H (NP (NP=H (NP (NNS ) (POS=H )) (NNS=H )) (PP (IN=H ) (NP (NNP=H )))) (VP=H (VBP=H ) (ADJP (JJ=H ))) (. ))),24,70394,"0,0654038802"
(ROOT (S=H (NP (NP=H (NNP ) (JJ ) (NNS ) (NNS=H )) (PP (IN=H ) (NP (NNP=H )))) (VP=H (VBP=H ) (ADJP (JJ=H ))) (. ))),24,70418,"0,0654261788"
"(ROOT (S=H (S (NP=H (NP=H (NNS=H )) (PP (IN=H ) (NP (NP (NNP ) (NNP ) (POS=H )) (NN=H ))))) (, ) (NP (NNP=H )) (VP=H (VBP=H ) (ADJP (JJ=H ))) (. )))",24,70442,"0,0654484775"
(ROOT (S=H (NP (NP=H (NNP ) (NNPS ) (NNP=H )) (PP (IN=H ) (NP (NP=H (DT ) (NNP=H )) (PP (IN=H ) (NP (NNP=H )))))) (VP=H (VBP=H ) (ADJP (JJ=H ))) (. ))),24,70466,"0,0654707762"
(ROOT (NP=H (NP=H (NNP=H ) (CD )) (: ) (S (NP (CD=H )) (VP=H (VBP=H ) (ADJP (JJ=H )))) (. ))),24,70490,"0,0654930749"
(ROOT (S=H (NP (NP (NNP=H )) (PRN (-LRB- ) (NP=H (CD ) (NNS=H )) (-RRB- )) (NNS=H )) (VP=H (VBP=H ) (ADJP (JJ=H ))) (. ))),24,70514,"0,0655153735"
(ROOT (NP=H (NP=H (CD=H )) (: ) (S (NP (CD ) (NNP ) (NNP ) (NNP ) (NNP ) (NN=H )) (VP=H (VBP=H ) (ADJP (JJ=H )))) (. ))),24,70538,"0,0655376722"
(ROOT (S=H (NP (NP=H (NNP ) (PRN (-LRB- ) (NP=H (CD ) (NNS=H )) (-RRB- )) (NNP=H )) (PP (IN=H ) (NP (NNP ) (NNP=H )))) (VP=H (VBP=H ) (ADJP (JJ=H ))) (. ))),24,70562,"0,0655599709"
(ROOT (S=H (NP (NP=H (NP (NNS ) (POS=H )) (NNP ) (NNP ) (NNP=H )) (PP (IN=H ) (NP (NNP=H )))) (VP=H (VBP=H ) (ADJP (JJ=H ))) (. ))),24,70586,"0,0655822696"
(ROOT (NP=H (NP=H (CD=H )) (: ) (NP (NP=H (CD=H )) (SBAR (S=H (NP (NP (NNP ) (NNS ) (POS=H )) (NN ) (NNS ) (NN=H )) (VP=H (VBP=H ) (ADJP (JJ=H )))))) (. ))),24,70610,"0,0656045683"
(ROOT (S=H (NP-TMP (JJ ) (NN=H )) (NP (NNS ) (NN ) (NNS=H )) (VP=H (VBP=H ) (ADJP (JJ=H ))) (. ))),23,70633,"0,0656259378"
(ROOT (S=H (NP (NP=H (NNP ) (NNP=H )) (CC ) (NP (JJ ) (NN ) (NNS=H ))) (VP=H (VBP=H ) (ADJP (JJ=H ))) (. ))),23,70656,"0,0656473074"
(ROOT (S=H (NP (NP=H (JJ ) (NN ) (NN=H )) (CC ) (NP (NN ) (NNS=H ))) (VP=H (VBP=H ) (ADJP (JJ=H ))) (. ))),23,70679,"0,065668677"
(ROOT (S=H (NP (JJ ) (NNS ) (CC ) (JJ ) (JJ ) (NN ) (NNS=H )) (VP=H (VBP=H ) (ADJP (JJ=H ))) (. ))),23,70702,"0,0656900465"
(ROOT (S=H (NP (NNP ) (NNP ) (NNP ) (CC ) (NNP ) (NNS=H )) (VP=H (VBP=H ) (ADJP (JJ=H ))) (. ))),23,70725,"0,0657114161"
(ROOT (S=H (NP (VBG ) (NNS ) (NNS=H )) (VP=H (VBP=H ) (ADJP (JJ=H ))) (. ))),23,70748,"0,0657327857"
(ROOT (S=H (NP (NP=H (NNP ) (NNP=H )) (PP (IN=H ) (NP (NP=H (NNP ) (NNP ) (NNS=H )) (PP (VBG=H ) (NP (NNP=H )))))) (VP=H (VBP=H ) (ADJP (JJ=H ))) (. ))),23,70771,"0,0657541552"
(ROOT (S=H (NP (NNP=H ) (CD )) (VP=H (VBP=H ) (SBAR (S=H (NP (NNS=H )) (VP=H (VBP=H ) (ADJP (JJ=H )))))) (. ))),23,70794,"0,0657755248"
(ROOT (S=H (NP (NP=H (NNP ) (NNP=H )) (PP (IN=H ) (NP (NNP ) (NNP ) (NNP ) (NNS=H )))) (VP=H (VBP=H ) (ADJP (JJ=H ))) (. ))),23,70817,"0,0657968944"
(ROOT (S=H (NP (ADJP (NNP=H ) (NNP )) (NNP ) (NNS=H )) (VP=H (VBP=H ) (ADJP (JJ=H ))) (. ))),23,70840,"0,0658182639"
(ROOT (S=H (NP (NP=H (NNP ) (NNP=H )) (PP (IN=H ) (NP (JJS ) (NNP ) (NNS=H )))) (VP=H (VBP=H ) (ADJP (JJ=H ))) (. ))),23,70863,"0,0658396335"
(ROOT (S=H (NP (NP=H (NNP ) (NNP ) (NNP=H )) (PP (IN=H ) (NP (NNP ) (CC ) (NNP ) (NNS=H )))) (VP=H (VBP=H ) (ADJP (JJ=H ))) (. ))),23,70886,"0,0658610031"
(ROOT (NP=H (NP=H (NNS=H )) (: ) (S (NP (NNP ) (NNS=H )) (VP=H (VBP=H ) (ADJP (JJ=H )))) (. ))),23,70909,"0,0658823726"
(ROOT (NP=H (NP=H (NNP=H )) (: ) (S (NP (NNP ) (NNP ) (NNPS ) (NNS=H )) (VP=H (VBP=H ) (ADJP (JJ=H )))) (. ))),23,70932,"0,0659037422"
(ROOT (NP=H (NP=H (NNP ) (NNP ) (NNP=H )) (: ) (S (NP (NNP=H )) (VP=H (VBP=H ) (ADJP (JJ=H )))) (. ))),23,70955,"0,0659251117"
(ROOT (S=H (NP (NP (NNP ) (NNP ) (NNP ) (NNS ) (POS=H )) (JJ ) (NNS=H )) (VP=H (VBP=H ) (ADJP (JJ=H ))) (. ))),23,70978,"0,0659464813"
(ROOT (S=H (NP (CD ) (NNP ) (NNPS ) (NN=H )) (VP=H (VBD=H ) (SBAR (S=H (NP (NN ) (NN ) (NNS=H )) (VP=H (VBP=H ) (ADJP (JJ=H )))))) (. ))),23,71001,"0,0659678509"
(ROOT (S=H (NP (NP=H (NP (NNP ) (NNS ) (POS=H )) (NN ) (NNS=H )) (PP (IN=H ) (NP (DT ) (NNP ) (NNPS=H )))) (VP=H (VBP=H ) (ADJP (JJ=H ))) (. ))),23,71024,"0,0659892204"
(ROOT (S=H (NP (NP (NNP ) (NNP=H )) (PRN (-LRB- ) (NP=H (CD ) (NNS=H )) (-RRB- )) (NNS=H )) (VP=H (VBP=H ) (ADJP (JJ=H ))) (. ))),23,71047,"0,06601059"
(ROOT (S=H (NP (NP=H (JJ ) (NN=H )) (PP (IN=H ) (NP (DT ) (NNP ) (NNPS ) (CC ) (NNP ) (NNP=H )))) (VP=H (VBP=H ) (ADJP (JJ=H ))) (. ))),23,71070,"0,0660319596"
(ROOT (S=H (NP (NP (NNP ) (NNP ) (NNP ) (POS=H )) (NNP ) (NNP ) (NN=H )) (VP=H (VBP=H ) (SBAR (S=H (NP (NNS=H )) (VP=H (VBP=H ) (ADJP (JJ=H )))))) (. ))),23,71093,"0,0660533291"
(ROOT (S=H (NP (NP=H (NNP ) (NNP ) (NNP=H )) (PP (IN=H ) (NP (NNP ) (NN ) (NN ) (NNS=H )))) (VP=H (VBP=H ) (ADJP (JJ=H ))) (. ))),23,71116,"0,0660746987"
(ROOT (S=H (NP (CD ) (JJ ) (NN ) (NNS ) (NNS=H )) (VP=H (VBP=H ) (ADJP (JJ=H ))) (. ))),23,71139,"0,0660960683"
(ROOT (S=H (NP (NP=H (NNP ) (NN=H )) (PP (IN=H ) (NP (DT ) (CD ) (NNPS ) (NNPS=H )))) (VP=H (VBP=H ) (ADJP (JJ=H ))) (. ))),22,71161,"0,0661165087"
(ROOT (S=H (NP (NP (JJ ) (NN ) (NNS ) (POS=H )) (NN ) (NNS=H )) (VP=H (VBP=H ) (ADJP (JJ=H ))) (. ))),22,71183,"0,0661369492"
(ROOT (S=H (NP (NP=H (NNP ) (NNP=H )) (PP (IN=H ) (NP (NNPS=H )))) (VP=H (VBP=H ) (ADJP (JJ=H ))) (. ))),22,71205,"0,0661573896"
(ROOT (S=H (NP (NP=H (NNP=H )) (PP (IN=H ) (NP (DT ) (NNPS ) (CC ) (NNP ) (NNP=H )))) (VP=H (VBP=H ) (ADJP (JJ=H ))) (. ))),22,71227,"0,0661778301"
(ROOT (NP=H (NP=H (NNP ) (NNP=H )) (: ) (S (NP (DT ) (JJ ) (NNP ) (NNS=H )) (VP=H (VBP=H ) (ADJP (JJ=H )))) (. ))),22,71249,"0,0661982706"
(ROOT (S=H (NP (JJ ) (JJ ) (NN=H )) (VP=H (VBZ=H ) (SBAR (S=H (NP (NNS=H )) (VP=H (VBP=H ) (ADJP (JJ=H )))))) (. ))),22,71271,"0,066218711"
(ROOT (S=H (NP (NP (NNS=H )) (PRN (-LRB- ) (NP=H (JJ ) (NN=H )) (-RRB- )) (NNS=H )) (VP=H (VBP=H ) (ADJP (JJ=H ))) (. ))),22,71293,"0,0662391515"
"(ROOT (S=H (NP (NNP ) (NNP ) (NNP=H )) (, ) (NP (NNP ) (NNS=H )) (VP=H (VBP=H ) (ADJP (JJ=H ))) (. )))",22,71315,"0,0662595919"
(ROOT (S=H (NP (NP=H (NN=H )) (PP (IN=H ) (NP (NP=H (DT ) (NNP ) (NNPS=H )) (PP (IN=H ) (NP (NN=H )))))) (VP=H (VBP=H ) (ADJP (JJ=H ))) (. ))),22,71337,"0,0662800324"
(ROOT (S=H (NP (NP=H (NNP=H )) (PP (IN=H ) (NP (NN ) (NN ) (NNS=H )))) (VP=H (VBP=H ) (ADJP (JJ=H ))) (. ))),22,71359,"0,0663004728"
(ROOT (S=H (NP (NP=H (NNP=H )) (PP (IN=H ) (NP (DT ) (NNP ) (NNPS ) (NNP=H )))) (VP=H (VBP=H ) (ADJP (JJ=H ))) (. ))),22,71381,"0,0663209133"
(ROOT (S=H (NP (NP=H (NNP=H )) (PP (IN=H ) (NP (NP=H (NN=H )) (PP (IN=H ) (NP (DT ) (NNP ) (NNPS=H )))))) (VP=H (VBP=H ) (ADJP (JJ=H ))) (. ))),22,71403,"0,0663413537"
(ROOT (S=H (NP (NP=H (NNP ) (NNP=H )) (PP (IN=H ) (NP (DT ) (NNP ) (NNPS ) (NNP=H )))) (VP=H (VBP=H ) (ADJP (JJ=H ))) (. ))),22,71425,"0,0663617942"
"(ROOT (S=H (PP (ADVP (RB=H )) (IN=H ) (NP (NNP=H ))) (, ) (NP (NNP ) (NNP=H )) (VP=H (VBP=H ) (ADJP (JJ=H ))) (. )))",22,71447,"0,0663822346"
(ROOT (S=H (NP (NP=H (NN=H )) (PP (IN=H ) (NP (NN ) (NNS=H )))) (VP=H (VBP=H ) (ADJP (JJ=H ))) (. ))),22,71469,"0,0664026751"
(ROOT (S=H (NP (NP=H (NP (NNS ) (POS=H )) (NNP=H )) (PP (IN=H ) (NP (NNP ) (NNS=H )))) (VP=H (VBP=H ) (ADJP (JJ=H ))) (. ))),22,71491,"0,0664231156"
"(ROOT (S=H (NP (NAC (NNP=H ) (PP (IN=H ) (NP (NNP ) (, ) (NNP ) (NNP=H )))) (NNS=H )) (VP=H (VBP=H ) (ADJP (JJ=H ))) (. )))",22,71513,"0,066443556"
(ROOT (S=H (NP (NP (NNP ) (NNPS ) (NNP ) (POS=H )) (NN ) (NN ) (NNS=H )) (VP=H (VBP=H ) (ADJP (JJ=H ))) (. ))),22,71535,"0,0664639965"
(ROOT (S=H (NP (NP=H (DT ) (NNP=H )) (PP (IN=H ) (NP (NNP ) (NNS=H )))) (VP=H (VBP=H ) (ADJP (JJ=H ))) (. ))),22,71557,"0,0664844369"
"(ROOT (S=H (NP (NAC (NNP=H ) (PP (IN=H ) (NP (NNP ) (, ) (NNP=H )))) (NNS=H )) (VP=H (VBP=H ) (ADJP (JJ=H ))) (. )))",22,71579,"0,0665048774"
(ROOT (S=H (NP (NP (JJ ) (NNS ) (POS=H )) (NNP ) (NNS=H )) (VP=H (VBP=H ) (ADJP (JJ=H ))) (. ))),22,71601,"0,0665253178"
(ROOT (S=H (NP (NP=H (NNP ) (NNP ) (NN=H )) (PP (IN=H ) (NP (DT ) (NNP ) (NNPS=H )))) (VP=H (VBP=H ) (ADJP (JJ=H ))) (. ))),22,71623,"0,0665457583"
(ROOT (S=H (NP (NNP ) (NNP ) (JJ ) (NNS ) (NN=H )) (ADVP (RB=H )) (VP=H (VBP=H ) (ADJP (JJ=H ))) (. ))),22,71645,"0,0665661987"
(ROOT (S=H (NP (NP (NNP=H )) (PRN (-LRB- ) (NN=H ) (-RRB- )) (NNS=H )) (VP=H (VBP=H ) (ADJP (JJ=H ))) (. ))),22,71667,"0,0665866392"
(ROOT (S=H (NP (NP=H (JJ ) (NN ) (CC ) (NNP ) (NNP ) (NNS=H )) (PP (IN=H ) (NP (NNP=H )))) (VP=H (VBP=H ) (ADJP (JJ=H ))) (. ))),22,71689,"0,0666070796"
(ROOT (S=H (NP (NP (CD ) (NNP ) (NNP ) (NNP ) (NN=H )) (PRN (-LRB- ) (NP=H (NNP=H )) (-RRB- )) (NNS=H )) (VP=H (VBP=H ) (ADJP (JJ=H ))) (. ))),22,71711,"0,0666275201"
(ROOT (S=H (NP (NNP=H )) (VP=H (VBD=H ) (SBAR (S=H (NP (NP=H (JJ ) (NNP ) (NN ) (NNS=H )) (ADJP (JJ ) (JJ=H ))) (VP=H (VBP=H ) (ADJP (JJ=H )))))) (. ))),22,71733,"0,0666479606"
(ROOT (S=H (NP (NP=H (JJ ) (NN=H )) (PP (IN=H ) (NP (NP=H (NNP ) (NNS=H )) (PP (IN=H ) (NP (NNP=H )))))) (VP=H (VBP=H ) (ADJP (JJ=H ))) (. ))),22,71755,"0,066668401"
"(ROOT (S=H (S (VP=H (VB=H ) (PP (IN=H ) (NP (NNP=H ))))) (, ) (NP (NNP ) (NNP=H )) (VP=H (VBP=H ) (ADJP (JJ=H ))) (. )))",22,71777,"0,0666888415"
(ROOT (S=H (NP (NNP=H ) (CD )) (VP=H (VBD=H ) (SBAR (S=H (NP (NP=H (NN ) (NNS=H )) (PP (IN=H ) (NP (DT ) (NNP ) (NNPS=H )))) (VP=H (VBP=H ) (ADJP (JJ=H )))))) (. ))),22,71799,"0,0667092819"
(ROOT (NP=H (NP=H (NNP ) (NNP=H )) (: ) (S (NP (NNP ) (NN ) (NNS=H )) (VP=H (VBP=H ) (ADJP (JJ=H )))) (. ))),22,71821,"0,0667297224"
(ROOT (S=H (NP (NP=H (NNP=H )) (PP (VBG=H ) (NP (NP=H (NNS=H )) (PP (IN=H ) (ADVP (NP (CD ) (NNS=H )) (RB=H )))))) (VP=H (VBP=H ) (ADJP (JJ=H ))) (. ))),22,71843,"0,0667501628"
(ROOT (S=H (NP (NP (JJ ) (NN=H )) (PRN (-LRB- ) (NP=H (NNS=H )) (-RRB- )) (NNS=H )) (VP=H (VBP=H ) (ADJP (JJ=H ))) (. ))),21,71864,"0,0667696742"
(ROOT (S=H (NP (NP (JJ ) (NN=H )) (PRN (-LRB- ) (NP=H (JJ=H )) (-RRB- )) (NNS=H )) (VP=H (VBP=H ) (ADJP (JJ=H ))) (. ))),21,71885,"0,0667891855"
(ROOT (NP=H (NP=H (CD=H )) (: ) (S (NP (NP (NNP ) (NNP ) (NNP ) (NN ) (NNS ) (POS=H )) (NN ) (NN=H )) (VP=H (VBP=H ) (ADJP (JJ=H )))) (. ))),21,71906,"0,0668086969"
(ROOT (S=H (NP (NP=H (JJ ) (NNS ) (NNS=H )) (PP (IN=H ) (NP (NN ) (NN=H )))) (VP=H (VBP=H ) (ADJP (JJ=H ))) (. ))),21,71927,"0,0668282082"
(ROOT (S=H (NP (NP=H (NP=H (JJ ) (NN=H )) (PRN (-LRB- ) (NP=H (NN=H )) (-RRB- ))) (PP (IN=H ) (NP (NNP ) (NNS=H )))) (VP=H (VBP=H ) (ADJP (JJ=H ))) (. ))),21,71948,"0,0668477195"
(ROOT (S=H (NP (NP (NNP ) (NNP=H )) (PRN (-LRB- ) (NP=H (CD=H )) (-RRB- )) (NNS=H )) (VP=H (VBP=H ) (ADJP (JJ=H ))) (. ))),21,71969,"0,0668672309"
(ROOT (S=H (NP (NP=H (NNS ) (CC ) (NN ) (NNS=H )) (PP (IN=H ) (NP (NNP ) (NNP=H )))) (VP=H (VBP=H ) (ADJP (JJ=H ))) (. ))),21,71990,"0,0668867422"
(ROOT (S=H (NP (NNP ) (NNP=H )) (VP=H (VBP=H ) (SBAR (S=H (NP (VBN ) (NNS=H )) (VP=H (VBP=H ) (ADJP (JJ=H )))))) (. ))),21,72011,"0,0669062536"
(ROOT (S=H (NP (NP=H (NN=H )) (PP (IN=H ) (NP (DT ) (CD ) (NNP ) (NNPS=H )))) (VP=H (VBP=H ) (ADJP (JJ=H ))) (. ))),21,72032,"0,0669257649"
(ROOT (S=H (NP (NP=H (NN ) (NN=H )) (PP (IN=H ) (NP (NNP ) (NNPS=H )))) (VP=H (VBP=H ) (ADJP (JJ=H ))) (. ))),21,72053,"0,0669452763"
(ROOT (S=H (NP (NP=H (NNP=H )) (PP (IN=H ) (NP (NP=H (NNP ) (NNP=H )) (PP (IN=H ) (NP (NNP ) (NNS=H )))))) (VP=H (VBP=H ) (ADJP (JJ=H ))) (. ))),21,72074,"0,0669647876"
(ROOT (S=H (NP (NP=H (NNP ) (NNP=H )) (PP (IN=H ) (NP (NNP ) (NNP ) (CC ) (NNP ) (NNS=H )))) (VP=H (VBP=H ) (ADJP (JJ=H ))) (. ))),21,72095,"0,0669842989"
(ROOT (S=H (NP (NP (NNP ) (NNP ) (NNP ) (NN ) (NNS ) (POS=H )) (NN ) (NN=H )) (VP=H (VBP=H ) (ADJP (JJ=H ))) (. ))),21,72116,"0,0670038103"
(ROOT (S=H (NP (NP (NNP ) (NNP=H )) (PRN (-LRB- ) (NP=H (NNS=H )) (-RRB- )) (NNS=H )) (VP=H (VBP=H ) (ADJP (JJ=H ))) (. ))),21,72137,"0,0670233216"
(ROOT (S=H (NP (NP=H (CD=H )) (PRN (: ) (NP=H (CD ) (NNP ) (NN ) (NNS=H )))) (VP=H (VBP=H ) (ADJP (JJ=H ))) (. ))),21,72158,"0,067042833"
(ROOT (S=H (NP (NNP=H )) (VP=H (VBD=H ) (NP (NP=H (NNS=H )) (SBAR (S=H (NP (CD ) (NNP ) (NN ) (NN=H )) (VP=H (VBD=H ) (SBAR (S=H (NP (NN=H )) (VP=H (VBP=H ) (ADJP (JJ=H )))))))))) (. ))),21,72179,"0,0670623443"
(ROOT (S=H (NP (NP (NNP ) (NNP ) (NNP ) (NNP ) (NNS ) (POS=H )) (NN ) (NN ) (NNS=H )) (VP=H (VBP=H ) (ADJP (JJ=H ))) (. ))),21,72200,"0,0670818557"
(ROOT (S=H (NP (NP=H (NN=H )) (VP (VBG=H ) (NP (NP=H (NNS=H )) (PP (IN=H ) (NP (NNP=H )))))) (VP=H (VBP=H ) (ADJP (JJ=H ))) (. ))),21,72221,"0,067101367"
(ROOT (NP=H (NP=H (NNP=H )) (: ) (S (NP (NNP ) (NNP ) (NNP=H )) (VP=H (VBP=H ) (ADJP (JJ=H )))) (. ))),21,72242,"0,0671208783"
"(ROOT (S=H (ADVP (NP (JJ ) (NN=H )) (RB=H )) (, ) (NP (CD ) (NN ) (NNS=H )) (VP=H (VBP=H ) (ADJP (JJ=H ))) (. )))",21,72263,"0,0671403897"
(ROOT (S=H (NP (NP=H (NNP=H )) (PP (IN=H ) (NP (JJ ) (JJ ) (NNS=H )))) (VP=H (VBP=H ) (ADJP (JJ=H ))) (. ))),20,72283,"0,0671589719"
(ROOT (S=H (NP (NP (NNS=H )) (PRN (-LRB- ) (NP=H (NN ) (NN=H )) (-RRB- )) (NNS=H )) (VP=H (VBP=H ) (ADJP (JJ=H ))) (. ))),20,72303,"0,0671775542"
(ROOT (S=H (NP (NP=H (NNP ) (NNP ) (NNP ) (NNP=H )) (VP (VBG=H ) (NP (NNS=H )))) (VP=H (VBP=H ) (ADJP (JJ=H ))) (. ))),20,72323,"0,0671961364"
(ROOT (S=H (NP (JJ ) (NN ) (NN=H )) (VP=H (VBP=H ) (SBAR (S=H (NP (NNS=H )) (VP=H (VBP=H ) (ADJP (JJ=H )))))) (. ))),20,72343,"0,0672147186"
(ROOT (S=H (NP (NNPS ) (NNP ) (NNP=H )) (VP=H (VBP=H ) (ADJP (JJ=H ))) (. ))),20,72363,"0,0672333008"
(ROOT (S=H (NP (NP=H (NNP=H )) (PP (IN=H ) (NP (JJ ) (NNP ) (NNS=H )))) (VP=H (VBP=H ) (ADJP (JJ=H ))) (. ))),20,72383,"0,0672518831"
(ROOT (S=H (NP (JJ ) (NNS ) (NN=H )) (VP=H (VBP=H ) (ADJP (JJ=H ))) (. ))),20,72403,"0,0672704653"
(ROOT (S=H (NP (JJ ) (NNP ) (NNPS ) (NNPS ) (NNS=H )) (VP=H (VBP=H ) (ADJP (JJ=H ))) (. ))),20,72423,"0,0672890475"
(ROOT (S=H (NP (NP (JJ ) (NN=H )) (PRN (-LRB- ) (NP=H (NP=H (NN=H )) (CC ) (NP (NN=H ))) (-RRB- )) (NNS=H )) (VP=H (VBP=H ) (ADJP (JJ=H ))) (. ))),20,72443,"0,0673076298"
"(ROOT (S=H (PP (IN=H ) (NP (NNP=H ))) (, ) (NP (NNP=H )) (VP=H (VBP=H ) (ADJP (JJ=H ))) (. )))",20,72463,"0,067326212"
(ROOT (S=H (NP (NP (JJ ) (NNS ) (POS=H )) (NN ) (NN ) (NNS=H )) (VP=H (VBP=H ) (ADJP (JJ=H ))) (. ))),20,72483,"0,0673447942"
(ROOT (S=H (NP (NP=H (NNP=H )) (CC ) (NP (NNS=H ))) (VP=H (VBP=H ) (ADJP (JJ=H ))) (. ))),20,72503,"0,0673633765"
(ROOT (S=H (NP (NP=H (NNP=H )) (PP (IN=H ) (NP (NNP ) (JJ ) (NNS=H )))) (VP=H (VBP=H ) (ADJP (JJ=H ))) (. ))),20,72523,"0,0673819587"
(ROOT (S=H (NP (NNP ) (NNP ) (NNP ) (CC ) (NNP ) (NNP=H )) (VP=H (VBP=H ) (ADJP (JJ=H ))) (. ))),20,72543,"0,0674005409"
(ROOT (S=H (NP (NP=H (NNP ) (NNP ) (NNP=H )) (PP (IN=H ) (NP (NNP ) (NN ) (NNS=H )))) (VP=H (VBP=H ) (ADJP (JJ=H ))) (. ))),20,72563,"0,0674191232"
(ROOT (S=H (NP (NP=H (NNP ) (NNP ) (NNP ) (NNP=H )) (NP (CD ) (NNS=H ))) (VP=H (VBP=H ) (ADJP (JJ=H ))) (. ))),20,72583,"0,0674377054"
(ROOT (S=H (NP (NP=H (NN ) (NN=H )) (PP (IN=H ) (NP (DT ) (NNPS=H )))) (VP=H (VBP=H ) (ADJP (JJ=H ))) (. ))),20,72603,"0,0674562876"
(ROOT (S=H (NP (NP (NNS ) (POS=H )) (NNP ) (NNP ) (NNS=H )) (VP=H (VBP=H ) (ADJP (JJ=H ))) (. ))),20,72623,"0,0674748699"
(ROOT (S=H (NP (NP=H (NNP=H )) (PP (IN=H ) (NP (NP=H (NNP ) (NNP=H )) (PP (IN=H ) (NP (NNP ) (NNP ) (NNS=H )))))) (VP=H (VBP=H ) (ADJP (JJ=H ))) (. ))),20,72643,"0,0674934521"
(ROOT (NP=H (NP=H (NP=H (NNS=H )) (PP (IN=H ) (NP (NNP=H )))) (: ) (S (NP (NNP=H )) (VP=H (VBP=H ) (ADJP (JJ=H )))) (. ))),20,72663,"0,0675120343"
(ROOT (S=H (NP (NP=H (NNP ) (NN=H )) (PP (IN=H ) (NP (DT ) (NNP ) (NNP ) (NNPS=H )))) (VP=H (VBP=H ) (ADJP (JJ=H ))) (. ))),20,72683,"0,0675306165"
(ROOT (NP=H (NP=H (NNP=H ) (CC ) (NNP )) (: ) (S (NP (NNP ) (NNS=H )) (VP=H (VBP=H ) (ADJP (JJ=H )))) (. ))),20,72703,"0,0675491988"
(ROOT (S=H (NP (NP=H (JJ ) (NNP ) (NN=H )) (PP (IN=H ) (NP (NNP ) (NNS=H )))) (VP=H (VBP=H ) (ADJP (JJ=H ))) (. ))),20,72723,"0,067567781"
(ROOT (S=H (NP (NP=H (NNP=H )) (NP (JJ ) (JJ ) (NN ) (NNS=H ))) (VP=H (VBP=H ) (ADJP (JJ=H ))) (. ))),20,72743,"0,0675863632"
(ROOT (S=H (NP (JJ ) (NNP ) (NNP ) (NNP ) (NNS ) (NNS=H )) (VP=H (VBP=H ) (ADJP (JJ=H ))) (. ))),20,72763,"0,0676049455"
(ROOT (S=H (NP (NP=H (NP=H (NNP=H )) (PP (IN=H ) (NP (DT ) (NNP ) (NNPS=H )))) (PRN (-LRB- ) (NP=H (NN=H )) (-RRB- ))) (VP=H (VBP=H ) (ADJP (JJ=H ))) (. ))),20,72783,"0,0676235277"
(ROOT (NP=H (NP=H (CD=H )) (: ) (NP (NP=H (CD=H )) (SBAR (S=H (NP (NP (NNP ) (NNP ) (NNP ) (NNS ) (POS=H )) (NN ) (NN ) (NN=H )) (VP=H (VBP=H ) (ADJP (JJ=H )))))) (. ))),20,72803,"0,0676421099"
(ROOT (NP=H (NP=H (NNP=H )) (: ) (S (NP (NNP ) (NNP ) (NNP ) (NNS=H )) (VP=H (VBP=H ) (ADJP (JJ=H )))) (. ))),20,72823,"0,0676606922"
(ROOT (NP=H (NP=H (NNP=H )) (: ) (S (NP (NNP ) (NNP ) (NNP ) (NN ) (NNS=H )) (VP=H (VBP=H ) (ADJP (JJ=H )))) (. ))),20,72843,"0,0676792744"
(ROOT (S=H (NP (NP=H (NNP ) (NNPS ) (NNP=H )) (NP (CD ) (: ) (CD=H ))) (VP=H (VBP=H ) (ADJP (JJ=H ))) (. ))),20,72863,"0,0676978566"
(ROOT (S=H (NP (NP=H (NNP ) (JJ ) (JJ ) (NN=H )) (NP (JJ ) (NNS=H ))) (VP=H (VBP=H ) (ADJP (JJ=H ))) (. ))),20,72883,"0,0677164389"
(ROOT (S=H (NP (JJ ) (JJ ) (NNS ) (CC ) (NN ) (NNS ) (NNS=H )) (VP=H (VBP=H ) (ADJP (JJ=H ))) (. ))),20,72903,"0,0677350211"
(ROOT (S=H (NP (NP=H (NNP ) (NNP=H )) (PP (IN=H ) (NP (NP=H (NNS=H )) (PP (IN=H ) (NP (NNP=H )))))) (VP=H (VBP=H ) (ADJP (JJ=H ))) (. ))),20,72923,"0,0677536033"
(ROOT (S=H (NP (NP (NNP ) (NNP=H )) (PRN (-LRB- ) (NP=H (NNP ) (NNPS=H )) (-RRB- )) (NNS=H )) (VP=H (VBP=H ) (ADJP (JJ=H ))) (. ))),19,72942,"0,0677712564"
(ROOT (S=H (NP (NP=H (JJ ) (NN=H )) (CC ) (NP (NNS=H ))) (VP=H (VBP=H ) (ADJP (JJ=H ))) (. ))),19,72961,"0,0677889096"
(ROOT (S=H (NP (NP=H (NP (JJ ) (NNS=H )) (NN ) (NNS=H )) (PP (IN=H ) (NP (NNP=H )))) (VP=H (VBP=H ) (ADJP (JJ=H ))) (. ))),19,72980,"0,0678065627"
"(ROOT (S=H (NP (NP=H (JJ ) (NN=H )) (, ) (NP (JJ ) (NN ) (NN ) (NNS=H ))) (VP=H (VBP=H ) (ADJP (JJ=H ))) (. )))",19,72999,"0,0678242158"
(ROOT (S=H (NP (NP=H (NNP=H )) (CC ) (NP (DT ) (JJ ) (NNS=H ))) (VP=H (VBP=H ) (ADJP (JJ=H ))) (. ))),19,73018,"0,0678418689"
(ROOT (S=H (NP (NNP ) (NNP=H )) (PRN (-LRB- ) (NP=H (NNP ) (NN=H )) (-RRB- )) (NP (NN ) (NN ) (NNS=H )) (VP=H (VBP=H ) (ADJP (JJ=H ))) (. ))),19,73037,"0,067859522"
(ROOT (S=H (NP (NNP ) (. ) (NNPS ) (NNP=H )) (VP=H (VBP=H ) (ADJP (JJ=H ))) (. ))),19,73056,"0,0678771752"
(ROOT (S=H (NP (NNPS ) (NNP=H )) (VP=H (VBP=H ) (ADJP (JJ=H ))) (. ))),19,73075,"0,0678948283"
(ROOT (S=H (NP (NP=H (NNP ) (NNP=H )) (PP (IN=H ) (NP (DT ) (NNP ) (NN ) (NNS=H )))) (VP=H (VBP=H ) (ADJP (JJ=H ))) (. ))),19,73094,"0,0679124814"
(ROOT (S=H (NP (NNP ) (NNP ) (ADJP (NNP=H ) (NNP )) (NNS=H )) (VP=H (VBP=H ) (ADJP (JJ=H ))) (. ))),19,73113,"0,0679301345"
(ROOT (S=H (NP (NNP ) (NNP ) (NNP ) (NNS ) (NN=H )) (VP=H (VBP=H ) (ADJP (JJ=H ))) (. ))),19,73132,"0,0679477876"
(ROOT (S=H (NP (NAC (NNP=H ) (PP (IN=H ) (NP (NNP=H )))) (NNP ) (NNP=H )) (VP=H (VBP=H ) (ADJP (JJ=H ))) (. ))),19,73151,"0,0679654408"
"(ROOT (S=H (S (NP (NNP=H )) (VP=H (VBN=H ) (PP (IN=H ) (NP (NNP=H ))))) (, ) (NP (NNP ) (NNP=H )) (VP=H (VBP=H ) (ADJP (JJ=H ))) (. )))",19,73170,"0,0679830939"
(ROOT (S=H (NP (NNP=H )) (VP=H (VBD=H ) (SBAR (S=H (NP (NNS ) (NNS=H )) (VP=H (VBP=H ) (ADJP (JJ=H )))))) (. ))),19,73189,"0,068000747"
(ROOT (S=H (NP (NP=H (NNP ) (NNP=H )) (PP (IN=H ) (NP (JJS ) (NNP ) (NNP ) (NNS=H )))) (VP=H (VBP=H ) (ADJP (JJ=H ))) (. ))),19,73208,"0,0680184001"
(ROOT (S=H (NP (NNP ) (NNP=H )) (PP (IN=H ) (NP (DT ) (NNPS=H ))) (VP=H (VBP=H ) (ADJP (JJ=H ))) (. ))),19,73227,"0,0680360532"
(ROOT (S=H (NP (NP=H (CD=H )) (PP (IN=H ) (NP (NNP ) (NNP ) (NNPS=H )))) (VP=H (VBP=H ) (ADJP (JJ=H ))) (. ))),19,73246,"0,0680537064"
(ROOT (S=H (NP (NP=H (NNP=H )) (PP (IN=H ) (NP (JJ ) (PRN (-LRB- ) (NP=H (NNP=H )) (-RRB- )) (NNS=H )))) (VP=H (VBP=H ) (ADJP (JJ=H ))) (. ))),19,73265,"0,0680713595"
(ROOT (S=H (NP (NP=H (NP (NNP ) (NNS ) (POS=H )) (NN ) (NN ) (NNS=H )) (PP (IN=H ) (NP (DT ) (NNP ) (NNPS=H )))) (VP=H (VBP=H ) (ADJP (JJ=H ))) (. ))),19,73284,"0,0680890126"
(ROOT (NP=H (NP=H (NNP=H )) (: ) (NP (NP=H (NNP ) (NNPS=H )) (SBAR (S=H (NP (NN ) (NNS=H )) (VP=H (VBP=H ) (ADJP (JJ=H )))))) (. ))),19,73303,"0,0681066657"
(ROOT (S=H (NP (NP=H (NP (NNP ) (POS=H )) (NNS ) (NNS=H )) (PP (IN=H ) (NP (NNP=H )))) (VP=H (VBP=H ) (ADJP (JJ=H ))) (. ))),19,73322,"0,0681243188"
(ROOT (S=H (NP (NP (NNP ) (NNP ) (NNP=H )) (PRN (-LRB- ) (NNP ) (NN=H ) (-RRB- )) (NNS=H )) (VP=H (VBP=H ) (ADJP (JJ=H ))) (. ))),19,73341,"0,068141972"
(ROOT (S=H (NP (NP (NNS=H )) (PRN (-LRB- ) (NP=H (NN=H ) (CD )) (-RRB- )) (NNS=H )) (VP=H (VBP=H ) (ADJP (JJ=H ))) (. ))),19,73360,"0,0681596251"
(ROOT (S=H (NP (NP=H (JJ ) (DT ) (NN=H )) (PP (IN=H ) (NP (NN ) (CC ) (NN ) (NNS=H )))) (VP=H (VBP=H ) (ADJP (JJ=H ))) (. ))),19,73379,"0,0681772782"
(ROOT (S=H (NP (NP=H (CD ) (: ) (CD=H )) (PP (IN=H ) (NP (NP=H (NP (JJ ) (NNS ) (POS=H )) (NN ) (NN=H )) (PP (IN=H ) (NP (NN=H )))))) (VP=H (VBP=H ) (ADJP (JJ=H ))) (. ))),19,73398,"0,0681949313"
"(ROOT (S=H (NP (NNP ) (NNP=H )) (, ) (NP (NNP ) (NNP ) (NNP ) (NNS=H )) (VP=H (VBP=H ) (ADJP (JJ=H ))) (. )))",19,73417,"0,0682125844"
(ROOT (S=H (NP (NP=H (JJ ) (NN=H ) (CC ) (NN )) (PP (IN=H ) (NP (NNP ) (NNS=H )))) (VP=H (VBP=H ) (ADJP (JJ=H ))) (. ))),19,73436,"0,0682302376"
(ROOT (S=H (NP (NNPS ) (NNPS=H )) (VP=H (VBP=H ) (ADJP (JJ=H ))) (. ))),18,73454,"0,0682469616"
(ROOT (S=H (NP (NP=H (NNP ) (NNP=H )) (PP (IN=H ) (NP (NNP ) (NNPS ) (NNS=H )))) (VP=H (VBP=H ) (ADJP (JJ=H ))) (. ))),18,73472,"0,0682636856"
(ROOT (S=H (NP (NP=H (NN ) (NN=H )) (PP (IN=H ) (NP (VBG ) (NNS=H )))) (VP=H (VBP=H ) (ADJP (JJ=H ))) (. ))),18,73490,"0,0682804096"
(ROOT (S=H (NP (NP=H (NNP=H )) (CC ) (NP (NNP ) (NNPS=H ))) (VP=H (VBP=H ) (ADJP (JJ=H ))) (. ))),18,73508,"0,0682971336"
(ROOT (S=H (NP (NP=H (NNP ) (NNP=H )) (PP (IN=H ) (NP (JJ ) (NN ) (NNS=H )))) (VP=H (VBP=H ) (ADJP (JJ=H ))) (. ))),18,73526,"0,0683138576"
(ROOT (S=H (NP (NP=H (NNP=H )) (CC ) (NP (JJ ) (JJ ) (NNS=H ))) (VP=H (VBP=H ) (ADJP (JJ=H ))) (. ))),18,73544,"0,0683305816"
(ROOT (S=H (NP (JJ ) (NNP ) (NNPS ) (CC ) (NNPS ) (NNS=H )) (VP=H (VBP=H ) (ADJP (JJ=H ))) (. ))),18,73562,"0,0683473056"
(ROOT (S=H (NP (JJ ) (NNP ) (NNP ) (NNPS ) (NNP ) (NNP ) (NNS=H )) (VP=H (VBP=H ) (ADJP (JJ=H ))) (. ))),18,73580,"0,0683640296"
(ROOT (S=H (NP (NP=H (JJ ) (NN=H )) (PP (IN=H ) (NP (DT ) (NNP ) (NNS=H )))) (VP=H (VBP=H ) (ADJP (JJ=H ))) (. ))),18,73598,"0,0683807536"
(ROOT (S=H (NP (NP (NNP ) (NNS ) (POS=H )) (NN ) (NNS=H )) (VP=H (VBP=H ) (ADJP (JJ=H ))) (. ))),18,73616,"0,0683974776"
(ROOT (S=H (NP (NP=H (NNP ) (CC ) (NNP ) (NNP ) (NNP=H )) (NP (NNS=H ))) (VP=H (VBP=H ) (ADJP (JJ=H ))) (. ))),18,73634,"0,0684142017"
(ROOT (S=H (NP (NP (NNP ) (NNPS=H )) (PRN (-LRB- ) (NP=H (NN=H )) (-RRB- )) (NNS=H )) (VP=H (VBP=H ) (ADJP (JJ=H ))) (. ))),18,73652,"0,0684309257"
(ROOT (S=H (NP (NP=H (JJ ) (NNS ) (NNS=H )) (PP (IN=H ) (NP (DT ) (NNP ) (NNPS ) (NNP ) (NNP=H )))) (VP=H (VBP=H ) (ADJP (JJ=H ))) (. ))),18,73670,"0,0684476497"
(ROOT (S=H (NP (NP=H (NNP=H )) (PP (VBN=H ) (PP (IN=H ) (NP (NNS=H ))))) (VP=H (VBP=H ) (ADJP (JJ=H ))) (. ))),18,73688,"0,0684643737"
(ROOT (S=H (S=H (NP (NNP ) (NNP=H )) (VP=H (VBP=H ))) (CC ) (S (NP (NN ) (NNS=H )) (VP=H (VBP=H ) (ADJP (JJ=H )))) (. ))),18,73706,"0,0684810977"
(ROOT (S=H (NP (NNP ) (NNP ) (NNP ) (CC ) (NNP ) (NNP ) (NNS=H )) (VP=H (VBP=H ) (ADJP (JJ=H ))) (. ))),18,73724,"0,0684978217"
(ROOT (S=H (NP (NP=H (NNP ) (NNPS ) (NNP ) (NNP=H )) (NP (JJ ) (NNS=H ))) (VP=H (VBP=H ) (ADJP (JJ=H ))) (. ))),18,73742,"0,0685145457"
(ROOT (S=H (NP (NNP ) (NNPS ) (NN ) (NNP ) (NNP=H )) (VP=H (VBP=H ) (ADJP (JJ=H ))) (. ))),18,73760,"0,0685312697"
(ROOT (S=H (NP (ADJP (JJ=H ) (PP (IN=H ) (NP (DT ) (NNP ) (NNPS=H )))) (JJ ) (NNS=H )) (VP=H (VBP=H ) (ADJP (JJ=H ))) (. ))),18,73778,"0,0685479937"
"(ROOT (S=H (NP (NP=H (JJ ) (NN ) (NN ) (NN=H )) (, ) (NP (NP=H (CD ) (NNS=H )) (NP (NNS=H )))) (VP=H (VBP=H ) (ADJP (JJ=H ))) (. )))",18,73796,"0,0685647177"
(ROOT (NP=H (NP=H (NNPS=H )) (: ) (S (NP (NNP ) (NNS=H )) (VP=H (VBP=H ) (ADJP (JJ=H )))) (. ))),18,73814,"0,0685814417"
"(ROOT (S=H (NP (NNP ) (NNP=H )) (, ) (S (VP=H (VBG=H ))) (, ) (NP (JJ ) (NN ) (CC ) (NN ) (NNS=H )) (VP=H (VBP=H ) (ADJP (JJ=H ))) (. )))",18,73832,"0,0685981657"
"(ROOT (S=H (NP (NP=H (NNP ) (NNP=H )) (, ) (NP (NNP ) (NNP=H )) (CC ) (NP (ADJP (NNP ) (JJ=H )) (JJ ) (NN ) (NNS=H ))) (VP=H (VBP=H ) (ADJP (JJ=H ))) (. )))",18,73850,"0,0686148898"
(ROOT (NP=H (NP=H (NNP ) (NNP=H )) (: ) (S (NP (NNP ) (NNP ) (NN=H )) (VP=H (VBP=H ) (ADJP (JJ=H )))) (. ))),18,73868,"0,0686316138"
(ROOT (S=H (NP (NP=H (CD ) (NNP ) (NNP=H )) (PP (IN=H ) (NP (NNP ) (NN ) (NN ) (NNS=H )))) (VP=H (VBP=H ) (ADJP (JJ=H ))) (. ))),18,73886,"0,0686483378"
"(ROOT (S=H (NP (NP=H (NNP=H )) (PRN (-LRB- ) (NNP ) (NN=H ) (-RRB- )) (NP (NNS=H )) (, )) (ADVP (RB=H )) (VP=H (VBP=H ) (ADJP (JJ=H ))) (. )))",18,73904,"0,0686650618"
(ROOT (S=H (NP (CD ) (NN ) (NN=H )) (VP=H (VBZ=H ) (SBAR (S=H (NP (NNS=H )) (VP=H (VBP=H ) (ADJP (JJ=H )))))) (. ))),18,73922,"0,0686817858"
(ROOT (S=H (NP (NP=H (CD=H )) (NP (NNP ) (NNP ) (NNPS=H ))) (VP=H (VBP=H ) (ADJP (JJ=H ))) (. ))),17,73939,"0,0686975807"
(ROOT (S=H (NP (NP (JJ ) (NNS ) (POS=H )) (JJ ) (NNS=H )) (VP=H (VBP=H ) (ADJP (JJ=H ))) (. ))),17,73956,"0,0687133756"
(ROOT (FRAG=H (NP (NNP=H )) (: ) (S=H (NP (NNP ) (NNS=H )) (VP=H (VBP=H ) (ADJP (JJ=H )))) (. ))),17,73973,"0,0687291705"
(ROOT (S=H (NP (NP=H (NNP ) (NNP ) (NNP=H )) (CC ) (NP (DT ) (NNP ) (NNP ) (NNP ) (NNS=H ))) (VP=H (VBP=H ) (ADJP (JJ=H ))) (. ))),17,73990,"0,0687449654"
(ROOT (S=H (NP (NNP ) (NNP ) (NNPS ) (CC ) (NNP ) (NNP=H )) (VP=H (VBP=H ) (ADJP (JJ=H ))) (. ))),17,74007,"0,0687607603"
(ROOT (S=H (NP (NNS=H )) (SBAR=H (IN=H ) (S (NP (NNS=H )) (VP=H (VBP=H ) (ADJP (JJ=H ))))) (. ))),17,74024,"0,0687765552"
(ROOT (S=H (NP (NP=H (NNP ) (NNP=H )) (NP (JJ ) (JJ ) (NN ) (NNS=H ))) (VP=H (VBP=H ) (ADJP (JJ=H ))) (. ))),17,74041,"0,0687923501"
(ROOT (S=H (NP (NNP ) (NNP=H )) (PRN (-LRB- ) (NP=H (NNP=H )) (-RRB- )) (NP (JJ ) (NNS=H )) (VP=H (VBP=H ) (ADJP (JJ=H ))) (. ))),17,74058,"0,068808145"
(ROOT (S=H (NP (NP=H (NNP ) (NNP=H )) (PP (IN=H ) (NP (NNP ) (NNP ) (NN ) (NNS=H )))) (VP=H (VBP=H ) (ADJP (JJ=H ))) (. ))),17,74075,"0,0688239399"
(ROOT (S=H (NP (ADJP (JJ ) (JJ ) (NN=H )) (NNS=H )) (VP=H (VBP=H ) (ADJP (JJ=H ))) (. ))),17,74092,"0,0688397348"
(ROOT (S=H (NP (NP=H (NNP=H )) (PP (IN=H ) (NP (CD ) (NNS=H )))) (VP=H (VBP=H ) (ADJP (JJ=H ))) (. ))),17,74109,"0,0688555297"
"(ROOT (S=H (NP (NP=H (NNP ) (NNP ) (NNP=H )) (, ) (NP (NNP ) (NN ) (NNS=H ))) (VP=H (VBP=H ) (ADJP (JJ=H ))) (. )))",17,74126,"0,0688713246"
"(ROOT (S=H (S (NP=H (NP=H (NNS=H )) (PP (IN=H ) (NP (NNP ) (NN=H ))))) (, ) (NP (NNP=H )) (VP=H (VBP=H ) (ADJP (JJ=H ))) (. )))",17,74143,"0,0688871194"
"(ROOT (S=H (NP (NAC (NNP=H ) (NNP ) (PP (IN=H ) (NP (NNP=H )))) (, ) (NNP ) (NNP=H )) (VP=H (VBP=H ) (ADJP (JJ=H ))) (. )))",17,74160,"0,0689029143"
(ROOT (S=H (NP (NP (NNP ) (NNP ) (POS=H )) (NNP ) (NNS ) (NNS=H )) (VP=H (VBP=H ) (ADJP (JJ=H ))) (. ))),17,74177,"0,0689187092"
"(ROOT (S=H (PP (ADVP (RB=H )) (IN=H ) (NP (NNP ) (NNP ) (NNP=H ))) (, ) (NP (NNP ) (NNP=H )) (VP=H (VBP=H ) (ADJP (JJ=H ))) (. )))",17,74194,"0,0689345041"
(ROOT (S=H (NP (NNP ) (NNP ) (NNPS ) (NNPS ) (NNS=H )) (VP=H (VBP=H ) (ADJP (JJ=H ))) (. ))),17,74211,"0,068950299"
(ROOT (S=H (NP (NNP ) (NNP=H )) (VP=H (VBD=H ) (SBAR (S=H (NP (NNS ) (NNS=H )) (VP=H (VBP=H ) (ADJP (JJ=H )))))) (. ))),17,74228,"0,0689660939"
(ROOT (S=H (NP (NNP=H )) (VP=H (VBD=H ) (NP (NP=H (NNS=H )) (SBAR (S=H (NP (NNP ) (NNP=H )) (VP=H (VBD=H ) (SBAR (S=H (NP (NN=H )) (VP=H (VBP=H ) (ADJP (JJ=H )))))))))) (. ))),17,74245,"0,0689818888"
(ROOT (S=H (NP (NP=H (NNP=H )) (PP (IN=H ) (NP (NNP ) (NN ) (JJ ) (NNS=H )))) (VP=H (VBP=H ) (ADJP (JJ=H ))) (. ))),17,74262,"0,0689976837"
(ROOT (S=H (NP (NP (NNP ) (NNP ) (NNP ) (NNP ) (NNS ) (POS=H )) (JJ ) (NNS=H )) (VP=H (VBP=H ) (ADJP (JJ=H ))) (. ))),17,74279,"0,0690134786"
(ROOT (S=H (NP (NP (NNP ) (NNS ) (POS=H )) (JJ ) (NN ) (NN=H )) (VP=H (VBP=H ) (ADJP (JJ=H ))) (. ))),17,74296,"0,0690292735"
(ROOT (NP=H (NP=H (NN ) (NN=H )) (: ) (S (NP (NNS=H )) (VP=H (VBP=H ) (ADJP (JJ=H )))) (. ))),17,74313,"0,0690450684"
(ROOT (S=H (NP (NP (NNS ) (POS=H )) (NNP ) (PRN (-LRB- ) (NP=H (NNP=H )) (-RRB- )) (NNP=H )) (VP=H (VBP=H ) (ADJP (JJ=H ))) (. ))),17,74330,"0,0690608633"
"(ROOT (S=H (S (NP=H (NP=H (NNP ) (NNP=H )) (ADJP (NN=H ) (CD )))) (, ) (NP (NNP=H )) (VP=H (VBP=H ) (ADJP (JJ=H ))) (. )))",17,74347,"0,0690766582"
(ROOT (S=H (NP (NP (JJ ) (NNS ) (NNS ) (POS=H )) (NN ) (NN ) (NNS=H )) (VP=H (VBP=H ) (ADJP (JJ=H ))) (. ))),17,74364,"0,0690924531"
(ROOT (NP=H (NP=H (NNP=H )) (: ) (NP (NP=H (NNP ) (NNP=H )) (SBAR (S=H (NP (NP (NNS ) (POS=H )) (NN ) (NNS=H )) (VP=H (VBP=H ) (ADJP (JJ=H )))))) (. ))),17,74381,"0,069108248"
(ROOT (S=H (NP (NP=H (CD ) (: ) (CD=H )) (PP (IN=H ) (NP (NP (JJ ) (NNS ) (POS=H )) (NN ) (NN=H )))) (VP=H (VBP=H ) (ADJP (JJ=H ))) (. ))),17,74398,"0,0691240429"
(ROOT (S=H (NP (NP=H (CD=H )) (PP (IN=H ) (NP (NP=H (NNP=H )) (PP (IN=H ) (NP (NNP ) (NN ) (NNS=H )))))) (VP=H (VBP=H ) (ADJP (JJ=H ))) (. ))),17,74415,"0,0691398378"
(ROOT (S=H (NP (NNP=H )) (VP=H (VBD=H ) (SBAR (S=H (NP (JJ ) (NNS=H )) (VP=H (VBP=H ) (ADJP (JJ=H )))))) (. ))),16,74431,"0,0691547036"
(ROOT (S=H (NP (NP=H (CD=H )) (PP (IN=H ) (NP (DT ) (NNPS ) (CC ) (NNP ) (NNP=H )))) (VP=H (VBP=H ) (ADJP (JJ=H ))) (. ))),16,74447,"0,0691695694"
(ROOT (NP=H (NP=H (NNP ) (NNP=H )) (: ) (S (NP (DT ) (NNP ) (NNS=H )) (VP=H (VBP=H ) (ADJP (JJ=H )))) (. ))),16,74463,"0,0691844352"
(ROOT (S=H (NP (NP (NNP ) (NNP ) (NNP ) (NNP ) (NNS ) (POS=H )) (NNS=H )) (VP=H (VBP=H ) (ADJP (JJ=H ))) (. ))),16,74479,"0,0691993009"
(ROOT (S=H (NP (NNP ) (CC ) (NNP ) (NNPS ) (NNP=H )) (VP=H (VBP=H ) (ADJP (JJ=H ))) (. ))),16,74495,"0,0692141667"
(ROOT (S=H (NP (NP=H (NNP ) (NNP=H )) (CC ) (NP (DT ) (NNP ) (NNP ) (NNS=H ))) (VP=H (VBP=H ) (ADJP (JJ=H ))) (. ))),16,74511,"0,0692290325"
(ROOT (S=H (NP (NNP ) (CC ) (NNP ) (NNS ) (NNS=H )) (VP=H (VBP=H ) (ADJP (JJ=H ))) (. ))),16,74527,"0,0692438983"
(ROOT (S=H (NP (NNP ) (NNP ) (NNP=H )) (VP=H (VBD=H ) (SBAR (S=H (NP (NNS=H )) (VP=H (VBP=H ) (ADJP (JJ=H )))))) (. ))),16,74543,"0,0692587641"
"(ROOT (S=H (NP (NNP=H )) (, ) (NP (NNP ) (NNS=H )) (VP=H (VBP=H ) (ADJP (JJ=H ))) (. )))",16,74559,"0,0692736299"
(ROOT (S=H (NP (NP (NNP ) (NNP ) (NNP=H )) (PRN (-LRB- ) (NP=H (JJ ) (NN=H )) (-RRB- )) (NNS=H )) (VP=H (VBP=H ) (ADJP (JJ=H ))) (. ))),16,74575,"0,0692884956"
(ROOT (S=H (NP (NP=H (NNP=H )) (NP (JJ ) (JJ ) (NNS=H ))) (VP=H (VBP=H ) (ADJP (JJ=H ))) (. ))),16,74591,"0,0693033614"
(ROOT (S=H (NP (NNP=H )) (VP=H (VBP=H ) (SBAR (S=H (NP (NNP ) (NNP ) (NN ) (NNS=H )) (VP=H (VBP=H ) (ADJP (JJ=H )))))) (. ))),16,74607,"0,0693182272"
(ROOT (S=H (NP (NP=H (NN=H )) (PP (IN=H ) (NP (DT ) (NNP ) (NNS=H )))) (VP=H (VBP=H ) (ADJP (JJ=H ))) (. ))),16,74623,"0,069333093"
(ROOT (S=H (NP (NP=H (NNP ) (NNP=H )) (PP (IN=H ) (NP (JJ ) (NNP ) (NNS=H )))) (VP=H (VBP=H ) (ADJP (JJ=H ))) (. ))),16,74639,"0,0693479588"
(ROOT (S=H (NP (NP (NNP ) (POS=H )) (NNP ) (PRN (-LRB- ) (NP=H (NNP=H )) (-RRB- )) (NNP=H )) (VP=H (VBP=H ) (ADJP (JJ=H ))) (. ))),16,74655,"0,0693628246"
(ROOT (S=H (NP (JJ ) (PRN (-LRB- ) (NP=H (NN ) (NN=H )) (-RRB- )) (JJ ) (NNS=H )) (VP=H (VBP=H ) (ADJP (JJ=H ))) (. ))),16,74671,"0,0693776904"
(ROOT (S=H (NP (NP=H (NP (NNS ) (POS=H )) (NNP=H )) (PP (IN=H ) (NP (NNP ) (NN ) (NNS=H )))) (VP=H (VBP=H ) (ADJP (JJ=H ))) (. ))),16,74687,"0,0693925561"
(ROOT (S=H (NP (NP=H (NNP ) (NNPS ) (NNP ) (NNS=H )) (PP (IN=H ) (NP (NN=H )))) (VP=H (VBP=H ) (ADJP (JJ=H ))) (. ))),16,74703,"0,0694074219"
(ROOT (S=H (NP (NNP ) (NNP ) (NNP ) (NNPS ) (NNP ) (NNS=H )) (VP=H (VBP=H ) (ADJP (JJ=H ))) (. ))),16,74719,"0,0694222877"
(ROOT (S=H (NP (NNP ) (NNP ) (NNP ) (NNP ) (NNS ) (NNS=H )) (VP=H (VBP=H ) (ADJP (JJ=H ))) (. ))),16,74735,"0,0694371535"
(ROOT (S=H (NP (NAC (NNP=H ) (PP (IN=H ) (NP (NNP=H )) (: ))) (NNP ) (NNP ) (NNP=H )) (VP=H (VBP=H ) (ADJP (JJ=H ))) (. ))),16,74751,"0,0694520193"
(ROOT (S=H (NP (NNP ) (NNPS ) (NNP ) (NNP ) (NN=H )) (VP=H (VBP=H ) (ADJP (JJ=H ))) (. ))),16,74767,"0,0694668851"
"(ROOT (S=H (NP (NNP=H )) (, ) (NP (NNP ) (NN ) (NNS=H )) (VP=H (VBP=H ) (ADJP (JJ=H ))) (. )))",16,74783,"0,0694817509"
(ROOT (S=H (NP (NP=H (NN ) (NN=H )) (PP (IN=H ) (NP (NNP ) (NNP ) (NNPS=H )))) (VP=H (VBP=H ) (ADJP (JJ=H ))) (. ))),16,74799,"0,0694966166"
(ROOT (S=H (NP (NP=H (CD ) (NN=H )) (PP (IN=H ) (NP (JJ ) (NNS=H )))) (VP=H (VBP=H ) (ADJP (JJ=H ))) (. ))),16,74815,"0,0695114824"
(ROOT (S=H (NP (NP=H (NNP ) (NNP=H )) (CC ) (NP (NP (NNP ) (POS=H )) (NNS ) (NNS=H ))) (VP=H (VBP=H ) (ADJP (JJ=H ))) (. ))),16,74831,"0,0695263482"
(ROOT (S=H (NP (NP=H (NNP=H )) (CC ) (NP (NP=H (NN ) (NNS=H )) (VP (VBN=H ) (PP (IN=H ) (NP (NNP=H )))))) (VP=H (VBP=H ) (ADJP (JJ=H ))) (. ))),16,74847,"0,069541214"
(ROOT (S=H (NP (NP=H (NNP=H )) (PP (IN=H ) (NP (DT ) (CD ) (NNP ) (NNP ) (NNS=H )))) (VP=H (VBP=H ) (ADJP (JJ=H ))) (. ))),16,74863,"0,0695560798"
(ROOT (S=H (NP (NP=H (NNP ) (NNP ) (NNP=H )) (PP (IN=H ) (NP (NP=H (NNP ) (NNS=H )) (PP (IN=H ) (NP (DT ) (ADJP (NP (CD=H )) (JJ=H )) (JJ ) (NN=H )))))) (VP=H (VBP=H ) (ADJP (JJ=H ))) (. ))),16,74879,"0,0695709456"
(ROOT (S=H (NP (NNP=H )) (VP=H (VBD=H ) (SBAR (S=H (NP (NP=H (NNS=H )) (PP (IN=H ) (NP (NP=H (NN=H )) (PP (IN=H ) (NP (NNP=H )))))) (VP=H (VBP=H ) (ADJP (JJ=H )))))) (. ))),16,74895,"0,0695858114"
"(ROOT (S=H (NP (NP=H (JJ ) (NN ) (JJ ) (NN=H )) (, ) (NP (CD ) (NN ) (NNS=H ))) (VP=H (VBP=H ) (ADJP (JJ=H ))) (. )))",16,74911,"0,0696006771"
(ROOT (S=H (NP (NP=H (CD ) (NN=H )) (PP (IN=H ) (NP (NNS=H )))) (VP=H (VBP=H ) (ADJP (JJ=H ))) (. ))),16,74927,"0,0696155429"
(ROOT (S=H (NP (NP=H (CD=H )) (PP (IN=H ) (NP (NP (JJ ) (NNS ) (POS=H )) (NN=H )))) (VP=H (VBP=H ) (ADJP (JJ=H ))) (. ))),16,74943,"0,0696304087"
"(ROOT (S=H (S (NP=H (NN ) (NNP ) (NNP ) (POS=H ))) (, ) (NP (NNP ) (CC ) (NNP ) (NNS=H )) (VP=H (VBP=H ) (ADJP (JJ=H ))) (. )))",16,74959,"0,0696452745"
(ROOT (S=H (NP (NP=H (CD ) (NNP ) (NNP=H )) (CC ) (NP (NNP ) (NNPS=H ))) (VP=H (VBP=H ) (ADJP (JJ=H ))) (. ))),15,74974,"0,0696592112"
"(ROOT (S=H (S (ADJP=H (NNP=H ))) (, ) (NP (NNP=H )) (VP=H (VBP=H ) (ADJP (JJ=H ))) (. )))",15,74989,"0,0696731478"
(ROOT (S=H (NP (NP=H (NNP=H )) (PP (IN=H ) (NP (NNP ) (NNP ) (NNPS=H )))) (VP=H (VBP=H ) (ADJP (JJ=H ))) (. ))),15,75004,"0,0696870845"
(ROOT (S=H (NP (NP=H (NNP ) (`` ) (NNP ) ('' ) (NNP=H )) (NP (NNS=H ))) (VP=H (VBP=H ) (ADJP (JJ=H ))) (. ))),15,75019,"0,0697010212"
(ROOT (S=H (NP (NP=H (NNP ) (NNP=H )) (PP (IN=H ) (NP (NNP ) (NNPS ) (NNP=H )))) (VP=H (VBP=H ) (ADJP (JJ=H ))) (. ))),15,75034,"0,0697149579"
(ROOT (S=H (NP (NP=H (NN ) (NNS ) (NNS=H )) (PP (IN=H ) (NP (NNP=H )))) (VP=H (VBP=H ) (ADJP (JJ=H ))) (. ))),15,75049,"0,0697288945"
(ROOT (S=H (NP (NP=H (NNP=H )) (PP (IN=H ) (NP (NNP ) (NNPS ) (NNS=H )))) (VP=H (VBP=H ) (ADJP (JJ=H ))) (. ))),15,75064,"0,0697428312"
(ROOT (S=H (NP (NNP ) (NNP=H )) (SBAR=H (X (SYM=H )) (S=H (NP (JJ ) (NNS=H )) (VP=H (VBP=H ) (ADJP (JJ=H ))))) (. ))),15,75079,"0,0697567679"
(ROOT (S=H (NP (NP=H (NN=H )) (PP (IN=H ) (NP (NP=H (NN=H )) (PP (IN=H ) (NP (DT ) (NNP ) (NNPS=H )))))) (VP=H (VBP=H ) (ADJP (JJ=H ))) (. ))),15,75094,"0,0697707046"
(ROOT (S=H (NP (NNP ) (NN ) (NN ) (NNS ) (NNS=H )) (VP=H (VBP=H ) (ADJP (JJ=H ))) (. ))),15,75109,"0,0697846412"
(ROOT (NP=H (NP=H (NNP ) (NNP=H )) (: ) (S (NP (NNP=H )) (VP=H (VBP=H ) (ADJP (JJ=H )))) (. ))),15,75124,"0,0697985779"
(ROOT (S=H (NP (NP=H (NNP=H )) (PP (IN=H ) (NP (DT ) (NNP ) (NN ) (NNS=H )))) (VP=H (VBP=H ) (ADJP (JJ=H ))) (. ))),15,75139,"0,0698125146"
(ROOT (S=H (NP (NP=H (NNPS ) (CC ) (NNP ) (NNP=H )) (PP (IN=H ) (NP (NNP=H )))) (VP=H (VBP=H ) (ADJP (JJ=H ))) (. ))),15,75154,"0,0698264512"
(ROOT (S=H (NP (NP=H (NNP ) (JJ ) (NNS ) (NNS=H )) (PP (IN=H ) (NP (NN=H )))) (VP=H (VBP=H ) (ADJP (JJ=H ))) (. ))),15,75169,"0,0698403879"
(ROOT (S=H (NP (DT ) (NNP ) (NNS ) (NNS=H )) (VP=H (VBP=H ) (ADJP (JJ=H ))) (. ))),15,75184,"0,0698543246"
(ROOT (NP=H (NP=H (NNP=H )) (: ) (S (NP (NNP=H )) (VP=H (VBP=H ) (ADJP (JJ=H )))) (. ))),15,75199,"0,0698682613"
(ROOT (S=H (NP (NP=H (NNP ) (FW ) (NNP ) (FW ) (NNP=H )) (NP (NNS=H ))) (VP=H (VBP=H ) (ADJP (JJ=H ))) (. ))),15,75214,"0,0698821979"
(ROOT (NP=H (NP=H (NNP ) (NNP ) (NNP=H )) (: ) (S (NP (NNP ) (NNS=H )) (VP=H (VBP=H ) (ADJP (JJ=H )))) (. ))),15,75229,"0,0698961346"
(ROOT (S=H (NP (NP=H (NP (JJ ) (NNS ) (POS=H )) (NNS=H )) (PP (IN=H ) (NP (NNP=H )))) (VP=H (VBP=H ) (ADJP (JJ=H ))) (. ))),15,75244,"0,0699100713"
"(ROOT (S=H (S (NP=H (NAC (NNP=H ) (, ) (NNP )) (NNS=H ))) (, ) (NP (CD=H )) (VP=H (VBP=H ) (ADJP (JJ=H ))) (. )))",15,75259,"0,069924008"
(ROOT (S=H (NP (NP=H (NNP ) (NNPS ) (JJ ) (NNS=H )) (VP (VBN=H ) (PP (IN=H ) (NP (NNP ) (NNP ) (NNP=H ))))) (VP=H (VBP=H ) (ADJP (JJ=H ))) (. ))),15,75274,"0,0699379446"
(ROOT (S=H (NP (NP=H (NNP ) (NNP=H )) (PP (IN=H ) (NP (JJ ) (NNS ) (NNS=H )))) (VP=H (VBP=H ) (ADJP (JJ=H ))) (. ))),15,75289,"0,0699518813"
(ROOT (S=H (NP (NP=H (NNP=H )) (PP (IN=H ) (NP (JJ ) (NNS ) (NNS=H )))) (VP=H (VBP=H ) (ADJP (JJ=H ))) (. ))),15,75304,"0,069965818"
(ROOT (S=H (NP (NP=H (NN=H )) (PP (IN=H ) (NP (DT ) (NNP ) (NNP ) (NNP ) (NNPS=H )))) (VP=H (VBP=H ) (ADJP (JJ=H ))) (. ))),15,75319,"0,0699797547"
(ROOT (NP=H (NP=H (NNP ) (NNP=H )) (: ) (S (NP (NNP ) (NNP ) (NN ) (NNS=H )) (VP=H (VBP=H ) (ADJP (JJ=H )))) (. ))),15,75334,"0,0699936913"
(ROOT (NP=H (NP=H (CD=H )) (: ) (NP (NP=H (CD ) (JJ ) (NN=H )) (SBAR (S=H (NP (NP (NNS ) (POS=H )) (NN ) (NN=H )) (VP=H (VBP=H ) (ADJP (JJ=H )))))) (. ))),15,75349,"0,070007628"
(ROOT (S=H (NP (NP (NNP ) (NN ) (NNS ) (POS=H )) (NN ) (NN=H )) (VP=H (VBP=H ) (ADJP (JJ=H ))) (. ))),15,75364,"0,0700215647"
(ROOT (S=H (NP (NP=H (NNP ) (NNPS ) (NNP ) (NNP ) (NNS=H )) (PP (VBG=H ) (NP (NNP ) (NNP=H )))) (VP=H (VBP=H ) (ADJP (JJ=H ))) (. ))),15,75379,"0,0700355014"
(ROOT (S=H (NP (NP=H (NP=H (NNP ) (NNPS ) (NNP=H )) (NP (CD ) (JJ ) (NNS=H ))) (VP (VBN=H ) (PP (IN=H ) (NP (NNP ) (NNP=H ))))) (VP=H (VBP=H ) (ADJP (JJ=H ))) (. ))),15,75394,"0,070049438"
(ROOT (S=H (NP (NNP ) (NNP ) (CC ) (NNP ) (NN ) (NN ) (NNS=H )) (VP=H (VBP=H ) (ADJP (JJ=H ))) (. ))),15,75409,"0,0700633747"
(ROOT (S=H (NP (NP=H (NNP ) (NNP ) (NNP=H )) (PP (IN=H ) (NP (NP=H (NNP ) (NNS=H )) (PP (IN=H ) (NP (DT ) (JJ ) (JJ ) (JJ ) (NN=H )))))) (VP=H (VBP=H ) (ADJP (JJ=H ))) (. ))),15,75424,"0,0700773114"
(ROOT (S=H (NP (NP=H (NNP ) (NNP ) (NNP ) (NNP=H )) (CC ) (NP (JJ ) (NNS=H ))) (VP=H (VBP=H ) (ADJP (JJ=H ))) (. ))),15,75439,"0,070091248"
(ROOT (S=H (NP (CD ) (NNP ) (NNP ) (NNP ) (NNP ) (NNS ) (NNS=H )) (VP=H (VBP=H ) (ADJP (JJ=H ))) (. ))),15,75454,"0,0701051847"
(ROOT (S=H (NP (NP=H (NNP=H )) (NP (JJ ) (NN ) (NN ) (NN ) (NN ) (NNS=H ))) (VP=H (VBP=H ) (ADJP (JJ=H ))) (. ))),15,75469,"0,0701191214"
"(ROOT (S=H (NP (NAC (NNP=H ) (NNP ) (NNP ) (, )) (NNP=H )) (VP=H (VBP=H ) (ADJP (JJ=H ))) (. )))",14,75483,"0,070132129"
(ROOT (S=H (NP (NP=H (DT ) (NN=H )) (PP (IN=H ) (NP (NNP ) (NNS=H )))) (VP=H (VBP=H ) (ADJP (JJ=H ))) (. ))),14,75497,"0,0701451365"
(ROOT (S=H (NP (NP=H (NNP ) (NNP=H )) (VP (VBG=H ) (PP (IN=H ) (NP (DT ) (NNP ) (NNPS=H ))))) (VP=H (VBP=H ) (ADJP (JJ=H ))) (. ))),14,75511,"0,0701581441"
(ROOT (S=H (NP (NP=H (NNP=H )) (PP (IN=H ) (NP (DT ) (NN ) (NNS=H )))) (VP=H (VBP=H ) (ADJP (JJ=H ))) (. ))),14,75525,"0,0701711516"
(ROOT (S=H (NP (NNP ) (NNP ) (NNPS ) (NN ) (NNP ) (NNP=H )) (VP=H (VBP=H ) (ADJP (JJ=H ))) (. ))),14,75539,"0,0701841592"
(ROOT (S=H (NP (NP=H (JJ ) (NN=H )) (PP (IN=H ) (NP (NN ) (NN ) (NNS=H )))) (VP=H (VBP=H ) (ADJP (JJ=H ))) (. ))),14,75553,"0,0701971668"
(ROOT (S=H (NP (NP=H (NNP=H )) (PP (IN=H ) (NP (NP=H (NNS=H )) (PP (IN=H ) (NP (NN=H )))))) (VP=H (VBP=H ) (ADJP (JJ=H ))) (. ))),14,75567,"0,0702101743"
(ROOT (S=H (NP (NP (JJ ) (NNS ) (POS=H )) (NNP ) (PRN (-LRB- ) (NP=H (NNP=H )) (-RRB- )) (NNP=H )) (VP=H (VBP=H ) (ADJP (JJ=H ))) (. ))),14,75581,"0,0702231819"
"(ROOT (S=H (NP (NP=H (NNP=H )) (PP (IN=H ) (NP (NP=H (NNP ) (NNPS=H )) (, ) (NP (NNP=H ))))) (VP=H (VBP=H ) (ADJP (JJ=H ))) (. )))",14,75595,"0,0702361895"
(ROOT (S=H (NP (NP=H (NNP ) (NN=H )) (PP (IN=H ) (NP (NP=H (DT ) (NNP ) (NNPS=H )) (PP (IN=H ) (NP (NN=H )))))) (VP=H (VBP=H ) (ADJP (JJ=H ))) (. ))),14,75609,"0,070249197"
(ROOT (S=H (NP (NNP ) (NNP=H )) (VP=H (VBZ=H ) (SBAR (S=H (NP (JJ ) (NNS=H )) (VP=H (VBP=H ) (ADJP (JJ=H )))))) (. ))),14,75623,"0,0702622046"
(ROOT (S=H (NP (NP=H (NNP ) (NN ) (NN=H )) (PP (IN=H ) (NP (DT ) (NNP ) (NNPS=H )))) (VP=H (VBP=H ) (ADJP (JJ=H ))) (. ))),14,75637,"0,0702752121"
(ROOT (S=H (NP (NP=H (NNP=H )) (PP (IN=H ) (NP (NP=H (NN ) (NNS=H )) (PP (IN=H ) (NP (NN=H )))))) (VP=H (VBP=H ) (ADJP (JJ=H ))) (. ))),14,75651,"0,0702882197"
(ROOT (S=H (NP (NP=H (NNP=H )) (PP (IN=H ) (NP (DT ) (NNP ) (NNPS=H )))) (VP=H (VBP=H ) (SBAR (S=H (NP (NNS=H )) (VP=H (VBP=H ) (ADJP (JJ=H )))))) (. ))),14,75665,"0,0703012273"
(ROOT (S=H (NP (NP=H (NNP=H )) (PRN (-LRB- ) (NP=H (NN=H )) (-RRB- ))) (VP=H (VBP=H ) (SBAR (S=H (NP (NNS=H )) (VP=H (VBP=H ) (ADJP (JJ=H )))))) (. ))),14,75679,"0,0703142348"
"(ROOT (S=H (NP (NNP ) (, ) (NNP=H ) (CC ) (NNP )) (VP=H (VBP=H ) (ADJP (JJ=H ))) (. )))",14,75693,"0,0703272424"
"(ROOT (S=H (S (NP (NNP=H )) (VP=H (VBZ=H ) (PP (IN=H ) (NP (NNP=H ))))) (, ) (NP (NNP ) (NNP=H )) (VP=H (VBP=H ) (ADJP (JJ=H ))) (. )))",14,75707,"0,0703402499"
(ROOT (S=H (NP (NP=H (NNP ) (NNPS ) (NNP=H )) (PP (IN=H ) (NP (NNP ) (NNP=H )))) (VP=H (VBP=H ) (ADJP (JJ=H ))) (. ))),14,75721,"0,0703532575"
(ROOT (S=H (NP (NNP ) (NNP ) (CC ) (NNP ) (NN ) (NNS=H )) (VP=H (VBP=H ) (ADJP (JJ=H ))) (. ))),14,75735,"0,0703662651"
(ROOT (S=H (NP (NP=H (NNP ) (NNP=H )) (CC ) (NP (JJ ) (NNS=H ))) (VP=H (VBP=H ) (ADJP (JJ=H ))) (. ))),14,75749,"0,0703792726"
(ROOT (S=H (NP (NNP ) (NNP ) (NNPS ) (CC ) (NNPS ) (NNS=H )) (VP=H (VBP=H ) (ADJP (JJ=H ))) (. ))),14,75763,"0,0703922802"
"(ROOT (NP=H (NP=H (NP=H (NNS=H )) (PP (IN=H ) (NP (JJ ) (NN=H )))) (: ) (NP (NP=H (NP (NNP ) (NNP ) (POS=H )) (NNP=H )) (, ) (S (NP (NNP=H )) (VP=H (VBP=H ) (ADJP (JJ=H ))))) (. )))",14,75777,"0,0704052878"
(ROOT (S=H (NP (NNP=H )) (PRN (-LRB- ) (NP=H (NNP=H )) (-RRB- )) (NP (NN ) (NNS=H )) (VP=H (VBP=H ) (ADJP (JJ=H ))) (. ))),14,75791,"0,0704182953"
(ROOT (S=H (S (VP=H (VBG=H ) (PP (IN=H ) (NP (DT ) (NNP ) (NNPS=H ))))) (NP (JJ ) (NNS=H )) (VP=H (VBP=H ) (ADJP (JJ=H ))) (. ))),14,75805,"0,0704313029"
(ROOT (S=H (NP (NP=H (NNP=H )) (PP (IN=H ) (NP (NP=H (DT ) (NNP ) (NNP=H )) (PP (IN=H ) (NP (NP=H (NNP ) (NNPS=H )) (PP (IN=H ) (NP (NNP ) (NNP=H )))))))) (VP=H (VBP=H ) (ADJP (JJ=H ))) (. ))),14,75819,"0,0704443104"
(ROOT (NP=H (NP=H (NNP=H )) (: ) (S (NP (NN ) (NN=H )) (VP=H (VBP=H ) (ADJP (JJ=H )))) (. ))),14,75833,"0,070457318"
(ROOT (S=H (NP (NP (NNP ) (NNPS ) (NNP ) (POS=H )) (JJ ) (NNS=H )) (VP=H (VBP=H ) (ADJP (JJ=H ))) (. ))),14,75847,"0,0704703256"
(ROOT (NP=H (NP=H (NNP=H )) (: ) (S (NP (NP=H (NNP ) (NNP ) (NNS=H )) (PP (IN=H ) (NP (NNP=H )))) (VP=H (VBP=H ) (ADJP (JJ=H )))) (. ))),14,75861,"0,0704833331"
(ROOT (S=H (NP (JJ ) (PRN (: ) (NP=H (NNP=H ))) (NNS=H )) (VP=H (VBP=H ) (ADJP (JJ=H ))) (. ))),14,75875,"0,0704963407"
(ROOT (S=H (NP (NP=H (NNP=H )) (SBAR (S=H (NP (JJ ) (NNS=H )) (VP=H (VBD=H ) (PP (IN=H ) (NP (NNP=H ))))))) (VP=H (VBP=H ) (ADJP (JJ=H ))) (. ))),14,75889,"0,0705093483"
(ROOT (S=H (NP (NAC (NNP=H ) (PP (IN=H ) (NP (DT ) (NNP=H )) (: ))) (NNP ) (NNP ) (NNP=H )) (VP=H (VBP=H ) (ADJP (JJ=H ))) (. ))),14,75903,"0,0705223558"
(ROOT (S=H (NP (NNP ) (NNP ) (NNP ) (PRN (-LRB- ) (NP=H (NNP=H )) (-RRB- )) (NNP=H )) (VP=H (VBP=H ) (ADJP (JJ=H ))) (. ))),14,75917,"0,0705353634"
(ROOT (NP=H (NP=H (NNP=H )) (: ) (NP (NP=H (NNP ) (NNP ) (NNP=H )) (SBAR (S=H (NP (NN=H )) (VP=H (VBP=H ) (ADJP (JJ=H )))))) (. ))),14,75931,"0,0705483709"
(ROOT (NP=H (NP=H (JJ ) (NNS=H )) (: ) (S (NP (JJ ) (NNS ) (NNS=H )) (VP=H (VBP=H ) (ADJP (JJ=H )))) (. ))),14,75945,"0,0705613785"
(ROOT (NP=H (NP=H (CD=H )) (: ) (NP (NP=H (CD=H )) (SBAR (S=H (NP (NP (NNP ) (NNP ) (NNP ) (NNS ) (POS=H )) (NN ) (NNS ) (NN=H )) (VP=H (VBP=H ) (ADJP (JJ=H )))))) (. ))),14,75959,"0,0705743861"
(ROOT (S=H (NP (CD ) (NNP ) (NNPS ) (JJ ) (NN=H )) (VP=H (VBP=H ) (ADJP (JJ=H ))) (. ))),13,75972,"0,0705864645"
(ROOT (S=H (NP (NNP ) (NNP ) (NNPS ) (NNP ) (NNP=H )) (VP=H (VBP=H ) (ADJP (JJ=H ))) (. ))),13,75985,"0,070598543"
(ROOT (S=H (PP (IN=H ) (NP (DT ) (NNP=H ))) (NP (NNS=H )) (VP=H (VBP=H ) (ADJP (JJ=H ))) (. ))),13,75998,"0,0706106214"
(ROOT (S=H (NP (NP=H (NNP ) (NNP=H ) (. )) (NP (NNS=H ))) (VP=H (VBP=H ) (ADJP (JJ=H ))) (. ))),13,76011,"0,0706226999"
(ROOT (S=H (NP (NNP=H )) (VP=H (VBZ=H ) (SBAR (S=H (NP (JJ ) (NNS=H )) (VP=H (VBP=H ) (ADJP (JJ=H )))))) (. ))),13,76024,"0,0706347783"
(ROOT (S=H (NP (NNP ) (NNPS ) (CC ) (NN ) (NN ) (NNS=H )) (VP=H (VBP=H ) (ADJP (JJ=H ))) (. ))),13,76037,"0,0706468568"
(ROOT (NP=H (NP=H (NNP ) (NNP=H )) (: ) (S (NP (NNP ) (NNP=H )) (VP=H (VBP=H ) (ADJP (JJ=H )))) (. ))),13,76050,"0,0706589352"
(ROOT (S=H (NP (NNP ) (NN ) (NN=H )) (VP=H (VBD=H ) (SBAR (S=H (NP (NNS=H )) (VP=H (VBP=H ) (ADJP (JJ=H )))))) (. ))),13,76063,"0,0706710137"
"(ROOT (S=H (NP (JJ ) (NNP ) (, ) (NNS ) (CC ) (NNS ) (NNS=H )) (VP=H (VBP=H ) (ADJP (JJ=H ))) (. )))",13,76076,"0,0706830921"
(ROOT (S=H (NP (NNP ) (NNP ) (NNPS ) (NN ) (NNP=H )) (VP=H (VBP=H ) (ADJP (JJ=H ))) (. ))),13,76089,"0,0706951706"
(ROOT (S=H (NP (NP=H (NNP=H )) (VP (VBN=H ) (PP (IN=H ) (NP (NNS=H ))))) (VP=H (VBP=H ) (ADJP (JJ=H ))) (. ))),13,76102,"0,070707249"
(ROOT (S=H (NP (NP=H (NN ) (NNS ) (NNS=H )) (PP (IN=H ) (NP (NN=H )))) (VP=H (VBP=H ) (ADJP (JJ=H ))) (. ))),13,76115,"0,0707193275"
(ROOT (S=H (NP (NP=H (NNP ) (NNP=H )) (NP-TMP (CD ) (NNS=H ))) (VP=H (VBP=H ) (ADJP (JJ=H ))) (. ))),13,76128,"0,0707314059"
(ROOT (S=H (NP (NNP ) (NNP=H )) (VP=H (VBP=H ) (SBAR (S=H (NP (JJ ) (NN ) (NNS=H )) (VP=H (VBP=H ) (ADJP (JJ=H )))))) (. ))),13,76141,"0,0707434844"
(ROOT (S=H (NP (NP=H (NP=H (NNP=H )) (PP (IN=H ) (NP (NNP ) (NNPS=H )))) (PRN (-LRB- ) (NP=H (NNP=H )) (-RRB- ))) (VP=H (VBP=H ) (ADJP (JJ=H ))) (. ))),13,76154,"0,0707555628"
(ROOT (S=H (NP (NP=H (NNP=H )) (NP (DT ) (JJ ) (NNS=H ))) (VP=H (VBP=H ) (ADJP (JJ=H ))) (. ))),13,76167,"0,0707676413"
(ROOT (S=H (NP (NNP ) (NNP ) (NNP ) (NNP ) (NN=H )) (VP=H (VBZ=H ) (SBAR (S=H (NP (NNS=H )) (VP=H (VBP=H ) (ADJP (JJ=H )))))) (. ))),13,76180,"0,0707797197"
(ROOT (S=H (NP (NP=H (NNP ) (NNP=H )) (PRN (-LRB- ) (NP=H (NNP ) (NNPS=H )) (-RRB- ))) (VP=H (VBP=H ) (ADJP (JJ=H ))) (. ))),13,76193,"0,0707917982"
(ROOT (S=H (NP (NP=H (NNP ) (NNP=H )) (PP (IN=H ) (NP (DT ) (JJ ) (JJ ) (NNS=H )))) (VP=H (VBP=H ) (ADJP (JJ=H ))) (. ))),13,76206,"0,0708038766"
(ROOT (FRAG=H (NP (NNP=H )) (: ) (S=H (NP (NNP ) (NNP=H )) (VP=H (VBP=H ) (ADJP (JJ=H )))) (. ))),13,76219,"0,0708159551"
(ROOT (S=H (NP (NNP=H )) (VP=H (VBP=H ) (SBAR (S=H (NP (NNP ) (NN ) (NNS=H )) (VP=H (VBP=H ) (ADJP (JJ=H )))))) (. ))),13,76232,"0,0708280335"
(ROOT (S=H (NP (NP=H (NNP ) (NNP=H )) (PP (IN=H ) (NP (DT ) (NNP ) (NNPS ) (NNS=H )))) (VP=H (VBP=H ) (ADJP (JJ=H ))) (. ))),13,76245,"0,070840112"
(ROOT (S=H (NP (NP=H (NNP=H )) (CC ) (NP (DT ) (NNP ) (NNP ) (NNS=H ))) (VP=H (VBP=H ) (ADJP (JJ=H ))) (. ))),13,76258,"0,0708521904"
(ROOT (S=H (NP (NP=H (NNP=H )) (PP (IN=H ) (NP (DT ) (NNS=H )))) (VP=H (VBP=H ) (ADJP (JJ=H ))) (. ))),13,76271,"0,0708642689"
(ROOT (S=H (NP (NP=H (NNP=H )) (PP (VBN=H ) (PP (IN=H ) (NP (JJ ) (NNS=H ))))) (VP=H (VBP=H ) (ADJP (JJ=H ))) (. ))),13,76284,"0,0708763473"
(ROOT (S=H (NP (NP=H (NNP=H )) (PP (IN=H ) (NP (DT ) (NNP ) (NNPS ) (NN=H )))) (VP=H (VBP=H ) (ADJP (JJ=H ))) (. ))),13,76297,"0,0708884258"
(ROOT (S=H (NP (NP=H (NNP ) (NNP ) (NNP ) (NNP=H )) (PP (IN=H ) (NP (DT ) (NNP ) (NNPS=H )))) (VP=H (VBP=H ) (ADJP (JJ=H ))) (. ))),13,76310,"0,0709005042"
(ROOT (S=H (NP (NP=H (NNP ) (NNP=H )) (PP (IN=H ) (NP (NP=H (NNP ) (NNP=H )) (PP (IN=H ) (NP (NNP ) (NNS=H )))))) (VP=H (VBP=H ) (ADJP (JJ=H ))) (. ))),13,76323,"0,0709125827"
(ROOT (S=H (NP (NP=H (NNP ) (NNPS ) (NNP ) (NNP ) (NNS=H )) (PP (IN=H ) (NP (NN=H )))) (VP=H (VBP=H ) (ADJP (JJ=H ))) (. ))),13,76336,"0,0709246611"
(ROOT (S=H (NP (JJ ) (ADJP (JJ=H ) (PP (IN=H ) (NP (NNP ) (NNP=H )))) (NNS=H )) (VP=H (VBP=H ) (ADJP (JJ=H ))) (. ))),13,76349,"0,0709367396"
(ROOT (S=H (NP (NP=H (NNP=H )) (CC ) (NP (NP=H (NN ) (NNS=H )) (PP (IN=H ) (NP (NNP=H ))))) (VP=H (VBP=H ) (ADJP (JJ=H ))) (. ))),13,76362,"0,070948818"
(ROOT (S=H (NP (NAC (NNP=H ) (PP (IN=H ) (NP (NNP=H )) (: ))) (NNP=H )) (VP=H (VBP=H ) (ADJP (JJ=H ))) (. ))),13,76375,"0,0709608965"
(ROOT (S=H (NP (NP=H (CD=H )) (PRN (-LRB- ) (NP=H (NN ) (NNS=H )) (-RRB- ))) (VP=H (VBP=H ) (ADJP (JJ=H ))) (. ))),13,76388,"0,0709729749"
(ROOT (S=H (NP (NP=H (NNP ) (NNP=H )) (PP (IN=H ) (NP (NP=H (NNP ) (NNPS=H )) (PP (IN=H ) (NP (NNP ) (NNP=H )))))) (VP=H (VBP=H ) (ADJP (JJ=H ))) (. ))),13,76401,"0,0709850534"
(ROOT (S=H (NP (NNP=H )) (VP=H (VBD=H ) (SBAR (S=H (NP (NP=H (NNS=H )) (PP (IN=H ) (NP (NN ) (NN=H )))) (VP=H (VBP=H ) (ADJP (JJ=H )))))) (. ))),13,76414,"0,0709971318"
"(ROOT (S=H (S (NP (NNP ) (NNS=H )) (VP=H (VBN=H ) (PP (IN=H ) (NP (NNP ) (NNP=H ))))) (, ) (NP (NNP=H )) (VP=H (VBP=H ) (ADJP (JJ=H ))) (. )))",13,76427,"0,0710092103"
(ROOT (S=H (NP (NP=H (JJ ) (NN ) (NN=H )) (CC ) (NP (NNP ) (NNS=H ))) (VP=H (VBP=H ) (ADJP (JJ=H ))) (. ))),13,76440,"0,0710212887"
(ROOT (S=H (NP (JJ ) (UCP (NNP=H ) (CC ) (ADJP (JJ=H ))) (NN ) (NNS=H )) (VP=H (VBP=H ) (ADJP (JJ=H ))) (. ))),13,76453,"0,0710333672"
(ROOT (S=H (NP (NP=H (NNP=H )) (VP (VBG=H ) (NP (JJ ) (JJ ) (NNS=H )))) (VP=H (VBP=H ) (ADJP (JJ=H ))) (. ))),13,76466,"0,0710454456"
(ROOT (S=H (NP (NP=H (NNP=H )) (PP (IN=H ) (NP (NP=H (NNP ) (NNS=H )) (VP (VBG=H ) (NP (JJ ) (NNS=H )))))) (VP=H (VBP=H ) (ADJP (JJ=H ))) (. ))),13,76479,"0,0710575241"
(ROOT (S=H (NP (NP=H (NNP ) (CC ) (NNS ) (NNS=H )) (VP (VBG=H ) (NP (NN=H )) (PP (IN=H ) (NP (NNP ) (NNP=H ))))) (VP=H (VBP=H ) (ADJP (JJ=H ))) (. ))),13,76492,"0,0710696025"
(ROOT (S=H (NP (NP (NNP ) (NNPS=H )) (PRN (-LRB- ) (NP=H (NNP ) (NNP=H )) (-RRB- )) (NNS=H )) (VP=H (VBP=H ) (ADJP (JJ=H ))) (. ))),13,76505,"0,071081681"
"(ROOT (S=H (NP (NP=H (NNP ) (NNP ) (NNP=H )) (, ) (NP (NP=H (NNP ) (NNS=H )) (VP (VBG=H ) (NP (JJ ) (NNS=H ))))) (VP=H (VBP=H ) (ADJP (JJ=H ))) (. )))",13,76518,"0,0710937594"
(ROOT (S=H (NP (JJ ) (ADJP (NP (CD ) (NN=H )) (JJ=H )) (NNS=H )) (VP=H (VBP=H ) (ADJP (JJ=H ))) (. ))),13,76531,"0,0711058379"
(ROOT (S=H (NP (NP (NNS ) (POS=H )) (NNP ) (NNP ) (PRN (-LRB- ) (NP=H (NNP=H )) (-RRB- )) (NNP=H )) (VP=H (VBP=H ) (ADJP (JJ=H ))) (. ))),13,76544,"0,0711179163"
(ROOT (NP=H (NP=H (NNP=H )) (: ) (S (NP (JJ ) (NNP ) (NNS=H )) (VP=H (VBP=H ) (ADJP (JJ=H )))) (. ))),13,76557,"0,0711299948"
(ROOT (S=H (NP (NP=H (JJ ) (NNP ) (NNP ) (. ) (NNP=H )) (NP (NNS=H ))) (VP=H (VBP=H ) (ADJP (JJ=H ))) (. ))),13,76570,"0,0711420732"
(ROOT (NP=H (NP=H (NNP=H )) (: ) (S (NP (NP (NNP ) (NNP ) (POS=H )) (NNP ) (NN ) (NNS=H )) (VP=H (VBP=H ) (ADJP (JJ=H )))) (. ))),13,76583,"0,0711541517"
(ROOT (S=H (NP (NN ) (NNP ) (NNP=H ) (NP (CD ) (NNS=H ))) (VP=H (VBP=H ) (ADJP (JJ=H ))) (. ))),13,76596,"0,0711662301"
"(ROOT (S=H (S (NP (NNS=H )) (VP=H (VBN=H ) (PP (IN=H ) (NP (NP (NNP ) (NNP ) (POS=H )) (NNP ) (NNP=H ))))) (, ) (NP (NNP=H )) (VP=H (VBP=H ) (ADJP (JJ=H ))) (. )))",13,76609,"0,0711783086"
(ROOT (S=H (NP (NP=H (CD=H )) (PP (IN=H ) (NP (NNP ) (NN ) (NNS=H )))) (VP=H (VBP=H ) (ADJP (JJ=H ))) (. ))),13,76622,"0,071190387"
(ROOT (S=H (NP (NP=H (JJ ) (NN=H ) (CC ) (NNS )) (PP (IN=H ) (NP (NNP ) (NNS=H )))) (VP=H (VBP=H ) (ADJP (JJ=H ))) (. ))),13,76635,"0,0712024655"
"(ROOT (S=H (S (NP (NNP ) (NNP ) (NNP=H )) (VP=H (VBZ=H ) (PP (IN=H ) (NP (NNP=H ))))) (, ) (NP (NNP=H )) (VP=H (VBP=H ) (ADJP (JJ=H ))) (. )))",13,76648,"0,0712145439"
(ROOT (S=H (NP (NP=H (NNP ) (JJ ) (NNS ) (NNS=H )) (NP (JJ ) (NNS=H ))) (VP=H (VBP=H ) (ADJP (JJ=H ))) (. ))),13,76661,"0,0712266224"
(ROOT (S=H (NP (JJ ) (NNPS ) (NNPS=H )) (VP=H (VBP=H ) (ADJP (JJ=H ))) (. ))),12,76673,"0,0712377717"
(ROOT (S=H (NP (NP=H (NNP=H )) (PP (IN=H ) (NP (NP=H (JJ ) (NNS=H )) (PP (IN=H ) (NP (NNP=H )))))) (VP=H (VBP=H ) (ADJP (JJ=H ))) (. ))),12,76685,"0,0712489211"
(ROOT (S=H (NP (NP=H (NNP ) (NNP=H )) (VP (VBG=H ) (PP (IN=H ) (NP (DT ) (NNPS=H ))))) (VP=H (VBP=H ) (ADJP (JJ=H ))) (. ))),12,76697,"0,0712600704"
(ROOT (S=H (NP (NP (NNP ) (NNS ) (POS=H )) (NNS ) (NNS=H )) (VP=H (VBP=H ) (ADJP (JJ=H ))) (. ))),12,76709,"0,0712712197"
(ROOT (S=H (NP (NP=H (NP (NNPS ) (POS=H )) (NNS=H )) (PP (IN=H ) (NP (NNP ) (NNP=H )))) (VP=H (VBP=H ) (ADJP (JJ=H ))) (. ))),12,76721,"0,0712823691"
(ROOT (S=H (NP (NP=H (NNP ) (NNP ) (CC ) (NNP ) (NNS=H )) (PP (IN=H ) (NP (NN=H )))) (VP=H (VBP=H ) (ADJP (JJ=H ))) (. ))),12,76733,"0,0712935184"
(ROOT (S=H (NP (NP=H (NNS ) (NNS=H )) (PP (IN=H ) (NP (NN=H )))) (VP=H (VBP=H ) (ADJP (JJ=H ))) (. ))),12,76745,"0,0713046678"
(ROOT (S=H (NP (NP=H (NNP ) (NNP ) (NNP=H )) (NP (JJ ) (JJ ) (NNS=H ))) (VP=H (VBP=H ) (ADJP (JJ=H ))) (. ))),12,76757,"0,0713158171"
"(ROOT (S=H (S (NP=H (NP=H (NNS=H )) (PP (IN=H ) (NP (NNP ) (CC ) (NNP ) (NNP=H ))))) (, ) (NP (NNP=H )) (VP=H (VBP=H ) (ADJP (JJ=H ))) (. )))",12,76769,"0,0713269664"
(ROOT (S=H (NP (NP=H (NN=H )) (PP (IN=H ) (NP (NP=H (DT ) (JJ ) (NNS=H )) (PP (IN=H ) (NP (NNP=H )))))) (VP=H (VBP=H ) (ADJP (JJ=H ))) (. ))),12,76781,"0,0713381158"
(ROOT (S=H (NP (NP=H (NNP ) (NNP=H )) (PP (IN=H ) (NP (NNP ) (CC ) (NNP ) (NNPS=H )))) (VP=H (VBP=H ) (ADJP (JJ=H ))) (. ))),12,76793,"0,0713492651"
(ROOT (S=H (NP (NP (NNP ) (NNP ) (NNP=H )) (PRN (-LRB- ) (NP=H (NNP ) (NNPS=H )) (-RRB- )) (NNS=H )) (VP=H (VBP=H ) (ADJP (JJ=H ))) (. ))),12,76805,"0,0713604145"
(ROOT (S=H (NP (NP=H (NNP=H )) (PP (IN=H ) (NP (NP=H (DT ) (NNPS=H )) (PP (IN=H ) (NP (NN=H )))))) (VP=H (VBP=H ) (ADJP (JJ=H ))) (. ))),12,76817,"0,0713715638"
(ROOT (S=H (NP (NP=H (NNP=H )) (PP (IN=H ) (NP (NNP ) (NNP ) (PRN (-LRB- ) (NP=H (NNP=H )) (-RRB- )) (NNS=H )))) (VP=H (VBP=H ) (ADJP (JJ=H ))) (. ))),12,76829,"0,0713827131"
(ROOT (S=H (NP (NP=H (NN ) (NN=H )) (PP (IN=H ) (NP (NNS=H )))) (VP=H (VBP=H ) (ADJP (JJ=H ))) (. ))),12,76841,"0,0713938625"
(ROOT (S=H (NP (NP=H (NNP ) (NNP=H )) (PP (IN=H ) (NP (NP=H (DT ) (NNP ) (NNPS=H )) (PP (IN=H ) (NP (NN=H )))))) (VP=H (VBP=H ) (ADJP (JJ=H ))) (. ))),12,76853,"0,0714050118"
(ROOT (S=H (NP (NP=H (NNP ) (NNPS ) (NNP=H )) (PP (IN=H ) (NP (NP=H (NNPS ) (NNS=H )) (PP (IN=H ) (NP (NNP ) (NNP=H )))))) (VP=H (VBP=H ) (ADJP (JJ=H ))) (. ))),12,76865,"0,0714161612"
(ROOT (S=H (NP (NP=H (NNP=H )) (PP (IN=H ) (NP (NP=H (NNP ) (NNP ) (NNS=H )) (PP (IN=H ) (NP (NN=H )))))) (VP=H (VBP=H ) (ADJP (JJ=H ))) (. ))),12,76877,"0,0714273105"
(ROOT (S=H (NP (NNP=H )) (VP=H (VBD=H ) (SBAR (S=H (NP (NP=H (NNS=H )) (PP (IN=H ) (NP (NNP=H ) (CC ) (NNP )))) (VP=H (VBP=H ) (ADJP (JJ=H )))))) (. ))),12,76889,"0,0714384598"
(ROOT (S=H (NP (NP (NNP ) (NN=H )) (PRN (-LRB- ) (NP=H (NN=H )) (-RRB- )) (NNS=H )) (VP=H (VBP=H ) (ADJP (JJ=H ))) (. ))),12,76901,"0,0714496092"
(ROOT (S=H (NP (NP=H (NNP=H )) (PP (IN=H ) (NP (NP=H (JJ ) (NNS=H )) (PP (IN=H ) (NP (NN=H )))))) (VP=H (VBP=H ) (ADJP (JJ=H ))) (. ))),12,76913,"0,0714607585"
(ROOT (S=H (NP (NP=H (NNP ) (NNP ) (NNP=H )) (NP (JJ ) (NN ) (NN ) (NNS=H ))) (VP=H (VBP=H ) (ADJP (JJ=H ))) (. ))),12,76925,"0,0714719078"
(ROOT (NP=H (NP=H (NNP=H )) (: ) (S (NP (JJ ) (NN=H )) (VP=H (VBP=H ) (ADJP (JJ=H )))) (. ))),12,76937,"0,0714830572"
(ROOT (S=H (NP (NP (JJ ) (NN ) (NNS ) (POS=H )) (NN=H )) (VP=H (VBP=H ) (ADJP (JJ=H ))) (. ))),12,76949,"0,0714942065"
(ROOT (S=H (S (VP=H (VBG=H ) (NP (PRP$ ) (JJ ) (NNS=H )))) (NP (NN ) (NN ) (NNS=H )) (VP=H (VBP=H ) (ADJP (JJ=H ))) (. ))),12,76961,"0,0715053559"
(ROOT (S=H (NP (NP=H (NNP=H )) (ADJP (JJ=H ) (PP (TO=H ) (NP (NN ) (NNS=H ))))) (VP=H (VBP=H ) (ADJP (JJ=H ))) (. ))),12,76973,"0,0715165052"
(ROOT (NP=H (NP=H (NNP=H )) (: ) (S (NP (JJ ) (NN ) (NNS=H )) (VP=H (VBP=H ) (ADJP (JJ=H )))) (. ))),12,76985,"0,0715276545"
(ROOT (S=H (NP (NP=H (NNP ) (NNP=H )) (PP (IN=H ) (NP (NP=H (NNP ) (NNS=H )) (PP (IN=H ) (NP (NP=H (DT ) (JJ ) (NN=H )) (PP (IN=H ) (NP (NNPS=H )))))))) (VP=H (VBP=H ) (ADJP (JJ=H ))) (. ))),12,76997,"0,0715388039"
(ROOT (NP=H (NP=H (NNP ) (NNPS=H )) (: ) (S (NP (NNP ) (NNS=H )) (VP=H (VBP=H ) (ADJP (JJ=H )))) (. ))),12,77009,"0,0715499532"
(ROOT (S=H (NP (NP=H (NNP ) (NNP ) (NNP=H )) (VP (VBG=H ) (NP (JJ ) (NNS=H )) (PP (IN=H ) (NP (NN=H ))))) (VP=H (VBP=H ) (ADJP (JJ=H ))) (. ))),12,77021,"0,0715611026"
(ROOT (NP=H (NP=H (NNP=H )) (: ) (NP (NP=H (NNP ) (NNP=H )) (SBAR (S=H (NP (JJ ) (NN=H )) (VP=H (VBP=H ) (ADJP (JJ=H )))))) (. ))),12,77033,"0,0715722519"
(ROOT (S=H (NP (JJ ) (NNS ) (CC ) (NNPS ) (NNS=H )) (VP=H (VBP=H ) (ADJP (JJ=H ))) (. ))),12,77045,"0,0715834012"
(ROOT (S=H (NP (NP=H (NNP=H )) (PP (IN=H ) (NP (NP=H (JJ ) (NN=H )) (PP (IN=H ) (NP (NP=H (DT ) (NNP ) (NNP=H )) (PP (IN=H ) (NP (NP=H (NNP ) (NNPS=H )) (PP (IN=H ) (NP (NNP ) (NNP=H )))))))))) (VP=H (VBP=H ) (ADJP (JJ=H ))) (. ))),12,77057,"0,0715945506"
(ROOT (S=H (NP (NP=H (NP=H (NNP ) (NNPS ) (NNP=H )) (NP (CD ) (JJ ) (NNS=H ))) (VP (VBN=H ) (PP (IN=H ) (NP (NNP ) (NNP ) (NNP=H ))))) (VP=H (VBP=H ) (ADJP (JJ=H ))) (. ))),12,77069,"0,0716056999"
"(ROOT (S=H (NP (NP=H (NNP ) (, ) (NNP=H )) (NP (JJ ) (NNS=H ))) (VP=H (VBP=H ) (ADJP (JJ=H ))) (. )))",12,77081,"0,0716168493"
"(ROOT (S=H (S (VP=H (VB=H ) (NP (NN=H ) (CD )))) (, ) (NP (NNP=H )) (VP=H (VBP=H ) (ADJP (JJ=H ))) (. )))",12,77093,"0,0716279986"
"(ROOT (S=H (S (VP=H (VBN=H ) (NP (NN=H ) (CD )))) (, ) (NP (NNP=H )) (VP=H (VBP=H ) (ADJP (JJ=H ))) (. )))",12,77105,"0,0716391479"
(ROOT (S=H (NP (NP=H (NNP ) (NNPS ) (NNP=H )) (PP (IN=H ) (NP (NP=H (NNP=H )) (PP (IN=H ) (NP (DT ) (NNP ) (NNP ) (NNS=H )))))) (VP=H (VBP=H ) (ADJP (JJ=H ))) (. ))),12,77117,"0,0716502973"
(ROOT (S=H (NP (NP (NNP ) (NNS ) (POS=H )) (JJ ) (NN ) (JJ ) (NN=H )) (VP=H (VBP=H ) (ADJP (JJ=H ))) (. ))),12,77129,"0,0716614466"
(ROOT (S=H (NP (NP=H (NNP=H )) (VP (ADVP (RB=H )) (VBN=H ) (PP (IN=H ) (NP (NNP ) (NNPS=H ))))) (VP=H (VBP=H ) (ADJP (JJ=H ))) (. ))),12,77141,"0,0716725959"
(ROOT (S=H (NP (NP (NNP ) (NNP=H )) (PRN (-LRB- ) (NP=H (NP=H (NNS=H )) (CC ) (NP (NNS=H ))) (-RRB- )) (NNS=H )) (VP=H (VBP=H ) (ADJP (JJ=H ))) (. ))),12,77153,"0,0716837453"
(ROOT (NP=H (NP=H (JJ ) (NNS=H )) (: ) (S (NP (JJ ) (NN ) (NNS=H )) (VP=H (VBP=H ) (ADJP (JJ=H )))) (. ))),12,77165,"0,0716948946"
(ROOT (S=H (NP (NP=H (NNP ) (NNPS ) (NN=H )) (NP (CD ) (: ) (CD=H ))) (VP=H (VBP=H ) (ADJP (JJ=H ))) (. ))),12,77177,"0,071706044"
(ROOT (S=H (NP (NNP ) (NNPS ) (NNPS ) (NN=H )) (VP=H (VBD=H ) (SBAR (S=H (NP (JJ ) (NNS=H )) (VP=H (VBP=H ) (ADJP (JJ=H )))))) (. ))),12,77189,"0,0717171933"
(ROOT (S=H (NP (NP=H (JJ ) (NN=H )) (PP (IN=H ) (NP (NP=H (DT ) (JJ ) (NN=H )) (PP (IN=H ) (NP (JJ ) (NNS=H )))))) (VP=H (VBP=H ) (ADJP (JJ=H ))) (. ))),12,77201,"0,0717283426"
(ROOT (NP=H (NP=H (JJ ) (NNP ) (NN ) (NNS=H )) (: ) (S (NP (NN ) (NNS=H )) (VP=H (VBP=H ) (ADJP (JJ=H )))) (. ))),12,77213,"0,071739492"
(ROOT (S=H (NP (NP=H (NNS ) (NN ) (NNS=H )) (PP (IN=H ) (NP (NNP=H )))) (VP=H (VBP=H ) (ADJP (JJ=H ))) (. ))),12,77225,"0,0717506413"
(ROOT (NP=H (NP=H (NNP=H )) (: ) (NP (NP=H (NNP ) (NNP=H )) (SBAR (S=H (NP (NP=H (JJ ) (NN=H )) (PP (IN=H ) (NP (NNP=H )))) (VP=H (VBP=H ) (ADJP (JJ=H )))))) (. ))),12,77237,"0,0717617907"
(ROOT (S=H (NP (NP=H (NNP=H )) (PP (IN=H ) (NP (NNPS=H )))) (VP=H (VBP=H ) (ADJP (JJ=H ))) (. ))),11,77248,"0,0717720109"
(ROOT (S=H (NP (NP=H (CD=H )) (PP (IN=H ) (NP (DT ) (NNP ) (NNP ) (NNPS ) (NNP=H )))) (VP=H (VBP=H ) (ADJP (JJ=H ))) (. ))),11,77259,"0,0717822311"
(ROOT (S=H (NP (NNP ) (NNP=H )) (NP (DT ) (NNP ) (NN ) (NNS=H )) (VP=H (VBP=H ) (ADJP (JJ=H ))) (. ))),11,77270,"0,0717924513"
(ROOT (S=H (NP (JJ ) (ADJP (JJ ) (NN=H )) (NN ) (NNS=H )) (VP=H (VBP=H ) (ADJP (JJ=H ))) (. ))),11,77281,"0,0718026716"
"(ROOT (S=H (NP (NP=H (JJ ) (NNS ) (NN=H )) (, ) (NP (CD ) (NN ) (NNS=H ))) (VP=H (VBP=H ) (ADJP (JJ=H ))) (. )))",11,77292,"0,0718128918"
"(ROOT (S=H (S (VP=H (VBG=H ) (NP (NNP=H )))) (, ) (NP (NNP ) (NNP=H )) (VP=H (VBP=H ) (ADJP (JJ=H ))) (. )))",11,77303,"0,071823112"
(ROOT (S=H (NP (NP=H (NNP=H )) (VP (VBG=H ) (NP (NNS=H )))) (VP=H (VBP=H ) (ADJP (JJ=H ))) (. ))),11,77314,"0,0718333322"
(ROOT (S=H (NP (NNP=H )) (PP (IN=H ) (NP (NNS=H ))) (VP=H (VBP=H ) (ADJP (JJ=H ))) (. ))),11,77325,"0,0718435525"
(ROOT (S=H (NP (NP (NNP ) (NNPS=H )) (PRN (-LRB- ) (NP=H (CD=H )) (-RRB- )) (NNS=H )) (VP=H (VBP=H ) (ADJP (JJ=H ))) (. ))),11,77336,"0,0718537727"
(ROOT (S=H (NP (NP (NNS=H )) (PRN (-LRB- ) (NP=H (NNP=H )) (-RRB- )) (NNS=H )) (VP=H (VBP=H ) (ADJP (JJ=H ))) (. ))),11,77347,"0,0718639929"
(ROOT (S=H (NP (NP=H (NNP=H )) (PP (IN=H ) (NP (NNP ) (CC ) (NNP ) (NNPS=H )))) (VP=H (VBP=H ) (ADJP (JJ=H ))) (. ))),11,77358,"0,0718742132"
(ROOT (S=H (NP (NP=H (NNP=H )) (PP (IN=H ) (NP (NP=H (DT ) (NNP ) (NNS=H )) (PP (IN=H ) (NP (NN=H )))))) (VP=H (VBP=H ) (ADJP (JJ=H ))) (. ))),11,77369,"0,0718844334"
(ROOT (S=H (NP (NNP=H )) (VP=H (VBD=H ) (SBAR (S=H (NP (NP=H (NNS=H )) (PP (IN=H ) (NP (DT ) (NNP ) (NNPS=H )))) (VP=H (VBP=H ) (ADJP (JJ=H )))))) (. ))),11,77380,"0,0718946536"
(ROOT (NP=H (NP=H (NNP ) (NNP ) (NNP=H )) (: ) (S (NP (NNP ) (NNP ) (NNS=H )) (VP=H (VBP=H ) (ADJP (JJ=H )))) (. ))),11,77391,"0,0719048738"
"(ROOT (S=H (NP (NAC (NNP=H ) (PP (IN=H ) (NP (NNP ) (NNP=H )))) (, ) (NNP ) (NNP=H )) (VP=H (VBP=H ) (ADJP (JJ=H ))) (. )))",11,77402,"0,0719150941"
(ROOT (S=H (NP (NP=H (NNP ) (NNP=H )) (CC ) (NP (DT ) (NNP ) (NNP ) (NNP ) (NNS=H ))) (VP=H (VBP=H ) (ADJP (JJ=H ))) (. ))),11,77413,"0,0719253143"
(ROOT (S=H (NP (NP=H (NNP=H )) (VP (VBG=H ) (NP (JJ ) (NNS=H )))) (VP=H (VBP=H ) (ADJP (JJ=H ))) (. ))),11,77424,"0,0719355345"
(ROOT (S=H (NP (NP=H (NNP ) (NN=H )) (PP (IN=H ) (NP (NN ) (NN ) (NNS=H )))) (VP=H (VBP=H ) (ADJP (JJ=H ))) (. ))),11,77435,"0,0719457547"
(ROOT (S=H (NP (NP=H (NNP ) (NNP=H )) (PP (IN=H ) (NP (NNP ) (CC ) (NNP ) (NNP ) (NNS=H )))) (VP=H (VBP=H ) (ADJP (JJ=H ))) (. ))),11,77446,"0,071955975"
(ROOT (S=H (NP (NP (NNP ) (NNP ) (NNPS=H )) (PRN (-LRB- ) (NP=H (NN=H )) (-RRB- )) (NNS=H )) (VP=H (VBP=H ) (ADJP (JJ=H ))) (. ))),11,77457,"0,0719661952"
(ROOT (S=H (NP (NP=H (NNP=H )) (VP (VBG=H ) (PP (IN=H ) (NP (DT ) (NNP ) (NNPS=H ))))) (VP=H (VBP=H ) (ADJP (JJ=H ))) (. ))),11,77468,"0,0719764154"
(ROOT (S=H (NP (NP=H (NNP=H )) (PP (IN=H ) (NP (DT ) (JJ ) (JJ ) (NNS=H )))) (VP=H (VBP=H ) (ADJP (JJ=H ))) (. ))),11,77479,"0,0719866357"
(ROOT (NP=H (NP=H (NNP ) (NNP=H )) (: ) (S (NP (NNP ) (NNP ) (NNP ) (NNS=H )) (VP=H (VBP=H ) (ADJP (JJ=H )))) (. ))),11,77490,"0,0719968559"
(ROOT (S=H (NP (NP (DT ) (NNPS=H )) (PRN (-LRB- ) (NP=H (JJ ) (NN=H )) (-RRB- )) (NNS=H )) (VP=H (VBP=H ) (ADJP (JJ=H ))) (. ))),11,77501,"0,0720070761"
(ROOT (S=H (NP (NNP=H )) (VP=H (VBD=H ) (SBAR (S=H (NP (NP=H (NNS=H )) (PP (IN=H ) (NP (NNP ) (NNP ) (NNP=H )))) (VP=H (VBP=H ) (ADJP (JJ=H )))))) (. ))),11,77512,"0,0720172963"
(ROOT (S=H (NP (NNP=H )) (VP=H (VBD=H ) (SBAR (S=H (NP (NP=H (NNS=H )) (PP (IN=H ) (NP (NNP ) (NNS=H )))) (VP=H (VBP=H ) (ADJP (JJ=H )))))) (. ))),11,77523,"0,0720275166"
(ROOT (S=H (NP (NP=H (NNP ) (NNPS ) (NNP ) (NNP=H )) (PP (IN=H ) (NP (NNP ) (NNS=H )))) (VP=H (VBP=H ) (ADJP (JJ=H ))) (. ))),11,77534,"0,0720377368"
(ROOT (S=H (NP (NP (DT ) (NN=H )) (PRN (-LRB- ) (NP=H (NN ) (NN=H )) (-RRB- )) (NNS=H )) (VP=H (VBP=H ) (ADJP (JJ=H ))) (. ))),11,77545,"0,072047957"
(ROOT (S=H (NP (NP=H (NNP ) (NNPS ) (NNP ) (NNS=H )) (PP (IN=H ) (NP (NNP ) (NNP=H )))) (VP=H (VBP=H ) (ADJP (JJ=H ))) (. ))),11,77556,"0,0720581773"
"(ROOT (S=H (NP (NNP ) (NNPS ) (JJ ) (NN=H )) (, ) (ADVP (RB=H )) (VP=H (VBP=H ) (ADJP (JJ=H ))) (. )))",11,77567,"0,0720683975"
(ROOT (S=H (NP (NNP=H )) (VP=H (VBD=H ) (SBAR (S=H (NP (NP=H (NNS=H )) (PP (IN=H ) (NP (JJ ) (NN=H )))) (VP=H (VBP=H ) (ADJP (JJ=H )))))) (. ))),11,77578,"0,0720786177"
(ROOT (S=H (NP (NP=H (NNP ) (CC ) (NNP ) (NNP=H )) (NP (NN ) (NNS=H ))) (VP=H (VBP=H ) (ADJP (JJ=H ))) (. ))),11,77589,"0,0720888379"
(ROOT (NP=H (NP=H (CD=H )) (: ) (S (NP (CD ) (NNP ) (NNS ) (NNS=H )) (VP=H (VBP=H ) (ADJP (JJ=H )))) (. ))),11,77600,"0,0720990582"
(ROOT (S=H (NP (NP=H (NNP ) (NNP=H )) (PP (IN=H ) (NP (JJ ) (PRN (-LRB- ) (NP=H (NNP=H )) (-RRB- )) (NNS=H )))) (VP=H (VBP=H ) (ADJP (JJ=H ))) (. ))),11,77611,"0,0721092784"
(ROOT (S=H (NP (NNP=H )) (VP=H (VBD=H ) (NP (NP=H (NNS=H )) (SBAR (S=H (NP (NP=H (DT ) (NNPS=H )) (PRN (-LRB- ) (NP=H (NN=H ) (CD )) (-RRB- ))) (VP=H (VBP=H ) (ADJP (JJ=H ))))))) (. ))),11,77622,"0,0721194986"
(ROOT (S=H (NP (NNP=H )) (VP=H (VBD=H ) (NP (NP=H (NNS=H )) (SBAR (S=H (NP (NP=H (NP=H (DT ) (NNPS=H )) (PRN (-LRB- ) (NP=H (NN=H ) (CD )) (-RRB- ))) (ADJP (JJ ) (JJ=H ))) (VP=H (VBP=H ) (ADJP (JJ=H ))))))) (. ))),11,77633,"0,0721297188"
(ROOT (S=H (NP (NP=H (NNP ) (JJ ) (NNS ) (NNS=H )) (PP (IN=H ) (NP (NNP ) (JJ ) (NN=H )))) (VP=H (VBP=H ) (ADJP (JJ=H ))) (. ))),11,77644,"0,0721399391"
(ROOT (S=H (NP (NNP=H )) (VP=H (VBD=H ) (NP (NP=H (NNS=H )) (SBAR (S=H (NP (NP=H (DT ) (NNPS=H )) (PRN (-LRB- ) (NP=H (NN=H ) (CD )) (-RRB- ))) (VP=H (VBD=H ) (SBAR (S=H (NP (NN=H )) (VP=H (VBP=H ) (ADJP (JJ=H )))))))))) (. ))),11,77655,"0,0721501593"
(ROOT (S=H (NP (NP=H (NNP ) (NNP=H )) (PP (IN=H ) (NP (NP=H (NNP ) (NNPS=H )) (PP (IN=H ) (NP (NP=H (NNP ) (NNP=H )) (PP (IN=H ) (NP (NN=H )))))))) (VP=H (VBP=H ) (ADJP (JJ=H ))) (. ))),11,77666,"0,0721603795"
(ROOT (S=H (NP (NP=H (NNP=H ) (CD )) (PP (IN=H ) (NP (NP=H (DT ) (JJ ) (NN=H )) (PP (IN=H ) (NP (NNP ) (NNPS=H )))))) (VP=H (VBP=H ) (ADJP (JJ=H ))) (. ))),11,77677,"0,0721705998"
(ROOT (S=H (NP (NP=H (NNP ) (NNPS ) (NNP=H )) (PP (IN=H ) (NP (NP=H (NNP=H )) (PP (IN=H ) (NP (DT ) (NNP ) (NNP=H )))))) (VP=H (VBP=H ) (ADJP (JJ=H ))) (. ))),11,77688,"0,07218082"
(ROOT (S=H (NP (NP=H (CD=H )) (NP (NNP ) (NNP ) (NNPS ) (NNP=H ))) (VP=H (VBP=H ) (ADJP (JJ=H ))) (. ))),11,77699,"0,0721910402"
"(ROOT (S=H (ADVP (RB=H )) (NP (NAC (NNP=H ) (, ) (NNP )) (NNS=H )) (VP=H (VBP=H ) (ADJP (JJ=H ))) (. )))",11,77710,"0,0722012604"
(ROOT (S=H (NP (NNP ) (NNP=H )) (VP=H (VBZ=H ) (NP (NP=H (-LRB- ) (NNP=H ) (-RRB- )) (SBAR (S=H (NP (JJ ) (NNS=H )) (VP=H (VBP=H ) (ADJP (JJ=H ))))))) (. ))),11,77721,"0,0722114807"
(ROOT (S=H (NP (NNP ) (NNP ) (PRN (-LRB- ) (NP=H (NNP ) (NNP=H )) (-RRB- )) (NNP=H )) (VP=H (VBP=H ) (ADJP (JJ=H ))) (. ))),11,77732,"0,0722217009"
(ROOT (S=H (NP (NP (NNP ) (NNPS ) (NNP ) (POS=H )) (NN ) (NN=H )) (VP=H (VBP=H ) (ADJP (JJ=H ))) (. ))),11,77743,"0,0722319211"
(ROOT (S=H (NP (NP=H (NNP=H )) (PP (IN=H ) (NP (NP=H (DT ) (NNP ) (NNS=H )) (PP (IN=H ) (NP (NNP=H )))))) (VP=H (VBP=H ) (ADJP (JJ=H ))) (. ))),11,77754,"0,0722421413"
(ROOT (S=H (NP (NP (NNP ) (NNP=H )) (PRN (-LRB- ) (NP=H (NNP ) (NNP ) (NNP=H )) (-RRB- )) (NNS=H )) (VP=H (VBP=H ) (ADJP (JJ=H ))) (. ))),11,77765,"0,0722523616"
(ROOT (S=H (NP (CD ) (JJ ) (NNP ) (NNPS ) (NNS=H )) (VP=H (VBP=H ) (ADJP (JJ=H ))) (. ))),11,77776,"0,0722625818"
(ROOT (S=H (NP (CD ) (NNP ) (NNP ) (NNP ) (NNP ) (NNS ) (NN=H )) (NP-TMP (NN=H )) (VP=H (VBP=H ) (ADJP (JJ=H ))) (. ))),11,77787,"0,072272802"
"(ROOT (S=H (NP (NP=H (JJ ) (JJ ) (NN ) (NNS ) (, ) (NNS=H ) (CC ) (NNS )) (PP (IN=H ) (NP (NNP=H )))) (VP=H (VBP=H ) (ADJP (JJ=H ))) (. )))",11,77798,"0,0722830223"
(ROOT (S=H (NP (NP (DT ) (NNP ) (NNP=H )) (PRN (-LRB- ) (NP=H (NN=H ) (CD )) (-RRB- )) (NNS=H )) (VP=H (VBP=H ) (ADJP (JJ=H ))) (. ))),11,77809,"0,0722932425"
(ROOT (S=H (NP (JJ ) (PRN (-LRB- ) (NP=H (JJ ) (JJ ) (NN=H )) (-RRB- )) (NNS=H )) (VP=H (VBP=H ) (ADJP (JJ=H ))) (. ))),11,77820,"0,0723034627"
(ROOT (NP=H (NP=H (NNP=H )) (: ) (NP (NP=H (NNP ) (NNP=H )) (SBAR (S=H (NP (NP (NNS ) (POS=H )) (NN=H )) (VP=H (VBP=H ) (ADJP (JJ=H )))))) (. ))),11,77831,"0,0723136829"
(ROOT (S=H (NP (NP=H (JJ ) (NN=H )) (PP (IN=H ) (NP (NNP ) (NN ) (NNS=H )))) (VP=H (VBP=H ) (ADJP (JJ=H ))) (. ))),11,77842,"0,0723239032"
(ROOT (S=H (NP (NP=H (NNP ) (NNP ) (NNPS ) (NNP=H )) (PP (IN=H ) (NP (NNP ) (NNP=H )))) (VP=H (VBP=H ) (ADJP (JJ=H ))) (. ))),11,77853,"0,0723341234"
"(ROOT (S=H (S (NP (NNS=H )) (VP=H (VBN=H ) (PP (IN=H ) (NP (NP (NNP ) (POS=H )) (NNP=H ))))) (, ) (NP (NNP=H )) (VP=H (VBP=H ) (ADJP (JJ=H ))) (. )))",11,77864,"0,0723443436"
(ROOT (S=H (NP (NNP ) (NNPS ) (NNPS ) (NN=H )) (VP=H (VBP=H ) (SBAR (S=H (NP (NNS=H )) (VP=H (VBP=H ) (ADJP (JJ=H )))))) (. ))),11,77875,"0,0723545638"
(ROOT (S=H (NP (NP=H (NNP=H )) (PP (IN=H ) (NP (NNP ) (NN ) (NNS=H ))) (NP-TMP (CD ) (NN=H ))) (VP=H (VBP=H ) (ADJP (JJ=H ))) (. ))),11,77886,"0,0723647841"
(ROOT (S=H (NP (NP (JJ ) (NN ) (POS=H )) (NNS ) (NNS=H )) (VP=H (VBP=H ) (ADJP (JJ=H ))) (. ))),11,77897,"0,0723750043"
(ROOT (S=H (NP (NP=H (NN=H )) (PP (IN=H ) (NP (NN ) (NN ) (NNS=H )))) (VP=H (VBP=H ) (ADJP (JJ=H ))) (. ))),10,77907,"0,0723842954"
(ROOT (S=H (NP (NNP=H )) (VP=H (VBD=H ) (SBAR (S=H (NP (PRP=H )) (VP=H (VBP=H ) (SBAR (S=H (NP (NNS=H )) (VP=H (VBP=H ) (ADJP (JJ=H ))))))))) (. ))),10,77917,"0,0723935865"
(ROOT (S=H (NP (NP=H (NNP=H )) (PP (IN=H ) (NP (NP=H (JJ ) (NN=H )) (PP (IN=H ) (NP (DT ) (NNP ) (NNPS=H )))))) (VP=H (VBP=H ) (ADJP (JJ=H ))) (. ))),10,77927,"0,0724028776"
(ROOT (S=H (NP (JJ ) (PRN (-LRB- ) (NP=H (JJ ) (NN=H )) (-RRB- )) (JJ ) (NNS=H )) (VP=H (VBP=H ) (ADJP (JJ=H ))) (. ))),10,77937,"0,0724121688"
(ROOT (S=H (NP (JJ ) (NN ) (CC ) (NNS ) (NNS=H )) (VP=H (VBP=H ) (ADJP (JJ=H ))) (. ))),10,77947,"0,0724214599"
(ROOT (S=H (NP (NP=H (JJ ) (NN ) (CC ) (NN ) (NNS=H )) (PP (IN=H ) (NP (NN=H )))) (VP=H (VBP=H ) (ADJP (JJ=H ))) (. ))),10,77957,"0,072430751"
(ROOT (S=H (NP (NP=H (JJ ) (NNS ) (NNS=H )) (VP (VBG=H ) (NP (NN=H )))) (VP=H (VBP=H ) (ADJP (JJ=H ))) (. ))),10,77967,"0,0724400421"
(ROOT (S=H (NP (NP (JJ ) (JJ ) (NN=H )) (PRN (-LRB- ) (NP=H (NP=H (NNP=H )) (PP (IN=H ) (NP (NNP=H )))) (-RRB- )) (NNS=H )) (VP=H (VBP=H ) (ADJP (JJ=H ))) (. ))),10,77977,"0,0724493332"
(ROOT (S=H (NP (NP=H (NNPS ) (NNS=H )) (PP (IN=H ) (NP (NN=H )))) (VP=H (VBP=H ) (ADJP (JJ=H ))) (. ))),10,77987,"0,0724586243"
(ROOT (S=H (NP (NP=H (NNP ) (FW ) (FW ) (NNP=H )) (NP (NNS=H ))) (VP=H (VBP=H ) (ADJP (JJ=H ))) (. ))),10,77997,"0,0724679155"
(ROOT (S=H (NP (NP=H (NNP ) (NNP=H )) (PP (IN=H ) (NP (NNPS=H ) (CC ) (NNPS )))) (VP=H (VBP=H ) (ADJP (JJ=H ))) (. ))),10,78007,"0,0724772066"
(ROOT (S=H (NP (NP (NNS ) (POS=H )) (NNS=H )) (VP=H (VBP=H ) (ADJP (JJ=H ))) (. ))),10,78017,"0,0724864977"
(ROOT (S=H (NP (ADJP (JJ ) (JJ ) (NN=H )) (NN ) (NNS=H )) (VP=H (VBP=H ) (ADJP (JJ=H ))) (. ))),10,78027,"0,0724957888"
(ROOT (S=H (NP (NNP=H )) (VP=H (VBD=H ) (SBAR (S=H (NP (NP=H (NNS=H )) (PP (IN=H ) (NP (DT ) (NNP ) (NNP=H )))) (VP=H (VBP=H ) (ADJP (JJ=H )))))) (. ))),10,78037,"0,0725050799"
(ROOT (S=H (NP (NNP ) (NNP=H )) (PRN (-LRB- ) (NP=H (NNP ) (NNPS=H )) (-RRB- )) (NP (JJ ) (NNS=H )) (VP=H (VBP=H ) (ADJP (JJ=H ))) (. ))),10,78047,"0,072514371"
(ROOT (S=H (NP (NP=H (JJ ) (NNS ) (NNS=H )) (VP (VBG=H ) (NP (NN ) (NN=H )))) (VP=H (VBP=H ) (ADJP (JJ=H ))) (. ))),10,78057,"0,0725236621"
(ROOT (S=H (NP (NNP=H )) (PRN (-LRB- ) (NP=H (NNP ) (NN=H )) (-RRB- )) (NP (NN ) (NNS=H )) (VP=H (VBP=H ) (ADJP (JJ=H ))) (. ))),10,78067,"0,0725329533"
(ROOT (S=H (NP (NP (NNP=H )) (PRN (-LRB- ) (NP=H (NN=H )) (-RRB- )) (NNS=H )) (PP (IN=H ) (NP (NN=H ))) (VP=H (VBP=H ) (ADJP (JJ=H ))) (. ))),10,78077,"0,0725422444"
(ROOT (S=H (NP (NP=H (NNP=H )) (VP (VBN=H ) (PP (IN=H ) (NP (DT ) (NNP ) (NNPS=H ))))) (VP=H (VBP=H ) (ADJP (JJ=H ))) (. ))),10,78087,"0,0725515355"
(ROOT (S=H (NP (NP=H (NN=H )) (PP (IN=H ) (NP (NP=H (DT ) (NNPS=H )) (PP (IN=H ) (NP (NN=H )))))) (VP=H (VBP=H ) (ADJP (JJ=H ))) (. ))),10,78097,"0,0725608266"
(ROOT (S=H (NP (NP=H (NP (NNP ) (POS=H )) (NNS ) (NNS=H )) (PP (IN=H ) (NP (NN=H )))) (VP=H (VBP=H ) (ADJP (JJ=H ))) (. ))),10,78107,"0,0725701177"
(ROOT (S=H (NP (NP=H (NNP=H )) (PP (IN=H ) (NP (NN ) (NN ) (NN ) (NNS=H )))) (VP=H (VBP=H ) (ADJP (JJ=H ))) (. ))),10,78117,"0,0725794088"
(ROOT (S=H (NP (NNP ) (NNP=H )) (VP=H (VBD=H ) (SBAR (S=H (NP (JJ ) (NN ) (NNS=H )) (VP=H (VBP=H ) (ADJP (JJ=H )))))) (. ))),10,78127,"0,0725887"
"(ROOT (S=H (S (NP (NNS=H )) (VP=H (VBN=H ) (PP (IN=H ) (NP (DT ) (NNP ) (NNP=H ))))) (, ) (NP (NNP=H )) (VP=H (VBP=H ) (ADJP (JJ=H ))) (. )))",10,78137,"0,0725979911"
(ROOT (S=H (NP (NP=H (NNP ) (NNP=H )) (PP (IN=H ) (NP (NN ) (CC ) (NN ) (NNS=H )))) (VP=H (VBP=H ) (ADJP (JJ=H ))) (. ))),10,78147,"0,0726072822"
(ROOT (S=H (NP (JJ ) (ADJP (NNP=H ) (NNP )) (NNS=H )) (VP=H (VBP=H ) (ADJP (JJ=H ))) (. ))),10,78157,"0,0726165733"
(ROOT (S=H (NP (NP=H (NNP=H )) (PP (IN=H ) (NP (NP=H (NNP=H )) (PP (IN=H ) (NP (DT ) (NNPS=H )))))) (VP=H (VBP=H ) (ADJP (JJ=H ))) (. ))),10,78167,"0,0726258644"
(ROOT (S=H (NP (NP=H (NNP ) (NNP=H )) (CC ) (NP (DT ) (JJ ) (NNS=H ))) (VP=H (VBP=H ) (ADJP (JJ=H ))) (. ))),10,78177,"0,0726351555"
(ROOT (S=H (NP (NP=H (NNP ) (NNP ) (NNP=H )) (PP (IN=H ) (NP (NNPS=H )))) (VP=H (VBP=H ) (ADJP (JJ=H ))) (. ))),10,78187,"0,0726444467"
(ROOT (S=H (NP (NNP ) (NNP ) (NNP=H )) (VP=H (VBP=H ) (SBAR (S=H (NP (NNP ) (NNS=H )) (VP=H (VBP=H ) (ADJP (JJ=H )))))) (. ))),10,78197,"0,0726537378"
(ROOT (S=H (NP (NP=H (NNP ) (NNPS ) (JJ ) (NNS=H )) (NP (NN ) (NNS=H ))) (VP=H (VBP=H ) (ADJP (JJ=H ))) (. ))),10,78207,"0,0726630289"
(ROOT (S=H (NP (ADJP (NP (CD ) (NNS=H )) (JJ=H )) (NNS=H )) (VP=H (VBP=H ) (ADJP (JJ=H ))) (. ))),10,78217,"0,07267232"
(ROOT (S=H (NP (NP=H (NNP ) (NNPS ) (NNPS=H )) (PP (IN=H ) (NP (NNP ) (NNP=H )))) (VP=H (VBP=H ) (ADJP (JJ=H ))) (. ))),10,78227,"0,0726816111"
(ROOT (S=H (NP (NP=H (NNP ) (CC ) (NNP ) (NNP=H )) (NP (NNS=H ))) (VP=H (VBP=H ) (ADJP (JJ=H ))) (. ))),10,78237,"0,0726909022"
(ROOT (S=H (NP (NNP=H )) (VP=H (VBD=H ) (SBAR (S=H (NP (NP=H (NNS=H )) (PP (IN=H ) (NP (NNP ) (NNPS=H )))) (VP=H (VBP=H ) (ADJP (JJ=H )))))) (. ))),10,78247,"0,0727001933"
(ROOT (S=H (NP (NP=H (JJ ) (NN=H )) (CC ) (NP (JJ ) (NNS=H ))) (VP=H (VBP=H ) (ADJP (JJ=H ))) (. ))),10,78257,"0,0727094845"
(ROOT (S=H (NP (NP=H (NNP ) (NNPS ) (NNP ) (NNP=H )) (PP (IN=H ) (NP (NNP=H )))) (VP=H (VBP=H ) (ADJP (JJ=H ))) (. ))),10,78267,"0,0727187756"
(ROOT (S=H (NP (NP=H (NNP=H )) (PP (IN=H ) (NP (NP=H (NNP=H )) (PP (IN=H ) (NP (NNP ) (NNP ) (NNS=H )))))) (VP=H (VBP=H ) (ADJP (JJ=H ))) (. ))),10,78277,"0,0727280667"
(ROOT (S=H (NP (NNP ) (NNP ) (CC ) (NNP ) (JJ ) (NNS=H )) (VP=H (VBP=H ) (ADJP (JJ=H ))) (. ))),10,78287,"0,0727373578"
"(ROOT (S=H (NP (NP (NNP ) (NNP ) (NNP=H )) (PRN (-LRB- ) (NP=H (NNP ) (NNP=H )) (, ) (NP (NNP=H )) (-RRB- )) (NNS=H )) (VP=H (VBP=H ) (ADJP (JJ=H ))) (. )))",10,78297,"0,0727466489"
"(ROOT (S=H (S (NP (NNS=H )) (VP=H (VBN=H ) (PP (IN=H ) (NP (NNP ) (NNP ) (NNP ) (NNP=H ))))) (, ) (NP (NNP=H )) (VP=H (VBP=H ) (ADJP (JJ=H ))) (. )))",10,78307,"0,07275594"
(ROOT (S=H (NP (NP=H (JJ ) (NN=H )) (PP (IN=H ) (NP (DT ) (NN ) (NNS=H )))) (VP=H (VBP=H ) (ADJP (JJ=H ))) (. ))),10,78317,"0,0727652312"
(ROOT (S=H (NP (NP=H (NP (NNP ) (NNP ) (POS=H )) (NNP=H )) (PP (IN=H ) (NP (NNP ) (NNS=H )))) (VP=H (VBP=H ) (ADJP (JJ=H ))) (. ))),10,78327,"0,0727745223"
(ROOT (S=H (NP (NP=H (NNP ) (NNPS ) (NN=H )) (PP (IN=H ) (NP (NP=H (NNS ) (NNS=H )) (VP (VBN=H ) (PP (IN=H ) (NP (NNP ) (NNP=H ))))))) (VP=H (VBP=H ) (ADJP (JJ=H ))) (. ))),10,78337,"0,0727838134"
(ROOT (S=H (NP (NNP ) (CC ) (NNP ) (NNPS ) (NN=H )) (VP=H (VBP=H ) (ADJP (JJ=H ))) (. ))),10,78347,"0,0727931045"
"(ROOT (S=H (NP (NP=H (NNP ) (NNP=H )) (PP (IN=H ) (NP (NP=H (NNP ) (NNPS ) (NNP=H )) (PP (IN=H ) (NP (NP=H (NNP ) (NNP=H )) (, ) (NP (NNP=H ))))))) (VP=H (VBP=H ) (ADJP (JJ=H ))) (. )))",10,78357,"0,0728023956"
"(ROOT (S=H (NP (NP (NNP ) (NNP ) (NNP ) (NNP=H )) (PRN (-LRB- ) (NP=H (NNP=H )) (, ) (NP (NNP=H )) (-RRB- )) (NNS=H )) (VP=H (VBP=H ) (ADJP (JJ=H ))) (. )))",10,78367,"0,0728116867"
(ROOT (S=H (S=H (NP (NNP ) (NNP=H )) (VP=H (VBZ=H ) (PP (IN=H ) (NP (NN=H ))))) (: ) (S (NP (NNS=H )) (VP=H (VBP=H ) (ADJP (JJ=H )))) (. ))),10,78377,"0,0728209779"
(ROOT (S=H (NP (NNP ) (NNP ) (NNPS ) (NN=H )) (VP=H (VBP=H ) (SBAR (S=H (NP (NNS=H )) (VP=H (VBP=H ) (ADJP (JJ=H )))))) (. ))),10,78387,"0,072830269"
(ROOT (S=H (NP (NP=H (JJ ) (NN ) (NN=H )) (PP (IN=H ) (NP (JJ ) (NNS=H )))) (VP=H (VBP=H ) (ADJP (JJ=H ))) (. ))),10,78397,"0,0728395601"
(ROOT (NP=H (NP=H (NNP=H )) (: ) (S (NP (NNP ) (JJ ) (NN=H )) (VP=H (VBP=H ) (ADJP (JJ=H )))) (. ))),10,78407,"0,0728488512"
(ROOT (S=H (NP (NP=H (NNP ) (NNPS ) (NNP ) (NNP ) (NNP ) (NNS=H )) (PP (IN=H ) (NP (NNP ) (NNP=H )))) (VP=H (VBP=H ) (ADJP (JJ=H ))) (. ))),10,78417,"0,0728581423"
(ROOT (S=H (NP (NP=H (NNP ) (NNP ) (NN=H )) (PP (IN=H ) (NP (NP=H (DT ) (NNP ) (NNPS=H )) (PP (IN=H ) (NP (NN=H )))))) (VP=H (VBP=H ) (ADJP (JJ=H ))) (. ))),10,78427,"0,0728674334"
"(ROOT (S=H (PP (IN=H ) (NP (JJ ) (JJ ) (NNS=H ))) (, ) (NP (NNS=H )) (VP=H (VBP=H ) (ADJP (JJ=H ))) (. )))",10,78437,"0,0728767245"
(ROOT (S=H (NP (NP=H (JJ ) (NN=H )) (VP (VBN=H ) (PP (IN=H ) (NP (DT ) (NNS=H ))))) (VP=H (VBP=H ) (ADJP (JJ=H ))) (. ))),10,78447,"0,0728860157"
(ROOT (NP=H (NP=H (NNP ) (NNP ) (NNP ) (NNP ) (NNP=H )) (: ) (S (NP (NP (NNP ) (POS=H )) (NN=H )) (VP=H (VBP=H ) (ADJP (JJ=H )))) (. ))),10,78457,"0,0728953068"
(ROOT (S=H (NP (NP (NNS ) (POS=H )) (JJ ) (NNP ) (PRN (-LRB- ) (NP=H (NNP=H )) (-RRB- )) (NNP=H )) (VP=H (VBP=H ) (ADJP (JJ=H ))) (. ))),10,78467,"0,0729045979"
(ROOT (S=H (NP (NNP=H )) (VP=H (VBZ=H ) (SBAR (S=H (NP (NP=H (NNS=H )) (PP (IN=H ) (NP (NNP ) (NNP=H )))) (VP=H (VBP=H ) (ADJP (JJ=H )))))) (. ))),10,78477,"0,072913889"
(ROOT (S=H (NP (NP=H (CD ) (NN=H )) (PP (IN=H ) (NP (DT ) (NNP ) (NNPS=H )))) (VP=H (VBP=H ) (ADJP (JJ=H ))) (. ))),10,78487,"0,0729231801"
(ROOT (S=H (NP (NP=H (JJ ) (NNS ) (NN=H )) (CC ) (NP (NN ) (NNS=H ))) (VP=H (VBP=H ) (ADJP (JJ=H ))) (. ))),10,78497,"0,0729324712"
(ROOT (S=H (NP (NP=H (NNP ) (NNP=H )) (PP (IN=H ) (NP (NP=H (NP=H (NNP=H )) (PRN (-LRB- ) (NP=H (NP=H (CD=H )) (: ) (NP (CD=H ))) (-RRB- ))) (NP (NP=H (NNS=H )) (PP (IN=H ) (NP (DT ) (JJ ) (JJ ) (JJ ) (NN=H ))))))) (VP=H (VBP=H ) (ADJP (JJ=H ))) (. ))),10,78507,"0,0729417624"
(ROOT (S=H (NP (NP=H (NNP ) (NNP ) (NNP ) (NN ) (NN=H )) (NP (JJ ) (NNS=H ))) (VP=H (VBP=H ) (ADJP (JJ=H ))) (. ))),10,78517,"0,0729510535"
"(ROOT (S=H (NP (JJ ) (NN ) (NN ) (, ) (NN ) (NNS ) (NNS=H )) (VP=H (VBP=H ) (ADJP (JJ=H ))) (. )))",10,78527,"0,0729603446"
(ROOT (S=H (NP (NP=H (NNP=H )) (VP (ADVP (RB=H )) (VBN=H ) (PP (IN=H ) (NP (NN ) (NNS=H ))))) (VP=H (VBP=H ) (ADJP (JJ=H ))) (. ))),10,78537,"0,0729696357"
(ROOT (S=H (NP (NP=H (NP (NNP ) (NNP ) (POS=H )) (NNP=H )) (PP (IN=H ) (NP (JJ ) (NNS=H )))) (VP=H (VBP=H ) (ADJP (JJ=H ))) (. ))),10,78547,"0,0729789268"
(ROOT (S=H (NP (NAC (NNPS=H ) (PP (IN=H ) (NP (NNP=H )))) (NNP ) (NNP=H )) (VP=H (VBP=H ) (ADJP (JJ=H ))) (. ))),10,78557,"0,0729882179"
(ROOT (S=H (NP (NP=H (NN ) (NN=H )) (VP (VBN=H ) (PP (IN=H ) (NP (DT ) (NNS=H ))))) (VP=H (VBP=H ) (ADJP (JJ=H ))) (. ))),10,78567,"0,0729975091"
"(ROOT (S=H (S (ADVP (RB=H )) (ADJP=H (NNP=H ))) (, ) (NP (NNP ) (NNP=H )) (VP=H (VBP=H ) (ADJP (JJ=H ))) (. )))",10,78577,"0,0730068002"
(ROOT (NP=H (NP=H (NNP ) (NNP ) (NNP=H )) (: ) (S (NP (NP (NNP ) (POS=H )) (NN=H )) (VP=H (VBP=H ) (ADJP (JJ=H )))) (. ))),10,78587,"0,0730160913"
(ROOT (S=H (NP (NP=H (NNP ) (NNP ) (NNP=H )) (VP (VBN=H ) (PP (IN=H ) (NP (DT ) (NNS=H ))))) (VP=H (VBP=H ) (ADJP (JJ=H ))) (. ))),10,78597,"0,0730253824"
(ROOT (S=H (NP (NNP ) (NNP=H )) (VP=H (VBP=H ) (SBAR (S=H (NP (CD ) (NNS=H )) (VP=H (VBP=H ) (ADJP (JJ=H )))))) (. ))),10,78607,"0,0730346735"
(ROOT (S=H (NP (NP=H (NNP=H )) (PP (VBN=H ) (PP (IN=H ) (NP (NNP ) (NN ) (NNS=H ))))) (VP=H (VBP=H ) (ADJP (JJ=H ))) (. ))),10,78617,"0,0730439646"
(ROOT (S=H (NP (CD ) (VBG ) (NNS ) (NNS=H )) (VP=H (VBP=H ) (ADJP (JJ=H ))) (. ))),10,78627,"0,0730532557"
(ROOT (S=H (NP (NP=H (CD=H )) (VP (VBG=H ) (NP (NN ) (NNS=H ) (CC ) (NNS )))) (VP=H (VBP=H ) (ADJP (JJ=H ))) (. ))),10,78637,"0,0730625469"
(ROOT (S=H (NP (NNP=H )) (VP=H (VBD=H ) (SBAR (S=H (NP (NP=H (NNS=H )) (PP (IN=H ) (NP (NNS=H ) (CC ) (NNS )))) (VP=H (VBP=H ) (ADJP (JJ=H )))))) (. ))),9,78646,"0,0730709089"
(ROOT (S=H (NP (NN ) (NN ) (NNS ) (NNS=H )) (VP=H (VBP=H ) (ADJP (JJ=H ))) (. ))),9,78655,"0,0730792709"
(ROOT (S=H (NP (JJ ) (JJ ) (NNS ) (CC ) (NNS ) (NNS=H )) (VP=H (VBP=H ) (ADJP (JJ=H ))) (. ))),9,78664,"0,0730876329"
(ROOT (S=H (NP (NP=H (NNP ) (NNPS ) (NNP=H )) (NP (CD ) (NNS=H ))) (VP=H (VBP=H ) (ADJP (JJ=H ))) (. ))),9,78673,"0,0730959949"
(ROOT (S=H (NP (CD ) (ADJP (JJ ) (NN=H )) (NN ) (NNS=H )) (VP=H (VBP=H ) (ADJP (JJ=H ))) (. ))),9,78682,"0,0731043569"
(ROOT (S=H (NP (NP=H (DT ) (NNP ) (NNP=H )) (PP (IN=H ) (NP (NNP ) (NNS=H )))) (VP=H (VBP=H ) (ADJP (JJ=H ))) (. ))),9,78691,"0,0731127189"
(ROOT (S=H (NP (NNP=H )) (VP=H (VBZ=H ) (SBAR (S=H (NP (NN ) (NNS=H )) (VP=H (VBP=H ) (ADJP (JJ=H )))))) (. ))),9,78700,"0,0731210809"
(ROOT (S=H (NP (NP=H (NNP=H )) (CC ) (NP (DT ) (NNPS ) (NNS=H ))) (VP=H (VBP=H ) (ADJP (JJ=H ))) (. ))),9,78709,"0,0731294429"
(ROOT (S=H (NP (NP=H (NNP ) (NNP ) (FW ) (NNP=H )) (NP (NNS=H ))) (VP=H (VBP=H ) (ADJP (JJ=H ))) (. ))),9,78718,"0,0731378049"
(ROOT (S=H (NP (NP=H (JJ ) (NNS ) (NNS=H )) (PP (IN=H ) (NP (NNS=H )))) (VP=H (VBP=H ) (ADJP (JJ=H ))) (. ))),9,78727,"0,0731461669"
"(ROOT (S=H (NP (NAC (NNP=H ) (, ) (NNP )) (NNS=H )) (VP=H (VBP=H ) (ADJP (JJ=H ))) (. )))",9,78736,"0,0731545289"
"(ROOT (S=H (S (NP=H (NP (NNP ) (POS=H )) (NNP=H ))) (, ) (NP (NNP=H )) (VP=H (VBP=H ) (ADJP (JJ=H ))) (. )))",9,78745,"0,0731628909"
(ROOT (S=H (NP (NP=H (NNP=H )) (VP (VBG=H ) (NP (NNS=H )) (PP (IN=H ) (NP (NN=H ))))) (VP=H (VBP=H ) (ADJP (JJ=H ))) (. ))),9,78754,"0,0731712529"
(ROOT (S=H (NP (NNP ) (NNP ) (CC ) (NNP ) (NNP ) (NN ) (NNS=H )) (VP=H (VBP=H ) (ADJP (JJ=H ))) (. ))),9,78763,"0,0731796149"
(ROOT (S=H (NP (NP=H (NNP ) (NNP ) (NNP=H )) (PP (IN=H ) (NP (DT ) (NNP ) (NNPS ) (NNP ) (NNP=H )))) (VP=H (VBP=H ) (ADJP (JJ=H ))) (. ))),9,78772,"0,0731879769"
(ROOT (S=H (NP (NNPS ) (CC ) (NNS ) (NNS=H )) (VP=H (VBP=H ) (ADJP (JJ=H ))) (. ))),9,78781,"0,0731963389"
(ROOT (S=H (NP (NP=H (NNP=H )) (PP (IN=H ) (NP (NP=H (NN ) (NN=H )) (PP (IN=H ) (NP (DT ) (NNP ) (NNPS=H )))))) (VP=H (VBP=H ) (ADJP (JJ=H ))) (. ))),9,78790,"0,0732047009"
(ROOT (S=H (NP (NP=H (NNP ) (NNP=H )) (PP (IN=H ) (NP (NP=H (DT ) (NNP ) (NNS=H )) (PP (IN=H ) (NP (JJ ) (NN=H )))))) (VP=H (VBP=H ) (ADJP (JJ=H ))) (. ))),9,78799,"0,0732130629"
(ROOT (S=H (NP (NP=H (NNP ) (NNP ) (NNP=H )) (CC ) (NP (JJ ) (NNS=H ))) (VP=H (VBP=H ) (ADJP (JJ=H ))) (. ))),9,78808,"0,0732214249"
(ROOT (S=H (NP (NP=H (NNP=H )) (PP (IN=H ) (NP (NP=H (NNP ) (NNS=H )) (PP (IN=H ) (NP (NNS=H )))))) (VP=H (VBP=H ) (ADJP (JJ=H ))) (. ))),9,78817,"0,0732297869"
(ROOT (S=H (NP (NP=H (NN ) (NN=H )) (PP (IN=H ) (NP (NP=H (DT ) (NNP ) (NNPS=H )) (PP (IN=H ) (NP (NN=H )))))) (VP=H (VBP=H ) (ADJP (JJ=H ))) (. ))),9,78826,"0,0732381489"
(ROOT (S=H (NP (NP=H (JJ ) (NNS ) (NNS=H )) (VP (VBG=H ) (NP (NNS=H )))) (VP=H (VBP=H ) (ADJP (JJ=H ))) (. ))),9,78835,"0,073246511"
(ROOT (S=H (NP (NP=H (NNP=H )) (PP (IN=H ) (NP (DT ) (JJ ) (NNP ) (NNS=H )))) (VP=H (VBP=H ) (ADJP (JJ=H ))) (. ))),9,78844,"0,073254873"
(ROOT (S=H (NP (NP=H (NNP ) (NNP ) (NNP ) (NNP=H )) (PP (IN=H ) (NP (NNP ) (NNPS ) (NNS=H )))) (VP=H (VBP=H ) (ADJP (JJ=H ))) (. ))),9,78853,"0,073263235"
(ROOT (S=H (NP (CD ) (NNP ) (NNS ) (NNS=H )) (VP=H (VBP=H ) (ADJP (JJ=H ))) (. ))),9,78862,"0,073271597"
(ROOT (S=H (NP (NP=H (NNP ) (NNP=H )) (PP (TO=H ) (NP (NNP ) (NNS=H )))) (VP=H (VBP=H ) (ADJP (JJ=H ))) (. ))),9,78871,"0,073279959"
(ROOT (S=H (NP (NNP ) (NNP ) (NNP=H )) (VP=H (VBD=H ) (SBAR (S=H (NP (JJ ) (NNS=H )) (VP=H (VBP=H ) (ADJP (JJ=H )))))) (. ))),9,78880,"0,073288321"
(ROOT (S=H (NP (NNP ) (NNP=H )) (SBAR=H (X (SYM=H )) (S=H (NP (NP=H (VBN ) (NNS=H )) (PP (IN=H ) (NP (NNP ) (NNP=H )))) (VP=H (VBP=H ) (ADJP (JJ=H ))))) (. ))),9,78889,"0,073296683"
(ROOT (S=H (NP (NP (NNP ) (NNPS ) (NNP=H )) (PRN (-LRB- ) (NP=H (NNP=H )) (-RRB- )) (NNS=H )) (VP=H (VBP=H ) (ADJP (JJ=H ))) (. ))),9,78898,"0,073305045"
"(ROOT (S=H (S (VP=H (VBG=H ) (NP (NNS=H )) (PP (IN=H ) (NP (NNP=H ))))) (, ) (NP (NNP=H )) (VP=H (VBP=H ) (ADJP (JJ=H ))) (. )))",9,78907,"0,073313407"
(ROOT (S=H (NP (NP=H (NN ) (NN=H )) (PP (IN=H ) (NP (JJ ) (NNS=H )))) (VP=H (VBP=H ) (ADJP (JJ=H ))) (. ))),9,78916,"0,073321769"
(ROOT (S=H (NP (NP=H (NNP ) (NNP=H )) (PP (IN=H ) (NP (NP=H (DT ) (NNP=H )) (PP (IN=H ) (NP (NNP ) (NNS=H )))))) (VP=H (VBP=H ) (ADJP (JJ=H ))) (. ))),9,78925,"0,073330131"
(ROOT (S=H (NP (NP (NNP ) (NNP ) (NNP ) (JJ ) (NNS ) (POS=H )) (NN ) (NNS=H )) (VP=H (VBP=H ) (ADJP (JJ=H ))) (. ))),9,78934,"0,073338493"
(ROOT (S=H (NP (CD ) (NNP ) (NNPS ) (NN=H )) (VP=H (VBP=H ) (ADJP (JJ=H ))) (. ))),9,78943,"0,073346855"
(ROOT (S=H (NP (NP=H (NNP=H )) (PP (IN=H ) (NP (NN ) (CC ) (NN ) (NNS=H )))) (VP=H (VBP=H ) (ADJP (JJ=H ))) (. ))),9,78952,"0,073355217"
(ROOT (S=H (NP (NP=H (NNP=H )) (CC ) (NP (NP=H (JJ ) (NNS=H )) (PP (IN=H ) (NP (NNP ) (NNP=H ))))) (VP=H (VBP=H ) (ADJP (JJ=H ))) (. ))),9,78961,"0,073363579"
(ROOT (S=H (NP (NP=H (NNP=H )) (PP (IN=H ) (NP (NNP ) (NNP ) (JJ ) (NNS=H )))) (VP=H (VBP=H ) (ADJP (JJ=H ))) (. ))),9,78970,"0,073371941"
"(ROOT (S=H (NP (NAC (NNP=H ) (PP (IN=H ) (NP (NNP ) (, ) (NNP=H )))) (NNP ) (NNP=H )) (VP=H (VBP=H ) (ADJP (JJ=H ))) (. )))",9,78979,"0,073380303"
(ROOT (S=H (NP (NNP ) (NNP ) (NNP=H )) (VP=H (VBZ=H ) (SBAR (S=H (NP (NNS=H )) (VP=H (VBP=H ) (ADJP (JJ=H )))))) (. ))),9,78988,"0,073388665"
(ROOT (S=H (NP (NP=H (NNP ) (FW ) (NNP ) (NNP=H )) (NP (NNS=H ))) (VP=H (VBP=H ) (ADJP (JJ=H ))) (. ))),9,78997,"0,073397027"
(ROOT (S=H (NP (NP=H (NNP=H )) (PP (IN=H ) (NP (NP=H (NNP ) (NNP ) (NNP=H )) (PP (IN=H ) (NP (NN ) (NNS=H )))))) (VP=H (VBP=H ) (ADJP (JJ=H ))) (. ))),9,79006,"0,073405389"
(ROOT (S=H (NP (NP=H (NNP ) (NNP=H )) (PP (IN=H ) (NP (DT ) (NNPS ) (NNPS=H )))) (VP=H (VBP=H ) (ADJP (JJ=H ))) (. ))),9,79015,"0,073413751"
"(ROOT (S=H (S (NP (NNP=H )) (VP=H (VBD=H ) (NP (NNS=H )) (PP (IN=H ) (NP (NNP=H ))))) (, ) (NP (NNP ) (NNP=H )) (VP=H (VBP=H ) (ADJP (JJ=H ))) (. )))",9,79024,"0,073422113"
(ROOT (S=H (NP (NP=H (NNP ) (NNP=H )) (PRN (-LRB- ) (NP=H (NNS=H )) (-RRB- ))) (VP=H (VBP=H ) (ADJP (JJ=H ))) (. ))),9,79033,"0,073430475"
(ROOT (S=H (NP (NP=H (NNP ) (NNP=H )) (PP (IN=H ) (NP (JJS ) (JJ ) (NN ) (NNS=H )))) (VP=H (VBP=H ) (ADJP (JJ=H ))) (. ))),9,79042,"0,073438837"
(ROOT (S=H (NP (NNP ) (NN ) (NN=H )) (VP=H (VBP=H ) (SBAR (S=H (NP (NNS=H )) (VP=H (VBP=H ) (ADJP (JJ=H )))))) (. ))),9,79051,"0,0734471991"
(ROOT (S=H (NP (NP=H (NNP=H )) (CC ) (NP (JJ ) (JJ ) (NN ) (NN ) (NNS=H ))) (VP=H (VBP=H ) (ADJP (JJ=H ))) (. ))),9,79060,"0,0734555611"
(ROOT (NP=H (NP=H (NNP=H )) (PRN (-LRB- ) (NP=H (NN=H )) (-RRB- )) (: ) (NP (NP=H (NNP=H )) (SBAR (S=H (NP (NNS=H )) (VP=H (VBP=H ) (ADJP (JJ=H )))))) (. ))),9,79069,"0,0734639231"
(ROOT (S=H (NP (NP (DT ) (NNPS=H )) (PRN (-LRB- ) (NP=H (NNP ) (NN=H )) (-RRB- )) (NNS=H )) (VP=H (VBP=H ) (ADJP (JJ=H ))) (. ))),9,79078,"0,0734722851"
"(ROOT (S=H (NP (NP=H (NNP ) (NNP=H )) (PP (IN=H ) (NP (NP=H (NNP ) (NNPS=H )) (PP (IN=H ) (NP (NP=H (NNP ) (-LRB- ) (NN=H ) (-RRB- )) (, ) (NP (NNP ) (NNP=H ))))))) (VP=H (VBP=H ) (ADJP (JJ=H ))) (. )))",9,79087,"0,0734806471"
(ROOT (S=H (NP (NP=H (NNP=H )) (VP (VBN=H ) (PP (IN=H ) (NP (NNP ) (NNS=H ))))) (VP=H (VBP=H ) (ADJP (JJ=H ))) (. ))),9,79096,"0,0734890091"
"(ROOT (S=H (S (NP=H (NP=H (NNS=H ) (CC ) (NNS )) (PP (IN=H ) (NP (NNP ) (NN=H ))))) (, ) (NP (NNP=H )) (VP=H (VBP=H ) (ADJP (JJ=H ))) (. )))",9,79105,"0,0734973711"
(ROOT (S=H (NP (NP=H (NNP ) (NNP ) (NNP=H )) (PP (IN=H ) (NP (JJS ) (NNP ) (NNS=H )))) (VP=H (VBP=H ) (ADJP (JJ=H ))) (. ))),9,79114,"0,0735057331"
(ROOT (S=H (NP (NP (NNP ) (NNPS ) (POS=H )) (NNP ) (NNS=H )) (VP=H (VBP=H ) (ADJP (JJ=H ))) (. ))),9,79123,"0,0735140951"
(ROOT (S=H (NP (NP (JJ ) (NNS ) (NNS ) (POS=H )) (NN ) (NN=H )) (VP=H (VBP=H ) (ADJP (JJ=H ))) (. ))),9,79132,"0,0735224571"
"(ROOT (S=H (S (VP=H (VBG=H ) (PP (IN=H ) (NP (NNP=H ))))) (, ) (NP (NNP=H )) (VP=H (VBP=H ) (ADJP (JJ=H ))) (. )))",9,79141,"0,0735308191"
(ROOT (NP=H (NP=H (CD=H )) (: ) (S (NP (NP (NNP ) (NNP ) (NNP ) (NN ) (NNS ) (POS=H )) (NN ) (NN ) (NN=H )) (VP=H (VBP=H ) (ADJP (JJ=H )))) (. ))),9,79150,"0,0735391811"
(ROOT (NP=H (NP=H (NNS=H )) (: ) (S (NP (NNP ) (NN=H )) (VP=H (VBP=H ) (ADJP (JJ=H )))) (. ))),9,79159,"0,0735475431"
(ROOT (S=H (NP (NP=H (NNP ) (NNP ) (NNPS ) (JJ ) (NNS=H )) (PP (IN=H ) (NP (NN=H )))) (VP=H (VBP=H ) (ADJP (JJ=H ))) (. ))),9,79168,"0,0735559051"
"(ROOT (S=H (S (NP (NNP=H )) (VP=H (VBZ=H ) (PP (IN=H ) (NP (NNP ) (NNP=H ))))) (, ) (NP (NNP=H )) (VP=H (VBP=H ) (ADJP (JJ=H ))) (. )))",9,79177,"0,0735642671"
(ROOT (S=H (NP (NNP ) (NNP ) (. ) (PRN (-LRB- ) (NP=H (NN=H ) (CD )) (-RRB- )) (NNP=H )) (VP=H (VBP=H ) (ADJP (JJ=H ))) (. ))),9,79186,"0,0735726291"
(ROOT (NP=H (NP=H (NNS=H )) (: ) (S (NP (NNP=H )) (VP=H (VBP=H ) (ADJP (JJ=H )))) (. ))),9,79195,"0,0735809911"
(ROOT (S=H (NP (NP (NNP ) (NNP ) (NNP=H )) (PRN (-LRB- ) (NP=H (NNP ) (NNP ) (NNP=H )) (-RRB- )) (NNS=H )) (VP=H (VBP=H ) (ADJP (JJ=H ))) (. ))),9,79204,"0,0735893531"
(ROOT (S=H (S (VP=H (VBG=H ) (PP (IN=H ) (NP (DT ) (CD ) (NNPS=H ))))) (NP (NNP ) (NNPS=H )) (VP=H (VBP=H ) (ADJP (JJ=H ))) (. ))),9,79213,"0,0735977151"
"(ROOT (S=H (NP (NP=H (NNP=H )) (PP (IN=H ) (NP (NP=H (NNP ) (NNPS ) (NNP=H )) (, ) (NP (NNP=H ))))) (VP=H (VBP=H ) (ADJP (JJ=H ))) (. )))",9,79222,"0,0736060771"
(ROOT (NP=H (NP=H (NNP=H )) (: ) (NP (NP=H (NNP ) (NNPS=H )) (SBAR (S=H (NP (NN=H )) (VP=H (VBP=H ) (ADJP (JJ=H )))))) (. ))),9,79231,"0,0736144391"
(ROOT (NP=H (NP=H (NNP=H )) (: ) (S (NP (NP (NNP ) (NNP ) (NNP ) (NNS ) (POS=H )) (NN ) (NNS=H )) (VP=H (VBP=H ) (ADJP (JJ=H )))) (. ))),9,79240,"0,0736228011"
(ROOT (S=H (NP (ADJP (ADJP=H (NNP=H )) (PRN (-LRB- ) (NN=H ) (-RRB- ))) (NN ) (NNS=H )) (VP=H (VBP=H ) (ADJP (JJ=H ))) (. ))),9,79249,"0,0736311631"
"(ROOT (S=H (NP (NP=H (JJ ) (NN ) (NN ) (NN=H )) (, ) (NP (CD ) (NN ) (NNS=H ))) (VP=H (VBP=H ) (ADJP (JJ=H ))) (. )))",9,79258,"0,0736395251"
(ROOT (S=H (NP (NP=H (NNP ) (NNP=H )) (PRN (-LRB- ) (NP=H (NN=H )) (-RRB- ))) (VP=H (VBP=H ) (SBAR (S=H (NP (NNS=H )) (VP=H (VBP=H ) (ADJP (JJ=H )))))) (. ))),9,79267,"0,0736478872"
"(ROOT (S=H (S (NP (NNS=H )) (VP=H (VBN=H ) (PP (IN=H ) (NP (NP (DT ) (NNP ) (POS=H )) (NNP=H ))))) (, ) (NP (NNP=H )) (VP=H (VBP=H ) (ADJP (JJ=H ))) (. )))",9,79276,"0,0736562492"
(ROOT (S=H (NP (NP=H (NNP=H )) (PP (IN=H ) (NP (NP=H (DT ) (NNS=H )) (PP (IN=H ) (NP (NNP=H )))))) (VP=H (VBP=H ) (ADJP (JJ=H ))) (. ))),9,79285,"0,0736646112"
(ROOT (S=H (NP (JJ ) (PRN (-LRB- ) (NP=H (NN=H ) (CD )) (-RRB- )) (NNS=H )) (VP=H (VBP=H ) (ADJP (JJ=H ))) (. ))),9,79294,"0,0736729732"
(ROOT (S=H (NP (NP (DT ) (NN=H )) (PRN (-LRB- ) (NP=H (NNP=H ) (QP (CD=H ) (CD ))) (-RRB- )) (NNS=H )) (VP=H (VBP=H ) (ADJP (JJ=H ))) (. ))),9,79303,"0,0736813352"
(ROOT (S=H (NP (NAC (NNPS=H ) (PP (IN=H ) (NP (NNP=H )))) (NNP=H )) (VP=H (VBP=H ) (ADJP (JJ=H ))) (. ))),9,79312,"0,0736896972"
(ROOT (S=H (NP (NP (DT ) (NNP=H )) (PRN (-LRB- ) (NP=H (NN=H ) (CD )) (-RRB- )) (NNS=H )) (VP=H (VBP=H ) (ADJP (JJ=H ))) (. ))),9,79321,"0,0736980592"
(ROOT (S=H (NP (NP=H (NNP ) (NNP=H )) (PP (IN=H ) (NP (JJS ) (NNP ) (NN ) (NNS=H )))) (VP=H (VBP=H ) (ADJP (JJ=H ))) (. ))),9,79330,"0,0737064212"
(ROOT (S=H (NP (NP=H (NNP ) (NNP=H )) (CC ) (NP (NP=H (DT ) (NN=H )) (PP (IN=H ) (NP (NNPS=H ))))) (VP=H (VBP=H ) (ADJP (JJ=H ))) (. ))),9,79339,"0,0737147832"
(ROOT (S=H (SBAR (WHADVP=H (WRB=H )) (S (NP (PRP=H )) (VP=H (VBZ=H ) (NP (NP=H (PRP$ ) (NN=H )) (PRN (-LRB- ) (NP=H (NN=H ) (CD )) (-RRB- )))))) (NP (NNS=H )) (VP=H (VBP=H ) (ADJP (JJ=H ))) (. ))),9,79348,"0,0737231452"
(ROOT (NP=H (NP=H (NNP=H )) (: ) (S (NP (NNP ) (CC ) (NNP ) (NNS=H )) (VP=H (VBP=H ) (ADJP (JJ=H )))) (. ))),9,79357,"0,0737315072"
(ROOT (S=H (NP (NP=H (NNP=H )) (PP (IN=H ) (NP (NP=H (NNS=H )) (PP (IN=H ) (NP (CD=H )))))) (VP=H (VBP=H ) (ADJP (JJ=H ))) (. ))),9,79366,"0,0737398692"
(ROOT (S=H (S (VP=H (VBG=H ) (PP (IN=H ) (NP (DT ) (NNPS ) (NNPS=H ))))) (VP=H (VBP=H ) (ADJP (JJ=H ))) (. ))),9,79375,"0,0737482312"
(ROOT (S=H (NP (NNP ) (NNP ) (NN ) (NN ) (NN=H )) (VP=H (VBP=H ) (SBAR (S=H (NP (NNS=H )) (VP=H (VBP=H ) (ADJP (JJ=H )))))) (. ))),9,79384,"0,0737565932"
(ROOT (S=H (NP (CD ) (NNP ) (NNPS ) (NNS=H )) (VP=H (VBP=H ) (SBAR (S=H (NP (NNS=H )) (VP=H (VBP=H ) (ADJP (JJ=H )))))) (. ))),9,79393,"0,0737649552"
(ROOT (S=H (NP (NP=H (CD ) (NNPS ) (NNP ) (NNS=H )) (NP (JJ ) (NNS=H ))) (VP=H (VBP=H ) (ADJP (JJ=H ))) (. ))),9,79402,"0,0737733172"
(ROOT (S=H (NP (NNP=H )) (VP=H (VBD=H ) (NP (NP=H (NNS=H )) (SBAR (S=H (NP (NP=H (NP=H (DT ) (NNP=H )) (PRN (-LRB- ) (NP=H (NN=H ) (CD )) (-RRB- ))) (ADJP (JJ ) (JJ=H ))) (VP=H (VBP=H ) (ADJP (JJ=H ))))))) (. ))),9,79411,"0,0737816792"
(ROOT (S=H (NP (NP=H (NNP=H ) (CD )) (PP (IN=H ) (NP (DT ) (NNP ) (NNPS=H )))) (VP=H (VBP=H ) (ADJP (JJ=H ))) (. ))),9,79420,"0,0737900412"
(ROOT (S=H (NP (NP (DT ) (NNP ) (NNP=H )) (PRN (-LRB- ) (NP=H (NN ) (NN=H )) (-RRB- )) (NNS=H )) (VP=H (VBP=H ) (ADJP (JJ=H ))) (. ))),9,79429,"0,0737984032"
"(ROOT (S=H (NP-TMP (NP=H (NNP ) (NNP ) (NNPS ) (NNP=H )) (NP (NN ) (NNS=H ))) (, ) (NP (NNP ) (NNP=H )) (VP=H (VBP=H ) (ADJP (JJ=H ))) (. )))",9,79438,"0,0738067652"
(ROOT (S=H (NP (NP=H (CD ) (NNP ) (NNP=H )) (PP (IN=H ) (NP (JJ ) (NNS ) (NN ) (NN=H )))) (VP=H (VBP=H ) (ADJP (JJ=H ))) (. ))),9,79447,"0,0738151272"
(ROOT (S=H (NP (NNP ) (NNP=H )) (SBAR=H (WHNP=H (WP=H )) (S (NP (NNS=H )) (VP=H (VBP=H ) (ADJP (JJ=H ))))) (. ))),8,79455,"0,0738225601"
(ROOT (S=H (NP (NP=H (NNP ) (NNP=H )) (PP (IN=H ) (NP (DT ) (NN ) (NNS=H )))) (VP=H (VBP=H ) (ADJP (JJ=H ))) (. ))),8,79463,"0,073829993"
(ROOT (S=H (NP (NNP=H )) (VP=H (VBZ=H ) (SBAR (S=H (NP (NP=H (NNS=H )) (PP (IN=H ) (NP (NN=H )))) (VP=H (VBP=H ) (ADJP (JJ=H )))))) (. ))),8,79471,"0,0738374259"
(ROOT (S=H (NP (NP=H (NNP ) (NNP ) (NNP=H ) (. )) (NP (NNS=H ))) (VP=H (VBP=H ) (ADJP (JJ=H ))) (. ))),8,79479,"0,0738448588"
(ROOT (S=H (NP (NP=H (JJ ) (JJ ) (NN=H )) (PP (IN=H ) (NP (DT ) (NNPS=H )))) (VP=H (VBP=H ) (ADJP (JJ=H ))) (. ))),8,79487,"0,0738522917"
(ROOT (S=H (NP (JJ ) (NN ) (NN=H )) (VP=H (VBD=H ) (SBAR (S=H (NP (NNS=H )) (VP=H (VBP=H ) (ADJP (JJ=H )))))) (. ))),8,79495,"0,0738597246"
(ROOT (S=H (NP (NP=H (NNP=H ) (CC ) (NNP )) (PP (IN=H ) (NP (DT ) (NNPS=H )))) (VP=H (VBP=H ) (ADJP (JJ=H ))) (. ))),8,79503,"0,0738671575"
(ROOT (S=H (NP (NNPS ) (CC ) (NN ) (NN ) (NNS=H )) (VP=H (VBP=H ) (ADJP (JJ=H ))) (. ))),8,79511,"0,0738745904"
(ROOT (S=H (NP (NNS ) (CC ) (NN ) (NNS=H )) (VP=H (VBP=H ) (ADJP (JJ=H ))) (. ))),8,79519,"0,0738820233"
(ROOT (S=H (NP (NP=H (NNP=H )) (PP (IN=H ) (NP (NNP ) (NNP ) (NNPS ) (NNS=H )))) (VP=H (VBP=H ) (ADJP (JJ=H ))) (. ))),8,79527,"0,0738894562"
(ROOT (S=H (NP (JJ ) (NN ) (NNS ) (CC ) (NN ) (NNS=H )) (VP=H (VBP=H ) (ADJP (JJ=H ))) (. ))),8,79535,"0,0738968891"
(ROOT (S=H (NP (JJ ) (UCP (JJ=H ) (CC ) (NP (JJ ) (NNS=H ))) (NNS=H )) (VP=H (VBP=H ) (ADJP (JJ=H ))) (. ))),8,79543,"0,0739043219"
(ROOT (S=H (NP (NP=H (JJ ) (NNP ) (NNP ) (NNP=H )) (VP (VBG=H ) (NP (NNS=H )))) (VP=H (VBP=H ) (ADJP (JJ=H ))) (. ))),8,79551,"0,0739117548"
(ROOT (S=H (NP (NNP ) (NNP ) (CC ) (NNP ) (NNP ) (NNP ) (NNP ) (NNS=H )) (VP=H (VBP=H ) (ADJP (JJ=H ))) (. ))),8,79559,"0,0739191877"
"(ROOT (S=H (PP (IN=H ) (NP (NNP=H ))) (, ) (NP (NNP ) (NNP=H )) (VP=H (VBP=H ) (ADJP (JJ=H ))) (. )))",8,79567,"0,0739266206"
(ROOT (S=H (NP (NP=H (JJ ) (NNS ) (NNS=H )) (PP (IN=H ) (NP (NNP=H ) (CC ) (NNP )))) (VP=H (VBP=H ) (ADJP (JJ=H ))) (. ))),8,79575,"0,0739340535"
(ROOT (S=H (NP (NP=H (NNP=H )) (PP (IN=H ) (NP (NP=H (NNS=H )) (PP (IN=H ) (NP (DT ) (NNP ) (NNP=H )))))) (VP=H (VBP=H ) (ADJP (JJ=H ))) (. ))),8,79583,"0,0739414864"
(ROOT (S=H (NP (NP=H (NNS ) (NNS=H )) (PP (IN=H ) (NP (NNP=H )))) (VP=H (VBP=H ) (ADJP (JJ=H ))) (. ))),8,79591,"0,0739489193"
(ROOT (S=H (NP (NNP=H )) (PP (IN=H ) (NP (NNP ) (NNS=H ))) (VP=H (VBP=H ) (ADJP (JJ=H ))) (. ))),8,79599,"0,0739563522"
(ROOT (S=H (NP (NP=H (NNP ) (NNP=H )) (PP (IN=H ) (NP (DT ) (JJ ) (NNS=H )))) (VP=H (VBP=H ) (ADJP (JJ=H ))) (. ))),8,79607,"0,0739637851"
(ROOT (S=H (NP (NP=H (NP (NNP ) (POS=H )) (NNP=H )) (PP (IN=H ) (NP (NNP ) (NNS=H )))) (VP=H (VBP=H ) (ADJP (JJ=H ))) (. ))),8,79615,"0,073971218"
(ROOT (S=H (NP (NP=H (NNP=H )) (PP (IN=H ) (NP (NP=H (NNP ) (NN ) (NN ) (NNS=H )) (PP (IN=H ) (NP (NN=H )))))) (VP=H (VBP=H ) (ADJP (JJ=H ))) (. ))),8,79623,"0,0739786509"
"(ROOT (S=H (NP (ADJP (JJ=H ) (NP-TMP (NP=H (NNP ) (NN=H )) (, ) (NP (CD ) (NNS=H )))) (NNS=H )) (VP=H (VBP=H ) (ADJP (JJ=H ))) (. )))",8,79631,"0,0739860838"
(ROOT (S=H (NP (NP=H (NN=H )) (VP (VBG=H ) (NP (NNS=H )) (PP (IN=H ) (NP (NN=H ))))) (VP=H (VBP=H ) (ADJP (JJ=H ))) (. ))),8,79639,"0,0739935167"
(ROOT (S=H (NP (NNP ) (NNP=H )) (VP=H (VBP=H ) (SBAR (S=H (NP (NP=H (NN ) (NNS=H )) (PP (IN=H ) (NP (NN=H )))) (VP=H (VBP=H ) (ADJP (JJ=H )))))) (. ))),8,79647,"0,0740009496"
(ROOT (S=H (NP (NP=H (NNP=H )) (PP (IN=H ) (NP (NP=H (NP (DT ) (NNS ) (POS=H )) (NNP=H )) (PP (IN=H ) (NP (NNP=H )))))) (VP=H (VBP=H ) (ADJP (JJ=H ))) (. ))),8,79655,"0,0740083824"
(ROOT (S=H (NP (NP=H (NNP ) (NNP=H )) (PP (IN=H ) (NP (NP=H (NNP ) (NNS=H )) (PP (IN=H ) (NP (NN=H )))))) (VP=H (VBP=H ) (ADJP (JJ=H ))) (. ))),8,79663,"0,0740158153"
(ROOT (S=H (NP (NP=H (NN=H )) (PP (IN=H ) (NP (NNP ) (NNPS=H )))) (VP=H (VBP=H ) (ADJP (JJ=H ))) (. ))),8,79671,"0,0740232482"
(ROOT (S=H (NP (NP=H (NN=H )) (PP (IN=H ) (NP (DT ) (JJ ) (NNS=H )))) (VP=H (VBP=H ) (ADJP (JJ=H ))) (. ))),8,79679,"0,0740306811"
(ROOT (S=H (NP (NP=H (NP=H (NN=H )) (PP (IN=H ) (NP (DT ) (NNP ) (NNPS=H )))) (PRN (-LRB- ) (NP=H (NP=H (CD=H )) (: ) (NP (CD=H ))) (-RRB- ))) (VP=H (VBP=H ) (ADJP (JJ=H ))) (. ))),8,79687,"0,074038114"
(ROOT (S=H (NP (NP=H (NNP ) (JJ ) (NN=H )) (NP (JJ ) (NN ) (NN ) (NNS=H ))) (VP=H (VBP=H ) (ADJP (JJ=H ))) (. ))),8,79695,"0,0740455469"
(ROOT (NP=H (NP=H (NNP=H ) (CC ) (NNP )) (: ) (S (NP (NNP ) (NNP ) (NNS=H )) (VP=H (VBP=H ) (ADJP (JJ=H )))) (. ))),8,79703,"0,0740529798"
(ROOT (S=H (NP (NNP ) (NNPS ) (. ) (NNPS=H )) (VP=H (VBP=H ) (ADJP (JJ=H ))) (. ))),8,79711,"0,0740604127"
(ROOT (S=H (NP (NP=H (NNP=H )) (CC ) (NP (NP=H (NN ) (NNS=H )) (PP (IN=H ) (NP (NN=H ))))) (VP=H (VBP=H ) (ADJP (JJ=H ))) (. ))),8,79719,"0,0740678456"
(ROOT (S=H (NP (NP=H (NNP ) (NNPS ) (NNP=H )) (PP (IN=H ) (NP (JJ ) (NNS=H )))) (VP=H (VBP=H ) (ADJP (JJ=H ))) (. ))),8,79727,"0,0740752785"
(ROOT (S=H (NP (JJ ) (NNS ) (CC ) (NNS ) (NNS=H )) (VP=H (VBP=H ) (ADJP (JJ=H ))) (. ))),8,79735,"0,0740827114"
(ROOT (S=H (NP (NP=H (NNP ) (NNP=H )) (PP (IN=H ) (NP (NP=H (NNP ) (NNS=H )) (PP (IN=H ) (NP (DT ) (NNP ) (NNP ) (JJ ) (NN=H )))))) (VP=H (VBP=H ) (ADJP (JJ=H ))) (. ))),8,79743,"0,0740901443"
(ROOT (S=H (NP (NP=H (NNP ) (NNP ) (JJ ) (NN=H )) (NP (JJ ) (NNS=H ))) (VP=H (VBP=H ) (ADJP (JJ=H ))) (. ))),8,79751,"0,0740975772"
(ROOT (S=H (NP (NP=H (NNP=H )) (VP (VBN=H ) (PP (IN=H ) (NP (DT ) (NNP ) (NNPS=H ))) (PP (IN=H ) (NP (NN=H ))))) (VP=H (VBP=H ) (ADJP (JJ=H ))) (. ))),8,79759,"0,07410501"
(ROOT (S=H (NP (NN ) (NNS ) (NN=H )) (VP=H (VBP=H ) (ADJP (JJ=H ))) (. ))),8,79767,"0,0741124429"
(ROOT (S=H (NP (NP=H (NNP=H )) (PP (IN=H ) (NP (NP=H (DT ) (NN=H )) (PP (IN=H ) (NP (NNP ) (NNS=H )))))) (VP=H (VBP=H ) (ADJP (JJ=H ))) (. ))),8,79775,"0,0741198758"
(ROOT (S=H (NP (NP=H (NNP=H )) (PP (IN=H ) (NP (JJ ) (JJ ) (NN ) (NN ) (NNS=H )))) (VP=H (VBP=H ) (ADJP (JJ=H ))) (. ))),8,79783,"0,0741273087"
(ROOT (S=H (NP (NP (NNP ) (NNP ) (POS=H )) (NP (NNP ) (NNS ) (POS=H )) (NN ) (NNS=H )) (VP=H (VBP=H ) (ADJP (JJ=H ))) (. ))),8,79791,"0,0741347416"
(ROOT (S=H (NP (NP=H (NN=H ) (CC ) (NN )) (PP (IN=H ) (NP (DT ) (NNP ) (NNPS=H )))) (VP=H (VBP=H ) (ADJP (JJ=H ))) (. ))),8,79799,"0,0741421745"
(ROOT (S=H (NP (NP=H (NNP=H )) (CC ) (NP (NP=H (NN ) (NNS=H )) (PP (IN=H ) (NP (DT ) (NNP ) (NNPS=H ))))) (VP=H (VBP=H ) (ADJP (JJ=H ))) (. ))),8,79807,"0,0741496074"
(ROOT (S=H (NP (DT ) (NNP ) (NNPS ) (NNP ) (NNS=H )) (VP=H (VBP=H ) (ADJP (JJ=H ))) (. ))),8,79815,"0,0741570403"
(ROOT (S=H (NP (NNP ) (NNPS ) (JJ ) (NN=H )) (VP=H (VBP=H ) (SBAR (S=H (NP (NNS=H )) (VP=H (VBP=H ) (ADJP (JJ=H )))))) (. ))),8,79823,"0,0741644732"
(ROOT (S=H (NP (NP (NN=H )) (PRN (-LRB- ) (NP=H (NN ) (NN=H )) (-RRB- )) (NNS=H )) (VP=H (VBP=H ) (ADJP (JJ=H ))) (. ))),8,79831,"0,0741719061"
(ROOT (S=H (NP (NP=H (DT ) (NNP ) (NN ) (NN=H )) (PP (TO=H ) (NP (NNS=H )))) (VP=H (VBP=H ) (ADJP (JJ=H ))) (. ))),8,79839,"0,074179339"
(ROOT (S=H (NP (NNP ) (NNP ) (NNP ) (NNPS ) (NNP ) (NNP ) (NNS=H )) (VP=H (VBP=H ) (ADJP (JJ=H ))) (. ))),8,79847,"0,0741867719"
(ROOT (S=H (NP (NP=H (NNP ) (NNPS ) (NNP=H )) (PP (IN=H ) (NP (NP=H (DT ) (NNP ) (NNP=H )) (PP (IN=H ) (NP (NNP ) (NNP=H )))))) (VP=H (VBP=H ) (ADJP (JJ=H ))) (. ))),8,79855,"0,0741942048"
(ROOT (S=H (NP (NP=H (NNP=H )) (PP (IN=H ) (NP (DT ) (NNP ) (PRN (-LRB- ) (NP=H (NNP=H )) (-RRB- )) (NNS=H )))) (VP=H (VBP=H ) (ADJP (JJ=H ))) (. ))),8,79863,"0,0742016377"
(ROOT (S=H (NP (NP (NNP ) (CC ) (NNP ) (NNP ) (NNS ) (POS=H )) (NN ) (NNS=H )) (VP=H (VBP=H ) (ADJP (JJ=H ))) (. ))),8,79871,"0,0742090705"
(ROOT (S=H (NP (NP=H (NN ) (NN=H )) (PP (IN=H ) (NP (DT ) (CD ) (NNPS ) (NNPS=H )))) (VP=H (VBP=H ) (ADJP (JJ=H ))) (. ))),8,79879,"0,0742165034"
(ROOT (S=H (NP (NP=H (NNP ) (NNP=H )) (PP (IN=H ) (NP (JJS ) (NN ) (NNS=H )))) (VP=H (VBP=H ) (ADJP (JJ=H ))) (. ))),8,79887,"0,0742239363"
(ROOT (S=H (NP (NP (NNP ) (NNP ) (NNP=H )) (PRN (-LRB- ) (NP=H (NP=H (CD=H )) (: ) (NP (NN=H ))) (-RRB- )) (NNS=H )) (VP=H (VBP=H ) (ADJP (JJ=H ))) (. ))),8,79895,"0,0742313692"
(ROOT (NP=H (NP=H (NN=H )) (: ) (S (NP (NNP ) (NNS=H )) (VP=H (VBP=H ) (ADJP (JJ=H )))) (. ))),8,79903,"0,0742388021"
(ROOT (S=H (NP (NP=H (NNP ) (JJ ) (NNS ) (NNS=H )) (PP (IN=H ) (NP (NNP=H )))) (VP=H (VBD=H ) (SBAR (S=H (NP (NN=H )) (VP=H (VBP=H ) (ADJP (JJ=H )))))) (. ))),8,79911,"0,074246235"
(ROOT (S=H (NP (NNP=H )) (VP=H (VBD=H ) (NP (NP=H (NNS=H )) (SBAR (S=H (NP (NNP ) (NN ) (NNS=H )) (VP=H (VBD=H ) (SBAR (S=H (NP (NN=H )) (VP=H (VBP=H ) (ADJP (JJ=H )))))))))) (. ))),8,79919,"0,0742536679"
(ROOT (NP=H (NP=H (NNP=H )) (: ) (S (NP (NNP ) (NNPS=H )) (VP=H (VBP=H ) (ADJP (JJ=H )))) (. ))),8,79927,"0,0742611008"
(ROOT (S=H (NP (NNP ) (NNP=H )) (VP=H (VBP=H ) (SBAR (S=H (NP (NP=H (NN ) (NNS=H )) (PP (IN=H ) (NP (NNP=H )))) (VP=H (VBP=H ) (ADJP (JJ=H )))))) (. ))),8,79935,"0,0742685337"
(ROOT (S=H (NP (NP=H (NNP ) (NNP=H )) (CC ) (NP (NP=H (DT ) (NNP ) (NNS=H )) (PP (IN=H ) (NP (NNP=H ))))) (VP=H (VBP=H ) (ADJP (JJ=H ))) (. ))),8,79943,"0,0742759666"
(ROOT (S=H (NP (NP=H (NNP ) (NNPS ) (NN=H )) (PP (IN=H ) (NP (NP=H (NNS ) (NNS=H )) (VP (VBN=H ) (PP (IN=H ) (NP (NNP ) (NNP ) (NNP=H ))))))) (VP=H (VBP=H ) (ADJP (JJ=H ))) (. ))),8,79951,"0,0742833995"
(ROOT (S=H (NP (CD ) (NNP ) (NNP ) (NN ) (NN ) (NN=H )) (VP=H (VBZ=H ) (SBAR (S=H (NP (NNS=H )) (VP=H (VBP=H ) (ADJP (JJ=H )))))) (. ))),8,79959,"0,0742908324"
(ROOT (NP=H (NP=H (CD=H )) (: ) (S (NP (CD ) (NNP ) (NNP ) (NNP ) (NN=H )) (VP=H (VBP=H ) (ADJP (JJ=H )))) (. ))),8,79967,"0,0742982653"
(ROOT (S=H (NP (NP=H (NNP=H )) (PP (IN=H ) (NP (NP=H (NN ) (NNS=H )) (PP (IN=H ) (NP (DT ) (NNP ) (NNPS=H )))))) (VP=H (VBP=H ) (ADJP (JJ=H ))) (. ))),8,79975,"0,0743056981"
(ROOT (S=H (NP (NP (NNP ) (NN ) (NNS ) (POS=H )) (JJ ) (NNS=H )) (VP=H (VBP=H ) (ADJP (JJ=H ))) (. ))),8,79983,"0,074313131"
(ROOT (S=H (NP (NP=H (NNP ) (JJ ) (NN=H )) (PP (IN=H ) (NP (DT ) (NNP ) (NNPS=H )))) (VP=H (VBP=H ) (ADJP (JJ=H ))) (. ))),8,79991,"0,0743205639"
(ROOT (S=H (NP (NP (JJ ) (NN=H )) (PRN (-LRB- ) (NP=H (NN=H )) (-RRB- )) (NNS=H )) (VP=H (VBD=H ) (SBAR (IN=H ) (S (NP (NNP ) (NNP=H )) (VP=H (VBP=H ) (ADJP (JJ=H )))))) (. ))),8,79999,"0,0743279968"
(ROOT (S=H (NP (NP=H (NNP=H )) (PP (IN=H ) (NP (NP=H (JJ ) (NNS=H ) (CC ) (NNS )) (PP (IN=H ) (NP (NNP=H )))))) (VP=H (VBP=H ) (ADJP (JJ=H ))) (. ))),8,80007,"0,0743354297"
(ROOT (S=H (NP (CD ) (NNP ) (NNP ) (NNS ) (NNS=H )) (VP=H (VBP=H ) (ADJP (JJ=H ))) (. ))),8,80015,"0,0743428626"
(ROOT (S=H (NP (NP=H (NP (NNP ) (POS=H )) (NN=H )) (PP (IN=H ) (NP (DT ) (NNP ) (NNPS=H )))) (VP=H (VBP=H ) (ADJP (JJ=H ))) (. ))),8,80023,"0,0743502955"
(ROOT (S=H (NP (JJ ) (PRN (-LRB- ) (NP=H (NNP ) (NNP=H )) (-RRB- )) (NNS=H )) (VP=H (VBP=H ) (ADJP (JJ=H ))) (. ))),8,80031,"0,0743577284"
(ROOT (NP=H (NP=H (NP=H (JJ ) (NNS=H )) (PP (IN=H ) (NP (NNP=H )))) (: ) (S (NP (NNP=H )) (VP=H (VBP=H ) (ADJP (JJ=H )))) (. ))),8,80039,"0,0743651613"
(ROOT (S=H (NP (NP=H (NNP ) (NNP=H )) (CC ) (NP (NP=H (DT ) (NNP ) (NNS=H )) (PP (IN=H ) (NP (JJ ) (NN=H ))))) (VP=H (VBP=H ) (ADJP (JJ=H ))) (. ))),8,80047,"0,0743725942"
(ROOT (S=H (NP (NP=H (JJ ) (NN=H )) (VP (VBG=H ) (NP (NP=H (NNS=H )) (PP (IN=H ) (NP (NNP ) (NNP=H )))))) (VP=H (VBP=H ) (ADJP (JJ=H ))) (. ))),8,80055,"0,0743800271"
"(ROOT (S=H (S (NP (NNP=H )) (VP=H (VBZ=H ) (PP (IN=H ) (NP (DT ) (NNP ) (NNP=H ))))) (, ) (NP (NNP=H )) (VP=H (VBP=H ) (ADJP (JJ=H ))) (. )))",8,80063,"0,07438746"
(ROOT (S=H (NP (NP=H (NNP=H )) (PP (IN=H ) (NP (NP=H (NNP ) (NNP ) (NNS=H )) (PP (IN=H ) (NP (NNP=H )))))) (VP=H (VBP=H ) (ADJP (JJ=H ))) (. ))),8,80071,"0,0743948929"
(ROOT (S=H (NP (NNP=H )) (VP=H (VBD=H ) (SBAR (S=H (NP (NP=H (NNS=H )) (PP (IN=H ) (NP (JJ ) (NN ) (NNS=H )))) (VP=H (VBP=H ) (ADJP (JJ=H )))))) (. ))),8,80079,"0,0744023258"
(ROOT (S=H (NP (NP (NN=H )) (PRN (-LRB- ) (NP=H (NNP=H )) (-RRB- )) (NNS=H )) (VP=H (VBP=H ) (ADJP (JJ=H ))) (. ))),8,80087,"0,0744097586"
(ROOT (S=H (NP (NP=H (NNP=H )) (PP (IN=H ) (NP (NP=H (NNPS=H )) (PP (IN=H ) (NP (NNP ) (NNS=H )))))) (VP=H (VBP=H ) (ADJP (JJ=H ))) (. ))),8,80095,"0,0744171915"
"(ROOT (S=H (PP (ADVP (RB=H )) (IN=H ) (NP (NNP ) (NNP ) (NNP ) (NNP=H ))) (, ) (NP (NNP=H )) (VP=H (VBP=H ) (ADJP (JJ=H ))) (. )))",8,80103,"0,0744246244"
"(ROOT (S=H (NP (NP=H (NNP=H )) (, ) (NP (JJ ) (NNS=H ))) (VP=H (VBP=H ) (ADJP (JJ=H ))) (. )))",8,80111,"0,0744320573"
(ROOT (NP=H (NP=H (CD=H )) (: ) (NP (NP=H (CD=H )) (SBAR (S=H (NP (NP=H (NP (JJ ) (NNS ) (POS=H )) (NN ) (NN=H )) (PP (IN=H ) (NP (DT ) (NNP ) (NNPS=H )))) (VP=H (VBP=H ) (ADJP (JJ=H )))))) (. ))),8,80119,"0,0744394902"
(ROOT (S=H (NP (NP (DT ) (NNP=H )) (PRN (-LRB- ) (NP=H (NN ) (NN=H )) (-RRB- )) (NNS=H )) (VP=H (VBP=H ) (ADJP (JJ=H ))) (. ))),8,80127,"0,0744469231"
(ROOT (NP=H (NP=H (NNP=H )) (: ) (S (NP (NP (NNP ) (NNP ) (POS=H )) (NP (NNP ) (NNS ) (POS=H )) (NN ) (NNS=H )) (VP=H (VBP=H ) (ADJP (JJ=H )))) (. ))),8,80135,"0,074454356"
(ROOT (S=H (NP (JJ ) (PRN (-LRB- ) (NP=H (CD ) (NNS=H )) (-RRB- )) (NNS=H )) (VP=H (VBP=H ) (ADJP (JJ=H ))) (. ))),8,80143,"0,0744617889"
(ROOT (S=H (NP (NP=H (`` ) (NNP ) ('' ) (NNP=H )) (NP (NNS=H ))) (VP=H (VBP=H ) (ADJP (JJ=H ))) (. ))),8,80151,"0,0744692218"
"(ROOT (S=H (S (NP (JJ ) (NN=H )) (VP=H (VBG=H ) (ADVP (RB=H )))) (, ) (NP (CD ) (NN ) (NNS=H )) (VP=H (VBP=H ) (ADJP (JJ=H ))) (. )))",8,80159,"0,0744766547"
(ROOT (S=H (NP (NP (NNP ) (NN ) (NNS ) (POS=H )) (NN=H )) (VP=H (VBZ=H ) (SBAR (S=H (NP (NNS=H )) (VP=H (VBP=H ) (ADJP (JJ=H )))))) (. ))),8,80167,"0,0744840876"
(ROOT (S=H (NP (NP=H (NNP=H )) (PP (IN=H ) (NP (NNP ) (NNS=H ) (NP (CD ) (: ) (CD=H ))))) (VP=H (VBP=H ) (ADJP (JJ=H ))) (. ))),8,80175,"0,0744915205"
(ROOT (S=H (NP (CD ) (NNP ) (NNPS ) (JJ ) (NN=H )) (VP=H (VBZ=H ) (SBAR (S=H (NP (NNS=H )) (VP=H (VBP=H ) (ADJP (JJ=H )))))) (. ))),8,80183,"0,0744989534"
(ROOT (S=H (NP (CD ) (NNP ) (NNPS ) (NNP=H )) (VP=H (VBD=H ) (SBAR (S=H (NP (JJ ) (NNS=H )) (VP=H (VBP=H ) (ADJP (JJ=H )))))) (. ))),8,80191,"0,0745063862"
(ROOT (S=H (PP (ADVP (RB=H )) (IN=H ) (NP (NNP=H ))) (: ) (NP (NNP=H )) (VP=H (VBP=H ) (ADJP (JJ=H ))) (. ))),8,80199,"0,0745138191"
(ROOT (NP=H (NP=H (NNP=H ) (CC ) (NNP )) (: ) (NP (NP=H (NNP ) (NNP=H )) (PRN (-LRB- ) (NP=H (NN=H ) (CD )) (-RRB- )) (SBAR (S=H (NP (NNS=H )) (VP=H (VBP=H ) (ADJP (JJ=H )))))) (. ))),8,80207,"0,074521252"
(ROOT (S=H (NP (NNP ) (NNP=H )) (PRN (-LRB- ) (NP=H (NN=H )) (-RRB- )) (NP (JJ ) (NNS=H )) (VP=H (VBP=H ) (ADJP (JJ=H ))) (. ))),8,80215,"0,0745286849"
(ROOT (S=H (NP (NP (NNP ) (NNS ) (POS=H )) (JJ ) (NN ) (NN ) (NNS=H )) (VP=H (VBP=H ) (ADJP (JJ=H ))) (. ))),8,80223,"0,0745361178"
(ROOT (S=H (NP (NNP ) (NNP ) (NN=H )) (VP=H (VBP=H ) (SBAR (S=H (NP (NN ) (NNS=H )) (VP=H (VBP=H ) (ADJP (JJ=H )))))) (. ))),8,80231,"0,0745435507"
(ROOT (S=H (NP (NNP=H ) (JJ )) (VP=H (VBD=H ) (SBAR (S=H (NP (NNS=H )) (VP=H (VBP=H ) (ADJP (JJ=H )))))) (. ))),7,80238,"0,0745500545"
(ROOT (S=H (NP (NP=H (NNP ) (NNP=H )) (CC ) (NP (NNP ) (NNPS=H ))) (VP=H (VBP=H ) (ADJP (JJ=H ))) (. ))),7,80245,"0,0745565583"
(ROOT (S=H (NP (NP=H (NNP=H )) (PP (TO=H ) (NP (NNP ) (NNS=H )))) (VP=H (VBP=H ) (ADJP (JJ=H ))) (. ))),7,80252,"0,0745630621"
(ROOT (S=H (PP (IN=H ) (NP (DT ) (NN=H ))) (NP (NNS=H )) (VP=H (VBP=H ) (ADJP (JJ=H ))) (. ))),7,80259,"0,0745695658"
(ROOT (S=H (NP (NNP ) (NNP ) (CC ) (NNP ) (NNP ) (NNP=H )) (VP=H (VBP=H ) (ADJP (JJ=H ))) (. ))),7,80266,"0,0745760696"
(ROOT (S=H (NP (NP=H (NNP=H )) (CC ) (NP (DT ) (NNPS=H ))) (VP=H (VBP=H ) (ADJP (JJ=H ))) (. ))),7,80273,"0,0745825734"
(ROOT (S=H (NP (JJ ) (UCP (NN=H ) (CC ) (JJ )) (NNS=H )) (VP=H (VBP=H ) (ADJP (JJ=H ))) (. ))),7,80280,"0,0745890772"
(ROOT (S=H (NP (NNPS ) (NNP=H ) (CC ) (NNP )) (VP=H (VBP=H ) (ADJP (JJ=H ))) (. ))),7,80287,"0,074595581"
(ROOT (S=H (NP (NNPS ) (CC ) (NNPS ) (NNS=H )) (VP=H (VBP=H ) (ADJP (JJ=H ))) (. ))),7,80294,"0,0746020847"
(ROOT (S=H (NP (NNS ) (NN=H )) (VP=H (VBP=H ) (ADJP (JJ=H ))) (. ))),7,80301,"0,0746085885"
(ROOT (S=H (NP (NP (NNP=H )) (PRN (-LRB- ) (NP=H (NP=H (NN=H )) (CC ) (NP (NN=H ))) (-RRB- )) (NNS=H )) (VP=H (VBP=H ) (ADJP (JJ=H ))) (. ))),7,80308,"0,0746150923"
(ROOT (S=H (NP (NP=H (JJ ) (NNS ) (NN=H )) (PP (IN=H ) (NP (NNP ) (NNP=H )))) (VP=H (VBP=H ) (ADJP (JJ=H ))) (. ))),7,80315,"0,0746215961"
(ROOT (S=H (NP (NP=H (JJ ) (NN=H )) (PP (IN=H ) (NP (DT ) (NNP ) (NNP ) (NNS=H )))) (VP=H (VBP=H ) (ADJP (JJ=H ))) (. ))),7,80322,"0,0746280999"
(ROOT (S=H (NP (NNP=H )) (VP=H (VBP=H ) (SBAR (S=H (NP (NN ) (NNS=H )) (VP=H (VBP=H ) (ADJP (JJ=H )))))) (. ))),7,80329,"0,0746346036"
(ROOT (S=H (NP (NNP ) (NNPS ) (NNP=H )) (VP=H (VBP=H ) (SBAR (S=H (NP (NN ) (NNS=H )) (VP=H (VBP=H ) (ADJP (JJ=H )))))) (. ))),7,80336,"0,0746411074"
(ROOT (S=H (NP (NP=H (NNP ) (NNP=H )) (VP (VBN=H ) (NP (NNS=H )))) (VP=H (VBP=H ) (ADJP (JJ=H ))) (. ))),7,80343,"0,0746476112"
(ROOT (S=H (NP (NNS ) (CC ) (NNS ) (NNS=H )) (VP=H (VBP=H ) (ADJP (JJ=H ))) (. ))),7,80350,"0,074654115"
(ROOT (S=H (PP (IN=H ) (NP (NNP ) (NNP=H ))) (NP (NNS=H )) (VP=H (VBP=H ) (ADJP (JJ=H ))) (. ))),7,80357,"0,0746606188"
(ROOT (S=H (NP (NP (NNP ) (NNP ) (NNPS ) (NNP ) (POS=H )) (NN ) (NNS=H )) (VP=H (VBP=H ) (ADJP (JJ=H ))) (. ))),7,80364,"0,0746671226"
"(ROOT (S=H (NP (NP=H (NNP ) (NNP ) (NNP=H )) (, ) (NP (NNP ) (NNP ) (NNS=H ))) (VP=H (VBP=H ) (ADJP (JJ=H ))) (. )))",7,80371,"0,0746736263"
(ROOT (S=H (NP (NP (NNP ) (NNPS ) (POS=H )) (NNP=H )) (VP=H (VBP=H ) (ADJP (JJ=H ))) (. ))),7,80378,"0,0746801301"
(ROOT (S=H (NP (NP=H (NNP=H )) (PRN (-LRB- ) (NP=H (NN ) (NNS=H )) (-RRB- ))) (VP=H (VBP=H ) (ADJP (JJ=H ))) (. ))),7,80385,"0,0746866339"
(ROOT (S=H (NP (NP=H (NNP=H )) (PP (IN=H ) (NP (NP=H (NNS=H )) (PP (IN=H ) (NP (NP=H (NNS=H )) (PP (IN=H ) (NP (NNP=H )))))))) (VP=H (VBP=H ) (ADJP (JJ=H ))) (. ))),7,80392,"0,0746931377"
"(ROOT (S=H (S (NP (NNS=H )) (VP=H (VBN=H ) (PP (IN=H ) (NP (NNP ) (NNPS=H ))))) (, ) (NP (NNP=H )) (VP=H (VBP=H ) (ADJP (JJ=H ))) (. )))",7,80399,"0,0746996415"
(ROOT (S=H (NP (NNP ) (NNP=H )) (PP (IN=H ) (NP (NNS=H ))) (VP=H (VBP=H ) (ADJP (JJ=H ))) (. ))),7,80406,"0,0747061452"
(ROOT (S=H (NP (NP=H (NNP ) (NNPS ) (NNP=H )) (PP (IN=H ) (NP (JJ ) (NN=H )))) (VP=H (VBP=H ) (ADJP (JJ=H ))) (. ))),7,80413,"0,074712649"
(ROOT (S=H (NP (NP=H (NNP ) (NNP ) (NNP=H )) (PP (IN=H ) (NP (JJ ) (NN ) (NNS=H )))) (VP=H (VBP=H ) (ADJP (JJ=H ))) (. ))),7,80420,"0,0747191528"
(ROOT (S=H (NP (NP=H (NNP ) (NNP=H )) (PP (IN=H ) (NP (NP=H (DT ) (NNP ) (NNS=H )) (PP (IN=H ) (NP (NN=H )))))) (VP=H (VBP=H ) (ADJP (JJ=H ))) (. ))),7,80427,"0,0747256566"
(ROOT (S=H (NP (NP=H (NNP=H )) (PP (IN=H ) (NP (NP (NNP ) (POS=H )) (NNP ) (NNP ) (NNS=H )))) (VP=H (VBP=H ) (ADJP (JJ=H ))) (. ))),7,80434,"0,0747321604"
(ROOT (S=H (NP (NP=H (NNP=H )) (PP (IN=H ) (NP (NP=H (DT ) (NNPS=H )) (PP (IN=H ) (NP (NNP=H )))))) (VP=H (VBP=H ) (ADJP (JJ=H ))) (. ))),7,80441,"0,0747386641"
(ROOT (S=H (NP (ADJP (JJ=H ) (PP (IN=H ) (NP (DT ) (NNPS ) (NNPS=H )))) (JJ ) (NNS=H )) (VP=H (VBP=H ) (ADJP (JJ=H ))) (. ))),7,80448,"0,0747451679"
"(ROOT (S=H (S (ADJP=H (NNP=H ))) (, ) (NP (NNP ) (NNP=H )) (VP=H (VBP=H ) (ADJP (JJ=H ))) (. )))",7,80455,"0,0747516717"
(ROOT (S=H (NP (NNP ) (SYM ) (NNP ) (NNPS ) (NNP=H )) (VP=H (VBP=H ) (ADJP (JJ=H ))) (. ))),7,80462,"0,0747581755"
(ROOT (S=H (NP (NP=H (NN=H )) (PP (IN=H ) (NP (DT ) (NNP ) (NNPS ) (NNP=H )))) (VP=H (VBP=H ) (ADJP (JJ=H ))) (. ))),7,80469,"0,0747646793"
(ROOT (S=H (NP (NP=H (NNP ) (NNP=H )) (VP (VBG=H ) (NP (NN ) (NNS=H )))) (VP=H (VBP=H ) (ADJP (JJ=H ))) (. ))),7,80476,"0,074771183"
(ROOT (S=H (NP (NP=H (NNP=H )) (CC ) (NP (DT ) (NN ) (NNS=H ))) (VP=H (VBP=H ) (ADJP (JJ=H ))) (. ))),7,80483,"0,0747776868"
(ROOT (S=H (NP (NP=H (NNP=H )) (VP (VBG=H ) (NP (NP=H (NNS=H )) (PP (IN=H ) (NP (DT ) (NNP ) (NNP=H )))))) (VP=H (VBP=H ) (ADJP (JJ=H ))) (. ))),7,80490,"0,0747841906"
(ROOT (S=H (NP (NP=H (NN=H )) (PP (IN=H ) (NP (NP=H (NNS=H )) (PP (IN=H ) (NP (NNP ) (NNP=H )))))) (VP=H (VBP=H ) (ADJP (JJ=H ))) (. ))),7,80497,"0,0747906944"
(ROOT (S=H (NP (NP=H (NNP ) (NNPS ) (NNP=H )) (PP (IN=H ) (NP (NNS=H )))) (VP=H (VBP=H ) (ADJP (JJ=H ))) (. ))),7,80504,"0,0747971982"
"(ROOT (S=H (NP (NP=H (JJ ) (NNS ) (, ) (NNS=H ) (CC ) (NNS )) (PP (IN=H ) (NP (NNP=H )))) (VP=H (VBP=H ) (ADJP (JJ=H ))) (. )))",7,80511,"0,074803702"
(ROOT (S=H (NP (NP (NNS ) (POS=H )) (NNP ) (NNP=H )) (VP=H (VBP=H ) (ADJP (JJ=H ))) (. ))),7,80518,"0,0748102057"
(ROOT (S=H (NP (NP=H (NNP=H )) (NP (DT ) (NN ) (NNS=H ))) (VP=H (VBP=H ) (ADJP (JJ=H ))) (. ))),7,80525,"0,0748167095"
(ROOT (S=H (NP (NP=H (NNP=H )) (CC ) (NP (JJ ) (NN ) (NN ) (NNS=H ))) (VP=H (VBP=H ) (ADJP (JJ=H ))) (. ))),7,80532,"0,0748232133"
(ROOT (S=H (NP (NP=H (NNP ) (NNP=H )) (CC ) (NP (NP=H (DT ) (NNP ) (NNS=H )) (PP (IN=H ) (NP (NN=H ))))) (VP=H (VBP=H ) (ADJP (JJ=H ))) (. ))),7,80539,"0,0748297171"
(ROOT (S=H (NP (NP=H (NNP=H )) (VP (VBG=H ) (NP (NP=H (NNS=H )) (PP (IN=H ) (NP (DT ) (NNP ) (NNPS=H )))))) (VP=H (VBP=H ) (ADJP (JJ=H ))) (. ))),7,80546,"0,0748362209"
(ROOT (S=H (NP (NNP=H )) (VP=H (VBD=H ) (SBAR (S=H (NP (NP=H (NNS=H )) (PP (IN=H ) (NP (DT ) (NNPS=H )))) (VP=H (VBP=H ) (ADJP (JJ=H )))))) (. ))),7,80553,"0,0748427246"
(ROOT (S=H (NP (NP=H (NNP ) (NNPS ) (NNP=H )) (PP (IN=H ) (NP (DT ) (NNP=H )))) (VP=H (VBP=H ) (ADJP (JJ=H ))) (. ))),7,80560,"0,0748492284"
(ROOT (S=H (NP (NNP ) (NNP ) (JJ ) (NNS ) (NN=H )) (VP=H (VBP=H ) (ADJP (JJ=H ))) (. ))),7,80567,"0,0748557322"
(ROOT (S=H (NP (NP (DT ) (NNP ) (NNP=H )) (PRN (-LRB- ) (NP=H (CD ) (NN ) (NN=H )) (-RRB- )) (NNS=H )) (VP=H (VBP=H ) (ADJP (JJ=H ))) (. ))),7,80574,"0,074862236"
(ROOT (S=H (NP (NNP ) (CC ) (NN ) (NNS ) (NNS=H )) (VP=H (VBP=H ) (ADJP (JJ=H ))) (. ))),7,80581,"0,0748687398"
(ROOT (S=H (NP (NNP ) (NNPS ) (NNP ) (NNP ) (NNS=H )) (ADVP (RB=H )) (VP=H (VBP=H ) (ADJP (JJ=H ))) (. ))),7,80588,"0,0748752435"
"(ROOT (S=H (NP (NP=H (NNP ) (NNPS ) (JJ ) (NNS=H )) (, ) (NP (NNP=H ))) (VP=H (VBP=H ) (ADJP (JJ=H ))) (. )))",7,80595,"0,0748817473"
(ROOT (S=H (NP (JJ ) (NN ) (CC ) (NNP ) (NNS=H )) (VP=H (VBP=H ) (ADJP (JJ=H ))) (. ))),7,80602,"0,0748882511"
(ROOT (S=H (NP (NP=H (NNP ) (NNP=H )) (PP (IN=H ) (NP (NP=H (DT ) (NNP ) (NNPS=H )) (PP (IN=H ) (NP (NNP=H )))))) (VP=H (VBP=H ) (ADJP (JJ=H ))) (. ))),7,80609,"0,0748947549"
"(ROOT (NP=H (NP=H (NP=H (NNS=H )) (PP (IN=H ) (NP (JJ ) (NN=H )))) (: ) (NP (NP=H (NNP=H )) (PP (IN=H ) (NP (NNP=H ))) (, ) (SBAR (S=H (NP (NNP ) (NNP=H )) (VP=H (VBP=H ) (ADJP (JJ=H )))))) (. )))",7,80616,"0,0749012587"
(ROOT (S=H (S (VP=H (VBN=H ) (PP (IN=H ) (NP (CD=H ))))) (VP=H (VBP=H ) (ADJP (JJ=H ))) (. ))),7,80623,"0,0749077624"
(ROOT (S=H (NP (NNP ) (NNP ) (. ) (NNPS ) (NNP=H )) (VP=H (VBP=H ) (ADJP (JJ=H ))) (. ))),7,80630,"0,0749142662"
(ROOT (S=H (NP (NP (NNP ) (NNP ) (NNP ) (NNP=H )) (PRN (-LRB- ) (NP=H (CD=H )) (-RRB- )) (NNS=H )) (VP=H (VBP=H ) (ADJP (JJ=H ))) (. ))),7,80637,"0,07492077"
(ROOT (S=H (NP (NP=H (NNP=H )) (CC ) (NP (NP=H (NN ) (NNS=H )) (PP (IN=H ) (NP (DT ) (NNP ) (NNP=H ))))) (VP=H (VBP=H ) (ADJP (JJ=H ))) (. ))),7,80644,"0,0749272738"
(ROOT (S=H (NP (NP=H (NNP ) (NNP ) (NNP ) (NNP=H )) (VP (VBG=H ) (NP (NP=H (NNS=H )) (PP (IN=H ) (NP (NNP=H )))))) (VP=H (VBP=H ) (ADJP (JJ=H ))) (. ))),7,80651,"0,0749337776"
(ROOT (S=H (NP (NP=H (NNP ) (NNP=H )) (PP (IN=H ) (NP (DT ) (NNP ) (NNPS ) (NNP ) (NNP=H )))) (VP=H (VBP=H ) (ADJP (JJ=H ))) (. ))),7,80658,"0,0749402814"
(ROOT (S=H (NP (NP=H (JJ ) (NNS ) (NNS=H )) (PP (IN=H ) (NP (NN=H ) (CC ) (NN )))) (VP=H (VBP=H ) (ADJP (JJ=H ))) (. ))),7,80665,"0,0749467851"
(ROOT (NP=H (NP=H (NP=H (NNP ) (NNP=H )) (PP (IN=H ) (NP (DT ) (NNP=H )))) (: ) (S (NP (NNP ) (NNS=H )) (VP=H (VBP=H ) (ADJP (JJ=H )))) (. ))),7,80672,"0,0749532889"
(ROOT (S=H (NP (NNP ) (NNPS ) (NN ) (NN ) (NNP ) (NNP=H )) (VP=H (VBP=H ) (ADJP (JJ=H ))) (. ))),7,80679,"0,0749597927"
(ROOT (S=H (NP (NP=H (NNP ) (NNP=H )) (PP (IN=H ) (NP (JJ ) (PRN (-LRB- ) (NP=H (NNP ) (NNP=H )) (-RRB- )) (NNS=H )))) (VP=H (VBP=H ) (ADJP (JJ=H ))) (. ))),7,80686,"0,0749662965"
(ROOT (S=H (NP (NN=H )) (VP=H (VBZ=H ) (SBAR (S=H (NP (NP=H (NNS=H )) (PP (IN=H ) (NP (DT ) (CD ) (NNPS ) (NNPS=H )))) (VP=H (VBP=H ) (ADJP (JJ=H )))))) (. ))),7,80693,"0,0749728003"
"(ROOT (S=H (S (VP=H (VBN=H ) (NP (NN ) (NNS=H )))) (, ) (NP (NNP=H )) (VP=H (VBP=H ) (ADJP (JJ=H ))) (. )))",7,80700,"0,074979304"
(ROOT (S=H (NP (NP (NNP=H )) (PRN (-LRB- ) (NP=H (JJ ) (JJ ) (NN=H )) (-RRB- )) (NNS=H )) (VP=H (VBP=H ) (ADJP (JJ=H ))) (. ))),7,80707,"0,0749858078"
(ROOT (S=H (NP (NP=H (NNP=H )) (VP (VBN=H ) (PP (IN=H ) (NP (JJ ) (NNS=H ))))) (VP=H (VBP=H ) (ADJP (JJ=H ))) (. ))),7,80714,"0,0749923116"
(ROOT (NP=H (NP=H (NP=H (NNP=H )) (PP (IN=H ) (NP (NNP=H )))) (: ) (S (NP (NNP ) (NNS=H )) (VP=H (VBP=H ) (ADJP (JJ=H )))) (. ))),7,80721,"0,0749988154"
(ROOT (S=H (NP (NNP=H )) (VP=H (VBD=H ) (NP (NP=H (NNS=H )) (SBAR (S=H (NP (NNP ) (NNP ) (NNS=H )) (VP=H (VBP=H ) (ADJP (JJ=H ))))))) (. ))),7,80728,"0,0750053192"
(ROOT (S=H (NP (NNP=H )) (VP=H (VBD=H ) (SBAR (S=H (NP (NNP ) (NNP ) (NNS=H )) (VP=H (VBD=H ) (SBAR (S=H (NP (NN=H )) (VP=H (VBP=H ) (ADJP (JJ=H ))))))))) (. ))),7,80735,"0,0750118229"
"(ROOT (S=H (NP (NP=H (NNP=H )) (PP (IN=H ) (NP (NP=H (NNPS ) (NNP=H )) (, ) (NP (NNP ) (NNP=H ))))) (VP=H (VBP=H ) (ADJP (JJ=H ))) (. )))",7,80742,"0,0750183267"
(ROOT (NP=H (NP=H (NNP ) (NNP ) (NNP=H )) (: ) (S (NP (NNP ) (NN=H )) (VP=H (VBP=H ) (ADJP (JJ=H )))) (. ))),7,80749,"0,0750248305"
(ROOT (S=H (NP (NP=H (NNP ) (JJ ) (NNS ) (NNS=H )) (PP (IN=H ) (NP (DT ) (NNP ) (NNPS=H )))) (VP=H (VBP=H ) (ADJP (JJ=H ))) (. ))),7,80756,"0,0750313343"
(ROOT (S=H (NP (NP=H (NNP ) (NNPS ) (NNP=H )) (PP (IN=H ) (NP (NP=H (DT ) (NNP=H )) (PP (IN=H ) (NP (NNP ) (NNP=H )))))) (VP=H (VBP=H ) (ADJP (JJ=H ))) (. ))),7,80763,"0,0750378381"
(ROOT (S=H (NP (NNP=H )) (VP=H (VBP=H ) (SBAR (S=H (NP (NN ) (NN ) (NNS=H )) (VP=H (VBP=H ) (ADJP (JJ=H )))))) (. ))),7,80770,"0,0750443418"
(ROOT (S=H (NP (NP=H (JJ ) (NN ) (NN=H )) (PP (IN=H ) (NP (DT ) (NNPS=H )))) (VP=H (VBP=H ) (ADJP (JJ=H ))) (. ))),7,80777,"0,0750508456"
(ROOT (S=H (NP (NP=H (NNP ) (NNP=H )) (PP (IN=H ) (NP (JJ ) (PRN (-LRB- ) (NP=H (NNS=H )) (-RRB- )) (NNS=H )))) (VP=H (VBP=H ) (ADJP (JJ=H ))) (. ))),7,80784,"0,0750573494"
(ROOT (S=H (NP (NP=H (NNP ) (NNP ) (NNP=H )) (CC ) (NP (NN ) (NNS=H ))) (VP=H (VBP=H ) (ADJP (JJ=H ))) (. ))),7,80791,"0,0750638532"
(ROOT (S=H (NP (NP=H (NNP ) (NNP=H )) (PP (IN=H ) (NP (NP=H (NNP=H )) (PP (IN=H ) (NP (NNP ) (NNPS=H )))))) (VP=H (VBP=H ) (ADJP (JJ=H ))) (. ))),7,80798,"0,075070357"
(ROOT (S=H (NP (NN ) (NN ) (NNS ) (NN=H )) (VP=H (VBP=H ) (ADJP (JJ=H ))) (. ))),7,80805,"0,0750768608"
"(ROOT (S=H (S (VP=H (VB=H ) (NP (NN=H )))) (, ) (NP (NNP=H )) (VP=H (VBP=H ) (ADJP (JJ=H ))) (. )))",7,80812,"0,0750833645"
(ROOT (S=H (NP (NP=H (NNP ) (NNP ) (NNP=H )) (PP (IN=H ) (NP (NP=H (DT ) (NNP ) (NNPS=H )) (PP (IN=H ) (NP (NN=H )))))) (VP=H (VBP=H ) (ADJP (JJ=H ))) (. ))),7,80819,"0,0750898683"
(ROOT (S=H (NP (NP=H (NNP ) (NNP ) (NNPS ) (JJ ) (NNS=H )) (PP (IN=H ) (NP (NNP=H )))) (VP=H (VBP=H ) (ADJP (JJ=H ))) (. ))),7,80826,"0,0750963721"
(ROOT (S=H (NP (NP=H (JJ ) (JJ ) (NN=H )) (NP (JJ ) (NN ) (NN ) (NNS=H ))) (VP=H (VBP=H ) (ADJP (JJ=H ))) (. ))),7,80833,"0,0751028759"
(ROOT (S=H (NP (NNP=H )) (PRN (-LRB- ) (NP=H (NN=H )) (-RRB- )) (NP (NN ) (NN ) (NNS=H )) (VP=H (VBP=H ) (ADJP (JJ=H ))) (. ))),7,80840,"0,0751093797"
(ROOT (S=H (NP (NNP ) (NNP ) (NNP ) (NNP ) (NNP ) (NNP=H )) (VP=H (VBZ=H ) (SBAR (S=H (NP (NNS=H )) (VP=H (VBP=H ) (ADJP (JJ=H )))))) (. ))),7,80847,"0,0751158834"
(ROOT (S=H (NP (NP=H (NNP=H )) (CC ) (NP (NP=H (NN ) (NNS ) (NNS=H )) (PP (IN=H ) (NP (NNP=H ))))) (VP=H (VBP=H ) (ADJP (JJ=H ))) (. ))),7,80854,"0,0751223872"
(ROOT (S=H (NP (NP=H (NNP=H )) (PP (IN=H ) (NP (DT ) (CD ) (NNPS ) (NN=H )))) (VP=H (VBP=H ) (ADJP (JJ=H ))) (. ))),7,80861,"0,075128891"
(ROOT (S=H (NP (NP=H (NN ) (NN ) (NN=H )) (PP (IN=H ) (NP (DT ) (NNP ) (NNPS=H )))) (VP=H (VBP=H ) (ADJP (JJ=H ))) (. ))),7,80868,"0,0751353948"
(ROOT (NP=H (NP=H (NNP=H )) (: ) (S (NP (NP=H (NNP ) (NNP ) (NNS=H )) (PP (IN=H ) (NP (DT ) (NNP ) (NNPS=H )))) (VP=H (VBP=H ) (ADJP (JJ=H )))) (. ))),7,80875,"0,0751418986"
(ROOT (S=H (NP (NP (NNP ) (NNS ) (POS=H )) (NN ) (NN ) (NNS=H )) (VP=H (VBP=H ) (ADJP (JJ=H ))) (. ))),7,80882,"0,0751484023"
(ROOT (S=H (NP (NNP=H )) (VP=H (VBZ=H ) (SBAR (S=H (NP (NP=H (NNS=H )) (PP (IN=H ) (NP (DT ) (NNP ) (NNPS=H )))) (VP=H (VBP=H ) (ADJP (JJ=H )))))) (. ))),7,80889,"0,0751549061"
"(ROOT (S=H (NP (NP=H (NP=H (NNP ) (NNP=H )) (PRN (-LRB- ) (NP=H (NNP=H )) (-RRB- ))) (, ) (NP (CD ) (NN ) (NNS=H ))) (VP=H (VBP=H ) (ADJP (JJ=H ))) (. )))",7,80896,"0,0751614099"
(ROOT (NP=H (NP=H (NP=H (NNP=H )) (PP (IN=H ) (NP (NNP=H )))) (: ) (S (NP (NNP=H )) (VP=H (VBP=H ) (ADJP (JJ=H )))) (. ))),7,80903,"0,0751679137"
(ROOT (S=H (NP (NP=H (NNS=H )) (PP (IN=H ) (NP (CD ) (NN=H )))) (NP (NNP ) (NNPS ) (NNP ) (NNP ) (NNS=H )) (VP=H (VBP=H ) (ADJP (JJ=H ))) (. ))),7,80910,"0,0751744175"
"(ROOT (S=H (NP (NP=H (NNP ) (NNP=H )) (, ) (NP (NP=H (NNP ) (NNP=H )) (NP (JJ ) (NNS=H )))) (VP=H (VBP=H ) (ADJP (JJ=H ))) (. )))",7,80917,"0,0751809213"
(ROOT (S=H (NP (NNP=H ) (CC ) (NNP )) (VP=H (VBZ=H ) (SBAR (S=H (NP (NN ) (NNS=H )) (VP=H (VBP=H ) (ADJP (JJ=H )))))) (. ))),7,80924,"0,075187425"
(ROOT (NP=H (NP=H (CD=H )) (: ) (NP (NP=H (CD=H )) (SBAR (S=H (NP (NP (DT ) (NNP ) (NNP ) (NNS ) (POS=H )) (NN ) (NN=H )) (VP=H (VBP=H ) (ADJP (JJ=H )))))) (. ))),7,80931,"0,0751939288"
(ROOT (NP=H (NP=H (NNP=H )) (: ) (S (NP (NNP ) (NNPS ) (NNP=H )) (VP=H (VBP=H ) (ADJP (JJ=H )))) (. ))),7,80938,"0,0752004326"
(ROOT (S=H (NP (NP (NNP ) (NNP ) (NNP=H )) (PRN (-LRB- ) (NP=H (NN ) (NN=H )) (-RRB- )) (NNS=H )) (VP=H (VBP=H ) (ADJP (JJ=H ))) (. ))),7,80945,"0,0752069364"
(ROOT (S=H (NP (NNP=H )) (VP=H (VBD=H ) (SBAR (S=H (NP (NP=H (NNP ) (NNP ) (NNP ) (NN ) (NNS=H )) (ADJP (JJ ) (JJ=H ))) (VP=H (VBP=H ) (ADJP (JJ=H )))))) (. ))),7,80952,"0,0752134402"
(ROOT (S=H (NP (NP (NNP ) (NNP ) (POS=H )) (NNP ) (PRN (-LRB- ) (NP=H (NNP ) (NNP=H )) (-RRB- )) (NNP=H )) (VP=H (VBP=H ) (ADJP (JJ=H ))) (. ))),7,80959,"0,0752199439"
(ROOT (S=H (NP (NNP ) (NNP ) (NNP ) (PRN (-LRB- ) (NP=H (NNP ) (NNP=H )) (-RRB- )) (NNP=H )) (VP=H (VBP=H ) (ADJP (JJ=H ))) (. ))),7,80966,"0,0752264477"
(ROOT (S=H (NP (NNP ) (CD ) (NNP=H )) (VP=H (VBP=H ) (SBAR (S=H (NP (NNS=H )) (VP=H (VBP=H ) (ADJP (JJ=H )))))) (. ))),7,80973,"0,0752329515"
(ROOT (S=H (NP (NP=H (NNP ) (NNP ) (NNP=H )) (CC ) (NP (NNP ) (NNPS=H ))) (VP=H (VBP=H ) (ADJP (JJ=H ))) (. ))),7,80980,"0,0752394553"
(ROOT (S=H (NP (NP (NNP ) (NNP ) (NNP ) (NNP=H )) (PRN (-LRB- ) (NNP=H ) (NNP ) (-RRB- )) (NNS=H )) (VP=H (VBP=H ) (ADJP (JJ=H ))) (. ))),7,80987,"0,0752459591"
(ROOT (NP=H (NP=H (NNP=H )) (: ) (NP (NP=H (NNP ) (NNP=H )) (SBAR (S=H (NP (NP (NNS ) (POS=H )) (NN ) (NN ) (NNS=H )) (VP=H (VBP=H ) (ADJP (JJ=H )))))) (. ))),7,80994,"0,0752524628"
(ROOT (S=H (NP (NP=H (JJ ) (ADJP (JJ=H ) (PRT (RP=H ))) (NN=H )) (PRN (-LRB- ) (NP=H (NNP ) (NNS=H )) (-RRB- ))) (VP=H (VBP=H ) (SBAR (S=H (VP=H (VBP=H ) (ADJP (JJ=H )))))) (. ))),7,81001,"0,0752589666"
(ROOT (S=H (NP (NP=H (NNP ) (NNP ) (NNP ) (. ) (NNP=H )) (NP (NNS=H ))) (VP=H (VBP=H ) (ADJP (JJ=H ))) (. ))),7,81008,"0,0752654704"
"(ROOT (S=H (NP (NP (NNP ) (NNP=H )) (PRN (-LRB- ) (NP=H (NNP ) (NNPS=H )) (, ) (NP (CD=H )) (-RRB- )) (NNS=H )) (VP=H (VBP=H ) (ADJP (JJ=H ))) (. )))",7,81015,"0,0752719742"
(ROOT (S=H (NP (NP=H (NNP=H )) (PRN (-LRB- ) (NP=H (CD ) (NNS=H )) (-RRB- ))) (VP=H (VBP=H ) (ADJP (JJ=H ))) (. ))),7,81022,"0,075278478"
(ROOT (NP=H (NP=H (NNS=H )) (: ) (S (NP (NNP ) (NNP ) (NNS=H )) (VP=H (VBP=H ) (ADJP (JJ=H )))) (. ))),7,81029,"0,0752849817"
(ROOT (S=H (NP (NP=H (NNP ) (NNP=H )) (PP (IN=H ) (NP (NP=H (NNP ) (NNS=H )) (PP (IN=H ) (NP (NNP ) (JJ ) (NNS=H )))))) (VP=H (VBP=H ) (ADJP (JJ=H ))) (. ))),7,81036,"0,0752914855"
(ROOT (S=H (NP (NP=H (NNP ) (NNP ) (NNP=H )) (PP (IN=H ) (NP (NP=H (NNP ) (NNS=H )) (PP (IN=H ) (NP (NNP ) (JJ ) (NNS=H )))))) (VP=H (VBP=H ) (ADJP (JJ=H ))) (. ))),7,81043,"0,0752979893"
(ROOT (S=H (NP (NP=H (NP (NNP ) (NNS ) (POS=H )) (NNS=H )) (PP (IN=H ) (NP (DT ) (NNP ) (NNPS=H )))) (VP=H (VBP=H ) (ADJP (JJ=H ))) (. ))),7,81050,"0,0753044931"
(ROOT (S=H (NP (NP (NNP ) (NNP ) (NNP ) (NNS ) (POS=H )) (NN ) (NN ) (NN ) (NNS=H )) (VP=H (VBP=H ) (ADJP (JJ=H ))) (. ))),7,81057,"0,0753109969"
(ROOT (S=H (NP (NP=H (NNP ) (NNP=H )) (PP (IN=H ) (NP (NP=H (DT ) (NNP ) (NNS=H )) (PP (TO=H ) (NP (NNP=H )))))) (VP=H (VBP=H ) (ADJP (JJ=H ))) (. ))),7,81064,"0,0753175007"
(ROOT (NP=H (NP=H (NNP=H )) (: ) (S (NP (NN ) (NN ) (NNS=H )) (VP=H (VBP=H ) (ADJP (JJ=H )))) (. ))),7,81071,"0,0753240044"
(ROOT (S=H (NP (NP (NNP=H ) (CC ) (NNP )) (PRN (-LRB- ) (NP=H (NN=H ) (CD )) (-RRB- )) (NNS=H )) (VP=H (VBP=H ) (ADJP (JJ=H ))) (. ))),7,81078,"0,0753305082"
"(ROOT (S=H (S (VP=H (VBG=H ) (NP (NNP ) (NNP=H )))) (, ) (NP (NNP ) (NNS=H )) (VP=H (VBP=H ) (ADJP (JJ=H ))) (. )))",7,81085,"0,075337012"
(ROOT (NP=H (NP=H (NNP=H )) (: ) (NP (NP=H (NNP=H )) (PRN (-LRB- ) (NP=H (NN=H )) (-RRB- )) (SBAR (S=H (NP (NNS=H )) (VP=H (VBP=H ) (ADJP (JJ=H )))))) (. ))),7,81092,"0,0753435158"
(ROOT (S=H (NP (NP=H (NN=H ) (CC ) (NN )) (PP (IN=H ) (NP (NP=H (NNP ) (NNS=H )) (PP (IN=H ) (NP (NN=H )))))) (VP=H (VBP=H ) (ADJP (JJ=H ))) (. ))),7,81099,"0,0753500196"
(ROOT (S=H (ADVP (RB=H )) (NP (NP (DT ) (NNP ) (NNP=H )) (PRN (-LRB- ) (NP=H (NN=H ) (CD )) (-RRB- )) (NNS=H )) (VP=H (VBP=H ) (ADJP (JJ=H ))) (. ))),7,81106,"0,0753565233"
(ROOT (S=H (NP (NP=H (NNP=H )) (SBAR (S=H (NP (NN ) (NN ) (NNS=H )) (VP=H (VBD=H ) (PP (IN=H ) (NP (DT ) (NNP ) (NNPS=H ))))))) (VP=H (VBP=H ) (ADJP (JJ=H ))) (. ))),7,81113,"0,0753630271"
(ROOT (S=H (NP (NP (NNP ) (NNP ) (POS=H )) (NP (JJ ) (NNS ) (NNS ) (POS=H )) (NN ) (NNS=H )) (VP=H (VBP=H ) (ADJP (JJ=H ))) (. ))),7,81120,"0,0753695309"
(ROOT (S=H (NP (NNP=H )) (VP=H (VBD=H ) (NP (NP=H (NNS=H )) (SBAR (S=H (NP (NP=H (DT ) (NNP=H )) (PRN (-LRB- ) (NP=H (NN=H ) (CD )) (-RRB- ))) (VP=H (VBP=H ) (ADJP (JJ=H ))))))) (. ))),7,81127,"0,0753760347"
(ROOT (S=H (NP (NP (CD ) (NN=H )) (PRN (-LRB- ) (NP=H (NN=H ) (CD )) (-RRB- )) (NNS=H )) (VP=H (VBP=H ) (ADJP (JJ=H ))) (. ))),7,81134,"0,0753825385"
(ROOT (S=H (NP (NNP ) (NNP ) (NNPS ) (NNP=H )) (VP=H (VBD=H ) (SBAR (S=H (NP (JJ ) (NNS=H )) (VP=H (VBP=H ) (ADJP (JJ=H )))))) (. ))),7,81141,"0,0753890422"
(ROOT (NP=H (NP=H (CD=H )) (: ) (NP (NP=H (CD ) (JJ ) (JJ ) (NN ) (NN=H )) (SBAR (S=H (NP (NNS=H )) (VP=H (VBP=H ) (ADJP (JJ=H )))))) (. ))),7,81148,"0,075395546"
(ROOT (S=H (NP (CD ) (NNP ) (NNPS ) (NN ) (NN=H )) (VP=H (VBZ=H ) (SBAR (S=H (NP (NNS=H )) (VP=H (VBP=H ) (ADJP (JJ=H )))))) (. ))),7,81155,"0,0754020498"
(ROOT (S=H (NP (CD ) (NNP ) (NNPS ) (NN=H )) (VP=H (VBP=H ) (SBAR (S=H (NP (JJ ) (NNS=H )) (VP=H (VBP=H ) (ADJP (JJ=H )))))) (. ))),7,81162,"0,0754085536"
(ROOT (S=H (NP (ADJP (JJ ) (JJ ) (NN=H )) (JJ ) (NN ) (NN ) (NNS=H )) (VP=H (VBP=H ) (ADJP (JJ=H ))) (. ))),7,81169,"0,0754150574"
(ROOT (S=H (NP (NNP ) (NNP ) (PRN (-LRB- ) (NP=H (NN=H )) (-RRB- )) (NNP=H )) (VP=H (VBP=H ) (ADJP (JJ=H ))) (. ))),7,81176,"0,0754215611"
(ROOT (S=H (NP (NP=H (JJ ) (NN=H )) (PP (IN=H ) (NP (DT ) (CD ) (NNP ) (NNPS=H )))) (VP=H (VBP=H ) (ADJP (JJ=H ))) (. ))),7,81183,"0,0754280649"
(ROOT (S=H (NP (CD ) (NNP ) (NNPS ) (NNP ) (NNP ) (NN=H )) (VP=H (VBP=H ) (ADJP (JJ=H ))) (. ))),6,81189,"0,0754336396"
(ROOT (S=H (NP (NP=H (NNP ) (NNP=H )) (CC ) (NP (NNP ) (NNPS ) (NN=H ))) (VP=H (VBP=H ) (ADJP (JJ=H ))) (. ))),6,81195,"0,0754392143"
(ROOT (S=H (NP (NP=H (NNP ) (NNP=H )) (PP (IN=H ) (NP (VBG ) (NNS=H )))) (VP=H (VBP=H ) (ADJP (JJ=H ))) (. ))),6,81201,"0,0754447889"
(ROOT (S=H (NP (NP=H (NNP ) (NNP ) (CC ) (NNP ) (NNP=H )) (NP (NNS=H ))) (VP=H (VBP=H ) (ADJP (JJ=H ))) (. ))),6,81207,"0,0754503636"
"(ROOT (S=H (S (NP=H (NP=H (NNP=H )) (PP (IN=H ) (NP (NNP ) (CC ) (NNP ) (NNP=H ))))) (, ) (NP (NNP=H )) (VP=H (VBP=H ) (ADJP (JJ=H ))) (. )))",6,81213,"0,0754559383"
(ROOT (S=H (NP (NP=H (NNP ) (NNP=H )) (PP (IN=H ) (NP (NNP ) (NNS=H ) (CC ) (NNS )))) (VP=H (VBP=H ) (ADJP (JJ=H ))) (. ))),6,81219,"0,0754615129"
(ROOT (S=H (NP (NP=H (JJ ) (NN=H )) (CC ) (NP (JJ ) (JJ ) (NNS=H ))) (VP=H (VBP=H ) (ADJP (JJ=H ))) (. ))),6,81225,"0,0754670876"
(ROOT (S=H (NP (JJ ) (PRN (-LRB- ) (NP=H (NNP ) (NN=H )) (-RRB- )) (NNS=H )) (VP=H (VBP=H ) (ADJP (JJ=H ))) (. ))),6,81231,"0,0754726623"
(ROOT (S=H (NP (NP=H (NNP=H ) (CC ) (NNP )) (PP (IN=H ) (NP (DT ) (NNP ) (NNPS=H )))) (VP=H (VBP=H ) (ADJP (JJ=H ))) (. ))),6,81237,"0,075478237"
(ROOT (S=H (NP (NP=H (NNP=H )) (PP (IN=H ) (NP (NP=H (DT ) (NNP=H )) (PP (IN=H ) (NP (NNP ) (NNS=H )))))) (VP=H (VBP=H ) (ADJP (JJ=H ))) (. ))),6,81243,"0,0754838116"
(ROOT (S=H (NP (NP=H (JJ ) (NNS ) (NN ) (NN=H )) (PP (IN=H ) (NP (NNP=H )))) (VP=H (VBP=H ) (ADJP (JJ=H ))) (. ))),6,81249,"0,0754893863"
"(ROOT (S=H (NP (NNP ) (NNS ) (, ) (NNS=H ) (CC ) (NNS )) (VP=H (VBP=H ) (ADJP (JJ=H ))) (. )))",6,81255,"0,075494961"
(ROOT (S=H (PP (IN=H ) (NP (NN=H ))) (NP (NNS=H )) (VP=H (VBP=H ) (ADJP (JJ=H ))) (. ))),6,81261,"0,0755005356"
(ROOT (S=H (NP (NNP ) (NNPS ) (. ) (NNPS=H )) (ADVP (RB=H )) (VP=H (VBP=H ) (ADJP (JJ=H ))) (. ))),6,81267,"0,0755061103"
(ROOT (S=H (NP (NP=H (NNP ) (JJ ) (NN=H )) (NP (JJ ) (NNS=H ))) (VP=H (VBP=H ) (ADJP (JJ=H ))) (. ))),6,81273,"0,075511685"
(ROOT (S=H (NP (NP=H (NNP=H )) (PP (IN=H ) (NP (NP=H (NNS=H )) (PP (IN=H ) (NP (DT ) (NNP ) (NNPS=H )))))) (VP=H (VBP=H ) (ADJP (JJ=H ))) (. ))),6,81279,"0,0755172596"
(ROOT (S=H (NP (NP=H (NNS ) (CC ) (NN ) (NNS=H )) (PP (IN=H ) (NP (DT ) (NNP ) (NNPS=H )))) (VP=H (VBP=H ) (ADJP (JJ=H ))) (. ))),6,81285,"0,0755228343"
(ROOT (S=H (NP (NNP=H )) (VP=H (VBP=H ) (SBAR (S=H (NP (NNP ) (NNS=H )) (VP=H (VBP=H ) (ADJP (JJ=H )))))) (. ))),6,81291,"0,075528409"
(ROOT (S=H (NP (NP=H (NNP=H )) (PP (IN=H ) (NP (NP=H (NNS=H )) (PP (IN=H ) (NP (NNP ) (NNP=H )))))) (VP=H (VBP=H ) (ADJP (JJ=H ))) (. ))),6,81297,"0,0755339836"
(ROOT (S=H (NP (NP=H (NNP=H )) (PP (IN=H ) (NP (NP (NNP ) (NN ) (NNS ) (POS=H )) (NN ) (NNS=H )))) (VP=H (VBP=H ) (ADJP (JJ=H ))) (. ))),6,81303,"0,0755395583"
(ROOT (S=H (NP (NP=H (NNP=H )) (PP (IN=H ) (NP (JJ ) (NNS=H ) (CC ) (NNS )))) (VP=H (VBP=H ) (ADJP (JJ=H ))) (. ))),6,81309,"0,075545133"
(ROOT (S=H (NP (NNP=H )) (VP=H (VBZ=H ) (SBAR (S=H (NP (NNS=H ) (CC ) (NNS )) (VP=H (VBP=H ) (ADJP (JJ=H )))))) (. ))),6,81315,"0,0755507077"
(ROOT (S=H (NP (NP=H (NNP ) (NNPS ) (NNP=H )) (PP (IN=H ) (NP (NN ) (NN=H )))) (VP=H (VBP=H ) (ADJP (JJ=H ))) (. ))),6,81321,"0,0755562823"
(ROOT (S=H (NP (NP=H (NNP=H )) (NP (DT ) (NNP ) (NNS=H ))) (VP=H (VBP=H ) (ADJP (JJ=H ))) (. ))),6,81327,"0,075561857"
(ROOT (S=H (NP (NP=H (NNP=H )) (PP (IN=H ) (NP (NP=H (NN=H )) (PP (IN=H ) (NP (DT ) (NNPS=H )))))) (VP=H (VBP=H ) (ADJP (JJ=H ))) (. ))),6,81333,"0,0755674317"
(ROOT (S=H (NP (NP=H (NNP ) (NNP=H )) (PP (IN=H ) (NP (DT ) (NNP ) (NNS ) (NNS=H )))) (VP=H (VBP=H ) (ADJP (JJ=H ))) (. ))),6,81339,"0,0755730063"
(ROOT (FRAG=H (NP (NNP=H )) (: ) (S=H (NP (NNP ) (NN=H )) (VP=H (VBP=H ) (ADJP (JJ=H )))) (. ))),6,81345,"0,075578581"
(ROOT (S=H (NP (NP=H (NNP=H )) (PP (IN=H ) (NP (NP=H (NNP ) (NNS=H )) (VP (VBG=H ) (NP (NN=H )))))) (VP=H (VBP=H ) (ADJP (JJ=H ))) (. ))),6,81351,"0,0755841557"
(ROOT (S=H (NP (NP=H (NN=H )) (PRN (-LRB- ) (NP=H (NNS=H )) (-RRB- ))) (VP=H (VBP=H ) (ADJP (JJ=H ))) (. ))),6,81357,"0,0755897303"
(ROOT (S=H (S (VP=H (VBG=H ) (PP (IN=H ) (NP (DT ) (NNPS ) (NNPS=H ))))) (NP (JJ ) (NNS=H )) (VP=H (VBP=H ) (ADJP (JJ=H ))) (. ))),6,81363,"0,075595305"
(ROOT (S=H (NP (NP=H (NNP ) (NNP ) (NNP=H )) (PP (IN=H ) (NP (VBG ) (NNS=H )))) (VP=H (VBP=H ) (ADJP (JJ=H ))) (. ))),6,81369,"0,0756008797"
(ROOT (S=H (NP (NP=H (JJ ) (NN=H )) (PP (IN=H ) (NP (NP=H (NP (DT ) (NNS ) (POS=H )) (NNP=H )) (PP (IN=H ) (NP (NNP=H )))))) (VP=H (VBP=H ) (ADJP (JJ=H ))) (. ))),6,81375,"0,0756064544"
(ROOT (S=H (NP (NNP ) (NNP ) (CC ) (NNP ) (NNPS ) (NNP=H )) (VP=H (VBP=H ) (ADJP (JJ=H ))) (. ))),6,81381,"0,075612029"
(ROOT (S=H (NP (NP=H (NNP ) (NNP=H )) (PP (IN=H ) (NP (DT ) (NN ) (NN ) (NNS=H )))) (VP=H (VBP=H ) (ADJP (JJ=H ))) (. ))),6,81387,"0,0756176037"
(ROOT (S=H (NP (NNP ) (NNP ) (NNP ) (NNP=H )) (VP=H (VBP=H ) (SBAR (S=H (NP (NNS=H )) (VP=H (VBP=H ) (ADJP (JJ=H )))))) (. ))),6,81393,"0,0756231784"
(ROOT (S=H (NP (NP=H (NNP ) (NNPS ) (NN=H )) (PP (IN=H ) (NP (NNP=H )))) (VP=H (VBP=H ) (ADJP (JJ=H ))) (. ))),6,81399,"0,075628753"
(ROOT (S=H (NP (NNP ) (CC ) (NNS ) (NNS=H )) (VP=H (VBP=H ) (ADJP (JJ=H ))) (. ))),6,81405,"0,0756343277"
(ROOT (S=H (NP (NNP=H )) (PRN (-LRB- ) (NP=H (NNP ) (NN=H )) (-RRB- )) (NP (NN ) (NN ) (NNS=H )) (VP=H (VBP=H ) (ADJP (JJ=H ))) (. ))),6,81411,"0,0756399024"
(ROOT (S=H (NP (NNP ) (NNP=H )) (SBAR=H (X (SYM=H )) (S=H (NP (JJ ) (NN ) (NNS=H )) (VP=H (VBP=H ) (ADJP (JJ=H ))))) (. ))),6,81417,"0,075645477"
(ROOT (S=H (NP (NAC (NNP=H ) (NNP )) (NNS=H )) (VP=H (VBP=H ) (ADJP (JJ=H ))) (. ))),6,81423,"0,0756510517"
(ROOT (S=H (NP (NP=H (NN=H )) (PP (IN=H ) (NP (NP=H (DT ) (NNPS=H )) (PP (IN=H ) (NP (NNP=H )))))) (VP=H (VBP=H ) (ADJP (JJ=H ))) (. ))),6,81429,"0,0756566264"
(ROOT (S=H (NP (NP=H (NN=H )) (PP (IN=H ) (NP (DT ) (NNP ) (NNPS ) (NNP ) (NNP=H )))) (VP=H (VBP=H ) (ADJP (JJ=H ))) (. ))),6,81435,"0,075662201"
(ROOT (S=H (NP (NNP=H )) (VP=H (VBZ=H ) (SBAR (S=H (NP (JJ ) (NN ) (NNS=H )) (VP=H (VBP=H ) (ADJP (JJ=H )))))) (. ))),6,81441,"0,0756677757"
(ROOT (S=H (NP (PRP=H )) (NP (NNP ) (NNP ) (NNS=H )) (VP=H (VBP=H ) (ADJP (JJ=H ))) (. ))),6,81447,"0,0756733504"
(ROOT (S=H (NP (NP=H (NN ) (NN=H )) (PP (IN=H ) (NP (DT ) (NNP ) (NNP ) (NNPS=H )))) (VP=H (VBP=H ) (ADJP (JJ=H ))) (. ))),6,81453,"0,0756789251"
(ROOT (FRAG=H (NP (NNP=H )) (: ) (S=H (NP (DT ) (NNP ) (NNS=H )) (VP=H (VBP=H ) (ADJP (JJ=H )))) (. ))),6,81459,"0,0756844997"
(ROOT (S=H (NP (ADJP (NNP=H ) (NNP )) (JJ ) (NNP ) (NNS=H )) (VP=H (VBP=H ) (ADJP (JJ=H ))) (. ))),6,81465,"0,0756900744"
(ROOT (S=H (NP (NP=H (NNP ) (NNP ) (NNP=H )) (PP (IN=H ) (NP (DT ) (NNP ) (NNP ) (NNPS=H )))) (VP=H (VBP=H ) (ADJP (JJ=H ))) (. ))),6,81471,"0,0756956491"
(ROOT (S=H (NP (NP=H (NNP=H )) (PP (IN=H ) (NP (NP=H (DT ) (NNP ) (NNP ) (NNS=H )) (PP (IN=H ) (NP (NN=H )))))) (VP=H (VBP=H ) (ADJP (JJ=H ))) (. ))),6,81477,"0,0757012237"
(ROOT (S=H (NP (NNP ) (NNP=H )) (VP=H (VBP=H ) (SBAR (S=H (NP (JJ ) (NNS=H )) (VP=H (VBP=H ) (ADJP (JJ=H )))))) (. ))),6,81483,"0,0757067984"
(ROOT (S=H (NP (NNP ) (NNP ) (NNP ) (NNPS ) (NNPS ) (NNS=H )) (VP=H (VBP=H ) (ADJP (JJ=H ))) (. ))),6,81489,"0,0757123731"
(ROOT (S=H (NP (NP=H (NNP=H )) (CC ) (NP (NN ) (NN ) (NN ) (NNS=H ))) (VP=H (VBP=H ) (ADJP (JJ=H ))) (. ))),6,81495,"0,0757179477"
(ROOT (S=H (NP (NP=H (JJ ) (NN=H )) (PP (IN=H ) (NP (NP=H (NN ) (NNS=H )) (PP (IN=H ) (NP (NNP=H )))))) (VP=H (VBP=H ) (ADJP (JJ=H ))) (. ))),6,81501,"0,0757235224"
(ROOT (S=H (NP (NP=H (NP (NNS ) (POS=H )) (NNP=H )) (PP (IN=H ) (NP (NNP=H )))) (VP=H (VBP=H ) (ADJP (JJ=H ))) (. ))),6,81507,"0,0757290971"
(ROOT (S=H (NP (NP=H (NNP ) (NNP ) (NN=H )) (CC ) (NP (NN ) (NN ) (NNS=H ))) (VP=H (VBP=H ) (ADJP (JJ=H ))) (. ))),6,81513,"0,0757346717"
(ROOT (S=H (NP (NP=H (NNP=H )) (PP (IN=H ) (NP (NP (NNP ) (POS=H )) (NN ) (NNS=H )))) (VP=H (VBP=H ) (ADJP (JJ=H ))) (. ))),6,81519,"0,0757402464"
(ROOT (S=H (NP (NP=H (NNP ) (NNP=H )) (PP (IN=H ) (NP (NNP ) (NNP ) (CC ) (DT ) (NNPS=H )))) (VP=H (VBP=H ) (ADJP (JJ=H ))) (. ))),6,81525,"0,0757458211"
(ROOT (S=H (NP (NP=H (NN ) (NN=H )) (PP (IN=H ) (NP (NN ) (NNS=H )))) (VP=H (VBP=H ) (ADJP (JJ=H ))) (. ))),6,81531,"0,0757513958"
(ROOT (S=H (NP (NP=H (NNP ) (NNP=H )) (PP (IN=H ) (NP (NNS ) (NNS=H )))) (VP=H (VBP=H ) (ADJP (JJ=H ))) (. ))),6,81537,"0,0757569704"
(ROOT (S=H (NP (NP (NNP ) (NNP ) (POS=H )) (NP (JJ ) (NNS ) (POS=H )) (NN ) (NNS=H )) (VP=H (VBP=H ) (ADJP (JJ=H ))) (. ))),6,81543,"0,0757625451"
(ROOT (S=H (NP (NP=H (NNP ) (NNPS ) (CC ) (NNP ) (NNS=H )) (PP (IN=H ) (NP (NN=H )))) (VP=H (VBP=H ) (ADJP (JJ=H ))) (. ))),6,81549,"0,0757681198"
(ROOT (S=H (NP (NP (NNP ) (NNP ) (POS=H )) (NP (NNP ) (NN ) (NNS ) (POS=H )) (NN ) (NNS=H )) (VP=H (VBP=H ) (ADJP (JJ=H ))) (. ))),6,81555,"0,0757736944"
(ROOT (NP=H (NP=H (NNP ) (NNP=H )) (: ) (S (NP (DT ) (NNP ) (NNP ) (NNS=H )) (VP=H (VBP=H ) (ADJP (JJ=H )))) (. ))),6,81561,"0,0757792691"
(ROOT (S=H (NP (NP=H (NNP ) (NN ) (CC ) (NN ) (NNS=H )) (PP (IN=H ) (NP (NN=H )))) (VP=H (VBP=H ) (ADJP (JJ=H ))) (. ))),6,81567,"0,0757848438"
(ROOT (S=H (NP (DT ) (JJ ) (NNS ) (NNS=H )) (VP=H (VBP=H ) (ADJP (JJ=H ))) (. ))),6,81573,"0,0757904184"
(ROOT (S=H (NP (NP (DT ) (NNPS=H )) (PRN (-LRB- ) (NP=H (NN=H )) (-RRB- )) (NNS=H )) (VP=H (VBP=H ) (ADJP (JJ=H ))) (. ))),6,81579,"0,0757959931"
(ROOT (S=H (NP (NNP=H ) (CC ) (NNP )) (VP=H (VBP=H ) (SBAR (S=H (NP (NNS=H )) (VP=H (VBP=H ) (ADJP (JJ=H )))))) (. ))),6,81585,"0,0758015678"
(ROOT (NP=H (NP=H (NP=H (NNP=H )) (PP (IN=H ) (NP (NNP=H )))) (: ) (NP (NP=H (NNP ) (NNP=H )) (SBAR (S=H (NP (NNS=H )) (VP=H (VBP=H ) (ADJP (JJ=H )))))) (. ))),6,81591,"0,0758071425"
(ROOT (S=H (NP (NP=H (NNP ) (NNP ) (NNP=H )) (NP (JJ ) (JJ ) (NN ) (NN ) (NNS=H ))) (VP=H (VBP=H ) (ADJP (JJ=H ))) (. ))),6,81597,"0,0758127171"
(ROOT (S=H (NP (NNP=H )) (VP=H (VBD=H ) (SBAR (S=H (NP (NP=H (NNS=H )) (PP (IN=H ) (NP (DT ) (NNP=H )))) (VP=H (VBP=H ) (ADJP (JJ=H )))))) (. ))),6,81603,"0,0758182918"
(ROOT (S=H (NP (JJ ) (PRN (-LRB- ) (NP=H (NNP ) (NNP ) (NNP=H )) (-RRB- )) (NNS=H )) (VP=H (VBP=H ) (ADJP (JJ=H ))) (. ))),6,81609,"0,0758238665"
(ROOT (S=H (NP (NP (DT ) (NN=H )) (PRN (-LRB- ) (NP=H (NP=H (NNP ) (NNP=H )) (NP (NN=H ))) (-RRB- )) (NNS=H )) (VP=H (VBP=H ) (ADJP (JJ=H ))) (. ))),6,81615,"0,0758294411"
(ROOT (S=H (NP (NNP=H )) (VP=H (VBD=H ) (SBAR (S=H (NP (NP=H (NNS=H )) (PP (IN=H ) (NP (NN ) (NN ) (NNS=H )))) (VP=H (VBP=H ) (ADJP (JJ=H )))))) (. ))),6,81621,"0,0758350158"
(ROOT (S=H (NP (NP=H (NNP ) (NNPS ) (NNP=H )) (PP (IN=H ) (NP (NNP ) (NNP ) (NNS=H )))) (VP=H (VBP=H ) (ADJP (JJ=H ))) (. ))),6,81627,"0,0758405905"
(ROOT (S=H (NP (NP=H (NNP ) (NNP=H )) (SBAR (S=H (NP (PRP=H )) (VP=H (VBZ=H )))) (PP (IN=H ) (NP (DT ) (NNP ) (NNPS=H )))) (VP=H (VBP=H ) (ADJP (JJ=H ))) (. ))),6,81633,"0,0758461651"
(ROOT (S=H (NP (NP=H (NNP ) (NNP=H )) (NP (JJ ) (NNS ) (NNS=H ))) (VP=H (VBP=H ) (ADJP (JJ=H ))) (. ))),6,81639,"0,0758517398"
(ROOT (NP=H (NP=H (JJ ) (NNS=H )) (: ) (S (NP (NNS=H )) (VP=H (VBP=H ) (ADJP (JJ=H )))) (. ))),6,81645,"0,0758573145"
(ROOT (S=H (NP (NP=H (NP (JJ ) (NNS ) (POS=H )) (NNS=H )) (PP (IN=H ) (NP (DT ) (NNP ) (NNPS=H )))) (VP=H (VBP=H ) (ADJP (JJ=H ))) (. ))),6,81651,"0,0758628891"
(ROOT (S=H (NP (NNP ) (NNP ) (ADJP (NP (CD ) (NNS=H )) (JJ=H )) (NNS=H )) (VP=H (VBP=H ) (ADJP (JJ=H ))) (. ))),6,81657,"0,0758684638"
(ROOT (S=H (NP (NP=H (NNP ) (NN=H )) (PP (IN=H ) (NP (JJ ) (NNS=H )))) (VP=H (VBP=H ) (ADJP (JJ=H ))) (. ))),6,81663,"0,0758740385"
(ROOT (S=H (NP (NP=H (NNP ) (NNP ) (NNP ) (NN ) (NN=H )) (PP (IN=H ) (NP (DT ) (NNP ) (NNPS=H )))) (VP=H (VBP=H ) (ADJP (JJ=H ))) (. ))),6,81669,"0,0758796132"
(ROOT (FRAG=H (NP (NN=H )) (: ) (S=H (NP (NNP=H )) (VP=H (VBP=H ) (ADJP (JJ=H )))) (. ))),6,81675,"0,0758851878"
(ROOT (S=H (NP (NP=H (NNPS ) (NNPS=H )) (PP (IN=H ) (NP (NNP=H )))) (VP=H (VBP=H ) (ADJP (JJ=H ))) (. ))),6,81681,"0,0758907625"
(ROOT (S=H (NP (NP=H (NNP=H )) (PP (IN=H ) (NP (DT ) (NNP ) (NNS ) (NNS=H )))) (VP=H (VBP=H ) (ADJP (JJ=H ))) (. ))),6,81687,"0,0758963372"
(ROOT (S=H (NP (NP=H (NNP ) (NNP=H )) (CC ) (NP (DT ) (NNP ) (JJ ) (NNS=H ))) (VP=H (VBP=H ) (ADJP (JJ=H ))) (. ))),6,81693,"0,0759019118"
(ROOT (S=H (NP (NP=H (NNP ) (NNPS ) (JJ ) (NNS=H )) (PP (IN=H ) (NP (NNS=H )))) (VP=H (VBP=H ) (ADJP (JJ=H ))) (. ))),6,81699,"0,0759074865"
(ROOT (S=H (NP (DT ) (NNP ) (NNPS ) (NNP=H )) (VP=H (VBP=H ) (ADJP (JJ=H ))) (. ))),6,81705,"0,0759130612"
(ROOT (S=H (NP (NP=H (NNP ) (NNP ) (CC ) (NNP ) (NNP=H )) (PP (IN=H ) (NP (NN=H )))) (VP=H (VBP=H ) (ADJP (JJ=H ))) (. ))),6,81711,"0,0759186358"
(ROOT (S=H (NP (NP (JJ ) (NNS ) (POS=H )) (NNP ) (NNP=H )) (VP=H (VBP=H ) (ADJP (JJ=H ))) (. ))),6,81717,"0,0759242105"
(ROOT (S=H (NP (NP=H (NNP ) (NN=H )) (PP (IN=H ) (NP (NN ) (NNS=H )))) (VP=H (VBP=H ) (ADJP (JJ=H ))) (. ))),6,81723,"0,0759297852"
"(ROOT (S=H (S (NP (NNP ) (NNP=H )) (VP=H (VBP=H ) (NP (NP=H (NNS=H )) (PP (IN=H ) (NP (NNP ) (NNP=H )))))) (, ) (NP (NNP=H )) (VP=H (VBP=H ) (ADJP (JJ=H ))) (. )))",6,81729,"0,0759353598"
(ROOT (S=H (NP (NP=H (NNP ) (NNPS ) (NNP ) (NN ) (NNS=H )) (PP (IN=H ) (NP (NN ) (NNS=H )))) (VP=H (VBP=H ) (ADJP (JJ=H ))) (. ))),6,81735,"0,0759409345"
(ROOT (S=H (NP (NNP=H )) (VP=H (VBD=H ) (NP (NP=H (NNS=H )) (SBAR (S=H (NP (NNP ) (NNP ) (NNP ) (JJ ) (NN=H )) (VP=H (VBP=H ) (ADJP (JJ=H ))))))) (. ))),6,81741,"0,0759465092"
"(ROOT (S=H (S (NP=H (NP=H (NNS=H )) (PP (IN=H ) (NP (DT ) (NNP ) (NNP ) (NNP ) (NNP=H ))))) (, ) (NP (NNP=H )) (VP=H (VBP=H ) (ADJP (JJ=H ))) (. )))",6,81747,"0,0759520839"
(ROOT (S=H (NP (JJ ) (NNS ) (CC ) (NN ) (NN ) (NNS=H )) (VP=H (VBP=H ) (ADJP (JJ=H ))) (. ))),6,81753,"0,0759576585"
(ROOT (S=H (NP (NP=H (NN=H )) (PP (IN=H ) (NP (NP=H (JJ ) (NNS=H )) (PP (IN=H ) (NP (NNP=H )))))) (VP=H (VBP=H ) (ADJP (JJ=H ))) (. ))),6,81759,"0,0759632332"
(ROOT (S=H (NP (NP=H (NNP ) (NNPS ) (CC ) (NNP ) (NNS=H )) (PP (IN=H ) (NP (JJ ) (NN=H )))) (VP=H (VBP=H ) (ADJP (JJ=H ))) (. ))),6,81765,"0,0759688079"
(ROOT (S=H (NP (NP=H (NNP ) (NNP ) (NNP ) (NNP=H )) (PP (IN=H ) (NP (NNP ) (NNP ) (NNS=H )))) (VP=H (VBP=H ) (ADJP (JJ=H ))) (. ))),6,81771,"0,0759743825"
(ROOT (S=H (NP (NP=H (NNP ) (NNPS ) (NNP ) (NNS=H )) (PP (IN=H ) (NP (NNP ) (NNP ) (NNP=H )))) (VP=H (VBP=H ) (ADJP (JJ=H ))) (. ))),6,81777,"0,0759799572"
(ROOT (S=H (NP (NP=H (NNP ) (NNP ) (NNP=H )) (PP (IN=H ) (NP (JJS ) (JJ ) (NN ) (NNS=H )))) (VP=H (VBP=H ) (ADJP (JJ=H ))) (. ))),6,81783,"0,0759855319"
(ROOT (S=H (NP (NP=H (JJ=H )) (PP (VBN=H ) (PP (IN=H ) (NP (DT ) (CD ) (NNPS ) (NNPS=H ))))) (VP=H (VBP=H ) (ADJP (JJ=H ))) (. ))),6,81789,"0,0759911065"
"(ROOT (S=H (S (NP (JJ ) (NNS=H )) (VP=H (VBN=H ) (PP (IN=H ) (NP (NNP ) (NNP=H ))))) (, ) (NP (NNP=H )) (VP=H (VBP=H ) (ADJP (JJ=H ))) (. )))",6,81795,"0,0759966812"
(ROOT (S=H (NP (NNP ) (NNP ) (NNP ) (NNP ) (NNPS ) (NNP ) (NNS=H )) (VP=H (VBP=H ) (ADJP (JJ=H ))) (. ))),6,81801,"0,0760022559"
(ROOT (S=H (NP (NP (CD ) (JJ ) (NN=H )) (PRN (-LRB- ) (NP=H (NN=H )) (-RRB- )) (NNS=H )) (VP=H (VBP=H ) (ADJP (JJ=H ))) (. ))),6,81807,"0,0760078306"
(ROOT (S=H (NP (NP=H (NNP=H )) (PP (IN=H ) (NP (NP=H (NNS=H )) (PP (IN=H ) (NP (NNP ) (NNS=H )))))) (VP=H (VBP=H ) (ADJP (JJ=H ))) (. ))),6,81813,"0,0760134052"
(ROOT (S=H (NP (JJ ) (ADJP (JJ=H ) (PP (IN=H ) (NP (NP=H (DT ) (JJ ) (NN=H )) (PP (IN=H ) (NP (DT ) (NNP ) (NNP ) (NNP ) (NNPS ) (NNP=H )))))) (NN ) (NNS=H )) (VP=H (VBP=H ) (ADJP (JJ=H ))) (. ))),6,81819,"0,0760189799"
(ROOT (NP=H (NP=H (NNP=H )) (: ) (NP (NP=H (NNP ) (NNP ) (NNPS=H )) (SBAR (S=H (NP (NN ) (NNS=H )) (VP=H (VBP=H ) (ADJP (JJ=H )))))) (. ))),6,81825,"0,0760245546"
(ROOT (S=H (NP (NNP ) (NNP ) (NNS ) (NNP ) (NNP=H )) (VP=H (VBP=H ) (ADJP (JJ=H ))) (. ))),6,81831,"0,0760301292"
(ROOT (S=H (NP (NP (NNP ) (NNP=H )) (PRN (-LRB- ) (NP=H (CD ) (NN ) (NN=H )) (-RRB- )) (NNS=H )) (VP=H (VBP=H ) (ADJP (JJ=H ))) (. ))),6,81837,"0,0760357039"
(ROOT (S=H (NP (NP (JJ ) (NN ) (NN=H )) (PRN (-LRB- ) (NP=H (NN=H )) (-RRB- )) (NNS=H )) (VP=H (VBD=H ) (SBAR (IN=H ) (S (NP (NNP=H )) (VP=H (VBP=H ) (ADJP (JJ=H )))))) (. ))),6,81843,"0,0760412786"
(ROOT (S=H (NP (NP=H (NNP ) (NNP=H )) (VP (VBG=H ) (NP (JJ ) (NNS=H )) (PP (IN=H ) (NP (NN=H ))))) (VP=H (VBP=H ) (ADJP (JJ=H ))) (. ))),6,81849,"0,0760468532"
(ROOT (S=H (NP (NP=H (NNP=H )) (VP (VBG=H ) (NP (NN ) (NNS=H )))) (VP=H (VBP=H ) (ADJP (JJ=H ))) (. ))),6,81855,"0,0760524279"
(ROOT (S=H (NP (NP (CD ) (NNS=H )) (PRN (-LRB- ) (NP=H (NN=H )) (-RRB- )) (NNS=H )) (VP=H (VBP=H ) (ADJP (JJ=H ))) (. ))),6,81861,"0,0760580026"
(ROOT (S=H (NP (NP (DT ) (NNP=H )) (PRN (-LRB- ) (NP=H (NNP=H )) (-RRB- )) (NNS=H )) (VP=H (VBP=H ) (ADJP (JJ=H ))) (. ))),6,81867,"0,0760635772"
(ROOT (S=H (NP (NP=H (NNP ) (NN ) (CC ) (NN ) (NNS=H )) (PP (IN=H ) (NP (DT ) (NNP ) (NNPS=H )))) (VP=H (VBP=H ) (ADJP (JJ=H ))) (. ))),6,81873,"0,0760691519"
(ROOT (S=H (NP (NP=H (JJ ) (JJ ) (NN=H )) (PP (IN=H ) (NP (NP=H (DT ) (NNP ) (NNPS=H )) (PP (IN=H ) (NP (NN=H )))))) (VP=H (VBP=H ) (ADJP (JJ=H ))) (. ))),6,81879,"0,0760747266"
(ROOT (S=H (NP (NP=H (NNP ) (NNPS ) (NNP ) (NNP=H )) (PP (IN=H ) (NP (DT ) (NNP ) (NNP=H )))) (VP=H (VBP=H ) (ADJP (JJ=H ))) (. ))),6,81885,"0,0760803013"
"(ROOT (S=H (S (NP=H (NP=H (NNP=H )) (PP (IN=H ) (NP (NNP=H ) (CC ) (NNP ))))) (, ) (NP (NNP ) (NNS=H )) (VP=H (VBP=H ) (ADJP (JJ=H ))) (. )))",6,81891,"0,0760858759"
(ROOT (S=H (NP (NP=H (NNP=H )) (PP (IN=H ) (NP (NNP ) (NNPS ) (NN ) (NN=H )))) (VP=H (VBP=H ) (ADJP (JJ=H ))) (. ))),6,81897,"0,0760914506"
(ROOT (S=H (NP (DT ) (NNP ) (NNP=H )) (VP=H (VBP=H ) (SBAR (S=H (NP (NNS=H )) (VP=H (VBP=H ) (ADJP (JJ=H )))))) (. ))),6,81903,"0,0760970253"
(ROOT (FRAG=H (NP (NNP ) (NNP ) (NNP ) (NNP ) (NNP=H )) (: ) (S=H (NP (NNP ) (NNP=H )) (VP=H (VBP=H ) (ADJP (JJ=H )))) (. ))),6,81909,"0,0761025999"
(ROOT (FRAG=H (NP (NNP=H )) (: ) (S=H (NP (NP=H (NNP=H )) (PP (IN=H ) (NP (DT ) (NNP ) (PRN (-LRB- ) (NP=H (NN=H ) (CD )) (-RRB- )) (NNS=H )))) (VP=H (VBP=H ) (ADJP (JJ=H )))) (. ))),6,81915,"0,0761081746"
"(ROOT (S=H (NP (ADJP (JJ=H ) (NP-TMP (NP=H (NNP=H )) (, ) (NP (NNP ) (NNP=H )) (CC ) (NP (NNP ) (NNP=H )))) (JJ ) (NN ) (NNS=H )) (VP=H (VBP=H ) (ADJP (JJ=H ))) (. )))",6,81921,"0,0761137493"
(ROOT (S=H (NP (NP (NNP ) (NNP ) (NNP=H )) (PRN (-LRB- ) (NP=H (NNS=H )) (-RRB- )) (NNS=H )) (VP=H (VBP=H ) (ADJP (JJ=H ))) (. ))),6,81927,"0,0761193239"
"(ROOT (S=H (S (VP=H (VB=H ) (PP (IN=H ) (NP (NNP ) (NNP ) (NNP=H ))))) (, ) (NP (NNP=H )) (VP=H (VBP=H ) (ADJP (JJ=H ))) (. )))",6,81933,"0,0761248986"
(ROOT (S=H (NP (NP=H (NP=H (NNP ) (NNP=H )) (PP (IN=H ) (NP (DT ) (NNP ) (NNPS=H )))) (PRN (-LRB- ) (NP=H (NN=H )) (-RRB- ))) (VP=H (VBP=H ) (ADJP (JJ=H ))) (. ))),6,81939,"0,0761304733"
(ROOT (S=H (NP (NP=H (JJ ) (NNS ) (NNS=H )) (CC ) (NP (NP=H (NNS=H )) (PP (IN=H ) (NP (DT ) (NNP ) (NNPS ) (NNP=H ))))) (VP=H (VBP=H ) (ADJP (JJ=H ))) (. ))),6,81945,"0,0761360479"
(ROOT (S=H (NP (NP=H (NP (NNP ) (NNS ) (POS=H )) (JJ ) (NNS=H )) (PP (IN=H ) (NP (DT ) (NNP ) (NNPS=H )))) (VP=H (VBP=H ) (ADJP (JJ=H ))) (. ))),6,81951,"0,0761416226"
(ROOT (S=H (NP (NP (NNP ) (CC ) (NNP ) (NNP=H )) (PRN (-LRB- ) (NP=H (NNP=H )) (-RRB- )) (NNS=H )) (VP=H (VBP=H ) (ADJP (JJ=H ))) (. ))),6,81957,"0,0761471973"
(ROOT (S=H (ADVP (RB=H )) (NP (DT=H )) (VP=H (VBZ=H ) (SBAR (WHNP=H (WP=H )) (S (NP (PRP=H )) (VP=H (VB=H ) (SBAR (S=H (NP (NP=H (NNP ) (. ) (NNS=H )) (PRN (-LRB- ) (NP=H (JJ ) (NN=H )) (-RRB- ))) (VP=H (VBP=H ) (ADJP (JJ=H ))))))))) (. ))),6,81963,"0,076152772"
(ROOT (S=H (NP (NP=H (NNP=H )) (NP (CD ) (NN ) (NN ) (NNS=H ))) (VP=H (VBP=H ) (ADJP (JJ=H ))) (. ))),6,81969,"0,0761583466"
(ROOT (S=H (NP (NP=H (NNP=H )) (PP (IN=H ) (NP (DT ) (NNP ) (NNP ) (NNPS ) (NN ) (NNS=H )))) (VP=H (VBP=H ) (ADJP (JJ=H ))) (. ))),6,81975,"0,0761639213"
(ROOT (S=H (NP (NP=H (JJ ) (ADJP (JJ=H ) (PRT (RP=H ))) (NN=H )) (PRN (-LRB- ) (NP=H (NP=H (NNPS=H )) (PP (IN=H ) (NP (JJ ) (NNS=H )))) (-RRB- ))) (VP=H (VBP=H ) (SBAR (S=H (VP=H (VBP=H ) (ADJP (JJ=H )))))) (. ))),6,81981,"0,076169496"
(ROOT (S=H (NP (NP=H (NP (NNP ) (POS=H )) (NN=H )) (PP (IN=H ) (NP (DT ) (NNPS=H )))) (VP=H (VBP=H ) (ADJP (JJ=H ))) (. ))),6,81987,"0,0761750706"
(ROOT (S=H (NP (NP=H (NNP=H )) (PP (IN=H ) (NP (NP=H (DT ) (NNP ) (NNP=H )) (PP (IN=H ) (NP (DT ) (NNP ) (NNPS=H )))))) (VP=H (VBP=H ) (ADJP (JJ=H ))) (. ))),6,81993,"0,0761806453"
(ROOT (S=H (NP (NNP=H )) (VP=H (VBD=H ) (SBAR (S=H (NP (NNP ) (NNP ) (NNP ) (NN ) (NNS=H )) (VP=H (VBP=H ) (ADJP (JJ=H )))))) (. ))),6,81999,"0,07618622"
(ROOT (S=H (NP (NP (JJ ) (NNP ) (NNP ) (NNS ) (POS=H )) (NN ) (NNS=H )) (VP=H (VBP=H ) (ADJP (JJ=H ))) (. ))),6,82005,"0,0761917946"
(ROOT (S=H (NP (ADJP (JJ=H ) (NP (CD ) (NNS=H ))) (NNS=H )) (VP=H (VBP=H ) (ADJP (JJ=H ))) (. ))),6,82011,"0,0761973693"
"(ROOT (S=H (NP (NP=H (NNP=H )) (PRN (-LRB- ) (NN=H ) (-RRB- )) (NP (NNS=H )) (, )) (ADVP (RB=H )) (VP=H (VBP=H ) (ADJP (JJ=H ))) (. )))",6,82017,"0,076202944"
"(ROOT (S=H (S (NP=H (JJ ) (NN ) (NN=H )) (ADVP (RB=H ))) (, ) (NP (CD ) (NN ) (NNS=H )) (VP=H (VBP=H ) (ADJP (JJ=H ))) (. )))",6,82023,"0,0762085187"
(ROOT (S=H (NP (NP=H (JJ ) (NNS ) (NNS=H )) (PP (VBN=H ) (PP (IN=H ) (NP (NNP ) (NNP=H ))))) (VP=H (VBP=H ) (ADJP (JJ=H ))) (. ))),6,82029,"0,0762140933"
"(ROOT (S=H (PP (ADVP (RB=H )) (IN=H ) (NP (NNP ) (NNPS ) (NNP=H ))) (, ) (NP (NNP=H )) (VP=H (VBP=H ) (ADJP (JJ=H ))) (. )))",6,82035,"0,076219668"
"(ROOT (S=H (ADVP (NP (JJ ) (NN=H )) (RB=H )) (, ) (NP-TMP (CD ) (NNS=H )) (NP (NNS=H )) (VP=H (VBP=H ) (ADJP (JJ=H ))) (. )))",6,82041,"0,0762252427"
"(ROOT (S=H (S (VP=H (VBN=H ) (NP-TMP (NP=H (NNS=H )) (PP (IN=H ) (NP (NNP=H ))) (: ) (NP (NNP ) (NNP ) (NNP=H ))))) (, ) (NP (NNP=H )) (VP=H (VBP=H ) (ADJP (JJ=H ))) (. )))",6,82047,"0,0762308173"
(ROOT (S=H (NP (NP=H (JJ ) (NN=H )) (NP (JJ ) (NN ) (NN ) (NNS=H ))) (VP=H (VBP=H ) (ADJP (JJ=H ))) (. ))),6,82053,"0,076236392"
"(ROOT (S=H (NP (NP=H (NNP=H )) (PP (IN=H ) (NP (NP=H (NNP ) (NNP=H )) (, ) (NP (NNP ) (NNS=H ))))) (VP=H (VBP=H ) (ADJP (JJ=H ))) (. )))",6,82059,"0,0762419667"
(ROOT (S=H (NP (NNP ) (NNP ) (NNP ) (NNP ) (NNP ) (NNP ) (NNP=H )) (VP=H (VBZ=H ) (SBAR (S=H (NP (NNS=H )) (VP=H (VBP=H ) (ADJP (JJ=H )))))) (. ))),6,82065,"0,0762475413"
(ROOT (S=H (NP (NNP ) (NNP ) (NNPS ) (NN ) (NN ) (NNP ) (NNP=H )) (VP=H (VBP=H ) (ADJP (JJ=H ))) (. ))),6,82071,"0,076253116"
(ROOT (NP=H (NP=H (JJ ) (NNS=H )) (: ) (S (NP (NNP ) (NNP ) (NNS=H )) (VP=H (VBP=H ) (ADJP (JJ=H )))) (. ))),6,82077,"0,0762586907"
(ROOT (NP=H (NP=H (JJ ) (NNS=H )) (: ) (S (NP (NN ) (NN ) (NNS=H )) (VP=H (VBP=H ) (ADJP (JJ=H )))) (. ))),6,82083,"0,0762642653"
(ROOT (S=H (NP (NNP ) (NNP ) (CC ) (NNP ) (NNP ) (JJ ) (NNS=H )) (VP=H (VBP=H ) (ADJP (JJ=H ))) (. ))),6,82089,"0,07626984"
(ROOT (S=H (NP (NP=H (NNP ) (NNP=H )) (PP (TO=H ) (NP (DT ) (NNPS=H )))) (VP=H (VBP=H ) (ADJP (JJ=H ))) (. ))),6,82095,"0,0762754147"
(ROOT (S=H (NP (NP=H (NNP=H ) (CD )) (SBAR (S=H (NP (NP (NNP ) (NNS ) (POS=H )) (NN ) (NNS=H )) (VP=H (VBZ=H ))))) (VP=H (VBP=H ) (ADJP (JJ=H ))) (. ))),6,82101,"0,0762809894"
(ROOT (FRAG=H (NP (NNP=H )) (: ) (S=H (NP (DT ) (NNP ) (NN ) (NNS=H )) (VP=H (VBP=H ) (ADJP (JJ=H )))) (. ))),6,82107,"0,076286564"
(ROOT (NP=H (NP=H (NP=H (NNS=H )) (PP (IN=H ) (NP (DT ) (NNP=H )))) (: ) (NP (NP=H (NNP ) (NNP=H )) (SBAR (S=H (NP (JJ ) (NN=H )) (VP=H (VBP=H ) (ADJP (JJ=H )))))) (. ))),6,82113,"0,0762921387"
(ROOT (S=H (NP (NP=H (NN=H )) (PP (IN=H ) (NP (DT ) (NNPS ) (NNPS=H )))) (VP=H (VBP=H ) (ADJP (JJ=H ))) (. ))),6,82119,"0,0762977134"
(ROOT (S=H (NP (NP=H (JJ ) (NN=H )) (PP (IN=H ) (NP (DT ) (NNPS ) (NNPS=H )))) (VP=H (VBP=H ) (ADJP (JJ=H ))) (. ))),6,82125,"0,076303288"
(ROOT (S=H (S (VP=H (VBG=H ) (NP (JJ ) (NNS=H )))) (NP (JJ ) (NNS=H )) (VP=H (VBP=H ) (ADJP (JJ=H ))) (. ))),6,82131,"0,0763088627"
(ROOT (S=H (NP (NNP ) (NNP ) (NNPS ) (NNS=H )) (VP=H (VBP=H ) (SBAR (S=H (NP (NNS=H )) (VP=H (VBP=H ) (ADJP (JJ=H )))))) (. ))),6,82137,"0,0763144374"
(ROOT (S=H (NP (NP=H (NNP ) (NNP ) (NNP=H )) (PP (IN=H ) (NP (JJ ) (NNP ) (NNP ) (NNS=H )))) (VP=H (VBP=H ) (ADJP (JJ=H ))) (. ))),6,82143,"0,076320012"
(ROOT (NP=H (NP=H (NNP ) (NNPS ) (NNP=H )) (: ) (S (NP (CD ) (NN=H )) (VP=H (VBP=H ) (ADJP (JJ=H )))) (. ))),6,82149,"0,0763255867"
(ROOT (S=H (NP (NP=H (NN=H )) (PP (IN=H ) (NP (NP=H (NNP=H )) (PP (IN=H ) (NP (NNS=H )))))) (VP=H (VBP=H ) (ADJP (JJ=H ))) (. ))),6,82155,"0,0763311614"
(ROOT (S=H (NP (ADJP (ADJP=H (ADJP=H (JJ=H )) (PRN (-LRB- ) (NP=H (NN ) (NN=H )) (-RRB- ))) (PRN (-LRB- ) (NP=H (NN=H ) (CD )) (-RRB- ))) (NNS=H )) (VP=H (VBP=H ) (ADJP (JJ=H ))) (. ))),6,82161,"0,076336736"
(ROOT (S=H (NP (NP=H (NP=H (NNP=H )) (CC ) (NP (NN ) (NNS=H ))) (CC ) (NP (NP=H (NN=H )) (PP (IN=H ) (NP (NNP=H ))))) (VP=H (VBP=H ) (ADJP (JJ=H ))) (. ))),6,82167,"0,0763423107"
(ROOT (S=H (NP (CD ) (NNP ) (NNPS ) (JJ ) (NN=H )) (VP=H (VBP=H ) (SBAR (S=H (NP (NNS=H )) (VP=H (VBP=H ) (ADJP (JJ=H )))))) (. ))),6,82173,"0,0763478854"
(ROOT (S=H (NP (NP=H (CD ) (: ) (CD=H )) (PP (IN=H ) (NP (JJ ) (JJ ) (NN ) (NN ) (NNS=H )))) (VP=H (VBP=H ) (ADJP (JJ=H ))) (. ))),6,82179,"0,0763534601"
(ROOT (NP=H (NP=H (CD=H )) (: ) (S (NP (CD ) (JJ ) (JJ ) (NNS=H )) (VP=H (VBP=H ) (ADJP (JJ=H )))) (. ))),6,82185,"0,0763590347"
"(ROOT (S=H (NP-TMP (NP=H (NNP ) (NNP ) (NNPS ) (NNP=H )) (NP (NN ) (NNS=H ))) (, ) (NP (CD ) (NN=H )) (VP=H (VBP=H ) (ADJP (JJ=H ))) (. )))",6,82191,"0,0763646094"
(ROOT (S=H (NP (NNP ) (NNP ) (NNP ) (JJ ) (NNS ) (NN=H )) (ADVP (RB=H )) (VP=H (VBP=H ) (ADJP (JJ=H ))) (. ))),6,82197,"0,0763701841"
(ROOT (S=H (NP (NP=H (NNP=H )) (CC ) (NP (NP=H (NN ) (NNS=H )) (PP (IN=H ) (NP (NP=H (DT ) (NNP ) (NNP=H )) (PP (IN=H ) (NP (NP=H (NNP ) (NNPS=H )) (PP (IN=H ) (NP (NNP=H ))))))))) (VP=H (VBP=H ) (ADJP (JJ=H ))) (. ))),6,82203,"0,0763757587"
(ROOT (NP=H (NP=H (NP=H (NNS=H )) (PP (IN=H ) (NP (DT ) (NNP=H )))) (: ) (NP (NP=H (NNP ) (NNP=H )) (SBAR (S=H (NP (NN=H )) (VP=H (VBP=H ) (ADJP (JJ=H )))))) (. ))),6,82209,"0,0763813334"
(ROOT (S=H (NP (NP=H (NNP ) (NNP ) (NNP ) (NNP=H )) (PP (IN=H ) (NP (NNP ) (NN ) (NN ) (NNS=H )))) (VP=H (VBP=H ) (ADJP (JJ=H ))) (. ))),6,82215,"0,0763869081"
(ROOT (S=H (NP (NP=H (NNP=H )) (PP (IN=H ) (NP (NP=H (NNP ) (JJ ) (NNS=H )) (PP (IN=H ) (NP (NP=H (DT ) (NN=H )) (PP (IN=H ) (NP (NNP=H ) (CC ) (NNP )))))))) (VP=H (VBP=H ) (ADJP (JJ=H ))) (. ))),6,82221,"0,0763924827"
(ROOT (S=H (NP (NP=H (CD=H )) (PP (IN=H ) (NP (NP (JJ ) (NNS ) (POS=H )) (NN ) (NNS=H )))) (VP=H (VBP=H ) (ADJP (JJ=H ))) (. ))),6,82227,"0,0763980574"
(ROOT (S=H (NP (NP=H (JJ ) (QP=H (CD=H ) (CD ))) (PP (IN=H ) (NP (NP=H (NN ) (NNS=H )) (PP (IN=H ) (NP (NNP=H )))))) (VP=H (VBP=H ) (ADJP (JJ=H ))) (. ))),6,82233,"0,0764036321"
(ROOT (NP=H (NP=H (NP=H (CD ) (: ) (CD=H )) (NP (NNP ) (NNP ) (NNP ) (NNP ) (NNP=H ))) (: ) (NP (NP=H (NP (NNP ) (POS=H )) (CD ) (NNS=H )) (SBAR (S=H (VP=H (VBP=H ) (ADJP (JJ=H )))))) (. ))),6,82239,"0,0764092068"
(ROOT (S=H (NP (NP=H (NNP=H )) (PP (IN=H ) (NP (NNP ) (NNP ) (CC ) (NNP ) (NNS=H )))) (VP=H (VBP=H ) (ADJP (JJ=H ))) (. ))),5,82244,"0,0764138523"
(ROOT (S=H (NP (CD ) (JJ ) (NNS ) (NN=H )) (VP=H (VBP=H ) (ADJP (JJ=H ))) (. ))),5,82249,"0,0764184979"
(ROOT (S=H (NP (NNP=H )) (VP=H (VBD=H ) (SBAR (S=H (NP (NN ) (NN ) (NNS=H )) (VP=H (VBP=H ) (ADJP (JJ=H )))))) (. ))),5,82254,"0,0764231434"
(ROOT (S=H (NP (NP (CD=H )) (PRN (-LRB- ) (NP=H (NN ) (NN=H )) (-RRB- )) (NNS=H )) (VP=H (VBP=H ) (ADJP (JJ=H ))) (. ))),5,82259,"0,076427789"
(ROOT (S=H (NP (DT ) (NNP=H )) (VP=H (VBD=H ) (SBAR (S=H (NP (NNP ) (NNS=H )) (VP=H (VBP=H ) (ADJP (JJ=H )))))) (. ))),5,82264,"0,0764324345"
(ROOT (S=H (NP (NNP=H )) (VP=H (VBZ=H ) (SBAR (S=H (NP (NP=H (NN ) (NNS=H )) (PP (IN=H ) (NP (DT ) (NNP ) (NNPS=H )))) (VP=H (VBP=H ) (ADJP (JJ=H )))))) (. ))),5,82269,"0,0764370801"
(ROOT (S=H (NP (NP=H (NNP=H )) (NP (CD ) (NN ) (NNS=H ))) (VP=H (VBP=H ) (ADJP (JJ=H ))) (. ))),5,82274,"0,0764417257"
(ROOT (S=H (NP (NP=H (NNP=H )) (VP (VBG=H ) (NP (NP=H (NNS=H )) (PP (IN=H ) (NP (DT ) (NNP ) (NNPS ) (NNP ) (NNP=H )))))) (VP=H (VBP=H ) (ADJP (JJ=H ))) (. ))),5,82279,"0,0764463712"
(ROOT (S=H (NP (NNP=H )) (VP=H (VBZ=H ) (SBAR (S=H (NP (NN ) (NN ) (NNS=H )) (VP=H (VBP=H ) (ADJP (JJ=H )))))) (. ))),5,82284,"0,0764510168"
(ROOT (S=H (NP (NP=H (NNP=H )) (PP (IN=H ) (NP (NP=H (NN=H ) (CC ) (NN )) (PP (IN=H ) (NP (DT ) (NNPS=H )))))) (VP=H (VBP=H ) (ADJP (JJ=H ))) (. ))),5,82289,"0,0764556623"
(ROOT (S=H (NP (NP=H (NNP ) (NNP=H )) (PP (TO=H ) (NP (DT ) (NNP ) (NNPS=H )))) (VP=H (VBP=H ) (ADJP (JJ=H ))) (. ))),5,82294,"0,0764603079"
(ROOT (S=H (NP (NNP ) (NNP ) (NNP=H )) (VP=H (VBZ=H ) (SBAR (S=H (NP (JJ ) (NNS=H )) (VP=H (VBP=H ) (ADJP (JJ=H )))))) (. ))),5,82299,"0,0764649534"
(ROOT (S=H (ADVP (RB=H ) (PP (TO=H ) (NP (DT ) (NNP=H )))) (NP (NNS=H )) (VP=H (VBP=H ) (ADJP (JJ=H ))) (. ))),5,82304,"0,076469599"
(ROOT (S=H (NP (NNP ) (NNP ) (NNP ) (NNPS ) (JJ ) (NN=H )) (VP=H (VBP=H ) (ADJP (JJ=H ))) (. ))),5,82309,"0,0764742446"
(ROOT (S=H (NP (NP=H (NNP=H )) (CC ) (NP (NNP ) (NNP ) (NNPS=H ))) (VP=H (VBP=H ) (ADJP (JJ=H ))) (. ))),5,82314,"0,0764788901"
(ROOT (S=H (NP (NNP ) (NNP ) (NNP ) (NNP=H )) (VP=H (VBP=H ) (SBAR (S=H (NP (NN ) (NNS=H )) (VP=H (VBP=H ) (ADJP (JJ=H )))))) (. ))),5,82319,"0,0764835357"
(ROOT (S=H (NP (NP (JJ ) (NNS=H )) (PRN (-LRB- ) (NP=H (NN=H )) (-RRB- )) (NNS=H )) (VP=H (VBP=H ) (ADJP (JJ=H ))) (. ))),5,82324,"0,0764881812"
(ROOT (S=H (NP (NP=H (NNP ) (NNPS ) (NNP=H )) (PRN (-LRB- ) (NP=H (NNP=H )) (-RRB- ))) (VP=H (VBP=H ) (ADJP (JJ=H ))) (. ))),5,82329,"0,0764928268"
(ROOT (S=H (NP (NNP ) (NNP ) (NN=H )) (PRN (-LRB- ) (NP=H (NN=H )) (-RRB- )) (NP (NN ) (NNS=H )) (VP=H (VBP=H ) (ADJP (JJ=H ))) (. ))),5,82334,"0,0764974724"
(ROOT (S=H (NP (NP (NNP ) (NNPS=H )) (PRN (-LRB- ) (NP=H (JJ ) (NN=H )) (-RRB- )) (NNS=H )) (VP=H (VBP=H ) (ADJP (JJ=H ))) (. ))),5,82339,"0,0765021179"
(ROOT (S=H (NP (NP (NNP ) (NNP=H )) (PRN (-LRB- ) (NP=H (NP=H (NNP=H )) (PP (IN=H ) (NP (NNP=H )))) (-RRB- )) (NNS=H )) (VP=H (VBP=H ) (ADJP (JJ=H ))) (. ))),5,82344,"0,0765067635"
"(ROOT (S=H (NP (NP=H (NNS ) (CC ) (NN ) (NNS=H )) (PP (IN=H ) (NP (NNP ) (, ) (NNP=H )))) (VP=H (VBP=H ) (ADJP (JJ=H ))) (. )))",5,82349,"0,076511409"
(ROOT (S=H (NP (NNP=H )) (VP=H (VBZ=H ) (SBAR (S=H (NP (DT ) (NNP ) (NNS=H )) (VP=H (VBP=H ) (ADJP (JJ=H )))))) (. ))),5,82354,"0,0765160546"
(ROOT (S=H (NP (NP=H (NNPS ) (NNS=H )) (VP (VBG=H ) (NP (NN ) (NN=H )))) (VP=H (VBP=H ) (ADJP (JJ=H ))) (. ))),5,82359,"0,0765207001"
(ROOT (S=H (NP (NP=H (NNP=H )) (PP (IN=H ) (NP (NP=H (NNS=H )) (PP (IN=H ) (NP (DT ) (JJ ) (NN=H )))))) (VP=H (VBP=H ) (ADJP (JJ=H ))) (. ))),5,82364,"0,0765253457"
(ROOT (S=H (NP (NNP=H )) (VP=H (VBD=H ) (SBAR (S=H (NP (NP=H (NN ) (NNS=H )) (PP (IN=H ) (NP (NNP=H )))) (VP=H (VBP=H ) (ADJP (JJ=H )))))) (. ))),5,82369,"0,0765299913"
(ROOT (S=H (NP (NP=H (NNP=H )) (PP (IN=H ) (NP (DT ) (JJ ) (NNP ) (NNPS=H )))) (VP=H (VBP=H ) (ADJP (JJ=H ))) (. ))),5,82374,"0,0765346368"
(ROOT (S=H (NP (NNP=H )) (VP=H (VBZ=H ) (SBAR (S=H (NP (NNP ) (NNS=H )) (VP=H (VBP=H ) (ADJP (JJ=H )))))) (. ))),5,82379,"0,0765392824"
(ROOT (FRAG=H (NP (NNP=H )) (: ) (S=H (NP (DT ) (NNP ) (NNP=H )) (VP=H (VBP=H ) (ADJP (JJ=H )))) (. ))),5,82384,"0,0765439279"
(ROOT (S=H (NP (NP=H (NNP=H ) (. )) (NP (NNS=H ))) (VP=H (VBP=H ) (ADJP (JJ=H ))) (. ))),5,82389,"0,0765485735"
(ROOT (S=H (NP (NP=H (NNP ) (NNP=H )) (PP (IN=H ) (NP (NP=H (DT ) (NNP ) (NNP=H )) (PP (IN=H ) (NP (NNPS=H )))))) (VP=H (VBP=H ) (ADJP (JJ=H ))) (. ))),5,82394,"0,076553219"
(ROOT (S=H (NP (NP=H (NNS ) (NNS=H )) (VP (VBG=H ) (NP (NN=H )))) (VP=H (VBP=H ) (ADJP (JJ=H ))) (. ))),5,82399,"0,0765578646"
(ROOT (S=H (NP (NP=H (NNP ) (NN=H )) (CC ) (NP (NNS=H ))) (VP=H (VBP=H ) (ADJP (JJ=H ))) (. ))),5,82404,"0,0765625102"
(ROOT (S=H (NP (NP (JJ ) (NN ) (NNS ) (POS=H )) (NNS=H )) (VP=H (VBP=H ) (ADJP (JJ=H ))) (. ))),5,82409,"0,0765671557"
(ROOT (S=H (NP (NP=H (NN=H )) (VP (VBG=H ) (NP (JJ ) (NNS=H )))) (VP=H (VBP=H ) (ADJP (JJ=H ))) (. ))),5,82414,"0,0765718013"
(ROOT (S=H (NP (NP=H (NNP ) (NNP ) (NNP ) (NNPS ) (NN=H )) (CC ) (NP (NN ) (NNS=H ))) (VP=H (VBP=H ) (ADJP (JJ=H ))) (. ))),5,82419,"0,0765764468"
(ROOT (S=H (NP (JJ ) (PRN (-LRB- ) (NNP ) (NN=H ) (-RRB- )) (JJ ) (NNS=H )) (VP=H (VBP=H ) (ADJP (JJ=H ))) (. ))),5,82424,"0,0765810924"
(ROOT (S=H (NP (NP=H (NNP=H )) (PP (IN=H ) (NP (NP=H (DT ) (NNP=H )) (PP (IN=H ) (NP (DT ) (NNPS=H )))))) (VP=H (VBP=H ) (ADJP (JJ=H ))) (. ))),5,82429,"0,076585738"
(ROOT (S=H (NP (NP=H (NNP ) (NNP=H )) (PP (IN=H ) (NP (NNP ) (NNP ) (JJ ) (NNS=H )))) (VP=H (VBP=H ) (ADJP (JJ=H ))) (. ))),5,82434,"0,0765903835"
(ROOT (NP=H (NP=H (NNP ) (NNP ) (NNP=H )) (: ) (S (NP (NNP ) (NNP=H )) (VP=H (VBP=H ) (ADJP (JJ=H )))) (. ))),5,82439,"0,0765950291"
(ROOT (S=H (S (VP=H (VBG=H ) (CC ) (VBG ))) (VP=H (VBP=H ) (ADJP (JJ=H ))) (. ))),5,82444,"0,0765996746"
(ROOT (S=H (NP (NP=H (NN=H )) (PP (IN=H ) (NP (NNP ) (NNPS ) (NNP=H )))) (VP=H (VBP=H ) (ADJP (JJ=H ))) (. ))),5,82449,"0,0766043202"
(ROOT (FRAG=H (NP (NNP=H )) (: ) (S=H (NP (DT ) (NNP=H )) (VP=H (VBP=H ) (ADJP (JJ=H )))) (. ))),5,82454,"0,0766089657"
(ROOT (S=H (NP (PRP=H )) (VP=H (VBD=H ) (SBAR (S=H (NP (NNP ) (NNS=H )) (VP=H (VBP=H ) (ADJP (JJ=H )))))) (. ))),5,82459,"0,0766136113"
(ROOT (S=H (NP (NP=H (NNP=H )) (CC ) (NP (NNP ) (NNPS ) (NNP=H ))) (VP=H (VBP=H ) (ADJP (JJ=H ))) (. ))),5,82464,"0,0766182569"
(ROOT (S=H (NP (NP=H (NNP ) (NNP=H )) (PP (IN=H ) (NP (NN ) (NN ) (NNS=H )))) (VP=H (VBP=H ) (ADJP (JJ=H ))) (. ))),5,82469,"0,0766229024"
(ROOT (S=H (NP (NNP=H )) (`` ) (VP=H (VBD=H ) (SBAR (S=H (NP (NNS=H )) (VP=H (VBP=H ) (ADJP (JJ=H )))))) (. ))),5,82474,"0,076627548"
(ROOT (S=H (NP (NP=H (NNP ) (NNP ) (NNP=H )) (PP (IN=H ) (NP (NN ) (NN ) (NNS=H )))) (VP=H (VBP=H ) (ADJP (JJ=H ))) (. ))),5,82479,"0,0766321935"
(ROOT (S=H (NP (NP=H (JJ ) (NN=H )) (PP (IN=H ) (NP (NNP ) (NNP ) (CC ) (DT ) (NNPS=H )))) (VP=H (VBP=H ) (ADJP (JJ=H ))) (. ))),5,82484,"0,0766368391"
(ROOT (S=H (NP (NP=H (NNP ) (NNP ) (NNP=H )) (PP (IN=H ) (NP (NNP ) (NNP ) (NNP ) (NNS=H )))) (VP=H (VBP=H ) (ADJP (JJ=H ))) (. ))),5,82489,"0,0766414846"
(ROOT (S=H (NP (NP (NNP ) (POS=H )) (JJ ) (NNS ) (NNS=H )) (VP=H (VBP=H ) (ADJP (JJ=H ))) (. ))),5,82494,"0,0766461302"
(ROOT (FRAG=H (NP (NNP=H )) (: ) (S=H (NP (NN ) (NNS=H )) (VP=H (VBP=H ) (ADJP (JJ=H )))) (. ))),5,82499,"0,0766507758"
(ROOT (S=H (NP (NP=H (NNP ) (NNP ) (NNP=H )) (PP (IN=H ) (NP (NNS=H )))) (VP=H (VBP=H ) (ADJP (JJ=H ))) (. ))),5,82504,"0,0766554213"
(ROOT (S=H (NP (NNP=H )) (VP=H (VBZ=H ) (SBAR (IN=H ) (S (NP (NNP ) (NNP ) (NNS=H )) (VP=H (VBP=H ) (ADJP (JJ=H )))))) (. ))),5,82509,"0,0766600669"
(ROOT (S=H (NP (NP=H (NNP=H )) (PP (VBN=H ) (PP (IN=H ) (NP (DT ) (NNP ) (NNPS=H ))))) (VP=H (VBP=H ) (ADJP (JJ=H ))) (. ))),5,82514,"0,0766647124"
(ROOT (S=H (NP (NP=H (NNP ) (NNP ) (FW ) (FW ) (NNP=H )) (NP (NNS=H ))) (VP=H (VBP=H ) (ADJP (JJ=H ))) (. ))),5,82519,"0,076669358"
(ROOT (S=H (NP (NP=H (NNP ) (NNP ) (NNP ) (NNP=H )) (PP (IN=H ) (NP (JJ ) (NNS=H )))) (VP=H (VBP=H ) (ADJP (JJ=H ))) (. ))),5,82524,"0,0766740036"
(ROOT (S=H (NP (NP=H (NNP=H )) (CC ) (NP (NP=H (JJ ) (NN ) (NNS=H )) (PP (IN=H ) (NP (NN=H ))))) (VP=H (VBP=H ) (ADJP (JJ=H ))) (. ))),5,82529,"0,0766786491"
"(ROOT (S=H (S (ADJP=H (NNP=H ) (NNP ) (NNP ))) (, ) (NP (NNP=H )) (VP=H (VBP=H ) (ADJP (JJ=H ))) (. )))",5,82534,"0,0766832947"
(ROOT (S=H (NP (NNP ) (NNS ) (NX=H (NX=H (JJ ) (NN ) (NNS=H )) (PP (IN=H ) (NP (NNP ) (NNP=H ))))) (VP=H (VBP=H ) (ADJP (JJ=H ))) (. ))),5,82539,"0,0766879402"
(ROOT (S=H (NP (ADJP (NNP ) (JJ=H )) (JJ ) (NNS ) (NNS=H )) (VP=H (VBP=H ) (ADJP (JJ=H ))) (. ))),5,82544,"0,0766925858"
"(ROOT (S=H (S (VP=H (VBG=H ) (NP (NNS=H )) (PP (IN=H ) (NP (NNP=H ))))) (, ) (NP (NNP ) (NNP=H )) (VP=H (VBP=H ) (ADJP (JJ=H ))) (. )))",5,82549,"0,0766972313"
(ROOT (S=H (NP (NP=H (NNP ) (NNP=H )) (PP (IN=H ) (NP (NP=H (NP (DT ) (NNS ) (POS=H )) (NNP=H )) (PP (IN=H ) (NP (NNP=H )))))) (VP=H (VBP=H ) (ADJP (JJ=H ))) (. ))),5,82554,"0,0767018769"
(ROOT (S=H (NP (NP=H (NNP ) (NNP=H )) (CC ) (NP (NNP ) (NNP ) (NNPS=H ))) (VP=H (VBP=H ) (ADJP (JJ=H ))) (. ))),5,82559,"0,0767065225"
(ROOT (S=H (NP (NP=H (NNP ) (NNPS ) (JJ ) (NNS=H )) (NP (NNS=H ))) (VP=H (VBP=H ) (ADJP (JJ=H ))) (. ))),5,82564,"0,076711168"
(ROOT (S=H (NP (NP=H (NNP ) (NNPS ) (NNP=H )) (PP (IN=H ) (NP (NNP ) (NNPS=H )))) (VP=H (VBP=H ) (ADJP (JJ=H ))) (. ))),5,82569,"0,0767158136"
(ROOT (S=H (NP (NNP ) (NNP=H )) (PP (IN=H ) (NP (JJ ) (NNS=H ))) (VP=H (VBP=H ) (ADJP (JJ=H ))) (. ))),5,82574,"0,0767204591"
(ROOT (S=H (NP (NNP=H )) (VP=H (VBD=H ) (SBAR (S=H (NP (NP=H (NNS=H )) (PP (IN=H ) (NP (NN=H ) (CC ) (NN )))) (VP=H (VBP=H ) (ADJP (JJ=H )))))) (. ))),5,82579,"0,0767251047"
(ROOT (S=H (NP (NP=H (NNP ) (NNP=H )) (PP (IN=H ) (NP (NP=H (NNP=H )) (PP (IN=H ) (NP (NNP ) (NNP ) (NNS=H )))))) (VP=H (VBP=H ) (ADJP (JJ=H ))) (. ))),5,82584,"0,0767297502"
(ROOT (S=H (NP (NP (DT ) (NNPS=H )) (PRN (-LRB- ) (NP=H (NN ) (NN=H )) (-RRB- )) (NNS=H )) (VP=H (VBP=H ) (ADJP (JJ=H ))) (. ))),5,82589,"0,0767343958"
(ROOT (S=H (NP (NP=H (NNP=H )) (PP (IN=H ) (NP (NP=H (NN ) (NNS=H )) (PP (IN=H ) (NP (DT ) (CD ) (NNPS ) (NNPS=H )))))) (VP=H (VBP=H ) (ADJP (JJ=H ))) (. ))),5,82594,"0,0767390414"
(ROOT (S=H (NP (NP (NNP ) (NNP ) (NN=H )) (PRN (-LRB- ) (NP=H (NN=H )) (-RRB- )) (NNS=H )) (VP=H (VBP=H ) (ADJP (JJ=H ))) (. ))),5,82599,"0,0767436869"
(ROOT (S=H (NP (NP=H (NNP=H )) (PP (IN=H ) (NP (NP=H (NNP ) (NNS=H )) (VP (VBG=H ) (NP (NNS=H )))))) (VP=H (VBP=H ) (ADJP (JJ=H ))) (. ))),5,82604,"0,0767483325"
(ROOT (S=H (NP (NP=H (NN ) (NNS ) (NNS=H )) (VP (VBG=H ) (NP (NN=H )))) (VP=H (VBP=H ) (ADJP (JJ=H ))) (. ))),5,82609,"0,076752978"
(ROOT (S=H (NP (NP=H (NNP ) (NNP ) (NNP ) (NNP ) (NNP=H )) (PP (IN=H ) (NP (NN ) (NNS=H )))) (VP=H (VBP=H ) (ADJP (JJ=H ))) (. ))),5,82614,"0,0767576236"
(ROOT (S=H (NP (NNP=H )) (VP=H (VBD=H ) (SBAR (S=H (NP (NP=H (NP=H (NNS=H )) (PP (IN=H ) (NP (NNP=H )))) (PRN (-LRB- ) (NP=H (NN=H )) (-RRB- ))) (VP=H (VBP=H ) (ADJP (JJ=H )))))) (. ))),5,82619,"0,0767622692"
(ROOT (S=H (NP (NP=H (NNP=H )) (SBAR (WHNP=H (WP=H )) (S (VP=H (VBD=H ) (PP (IN=H ) (NP (JJ ) (NN ) (NNS=H ))))))) (VP=H (VBP=H ) (ADJP (JJ=H ))) (. ))),5,82624,"0,0767669147"
(ROOT (S=H (NP (NP=H (NNP ) (NNPS ) (NNP=H )) (VP (VBG=H ) (NP (NNS=H )))) (VP=H (VBP=H ) (ADJP (JJ=H ))) (. ))),5,82629,"0,0767715603"
"(ROOT (S=H (NP (NAC (NNP=H ) (, ) (NNP )) (VBD ) (NNS=H )) (VP=H (VBP=H ) (ADJP (JJ=H ))) (. )))",5,82634,"0,0767762058"
(ROOT (S=H (NP (NP=H (NNS ) (CC ) (NNS ) (NNS=H )) (PP (IN=H ) (NP (NN=H )))) (VP=H (VBP=H ) (ADJP (JJ=H ))) (. ))),5,82639,"0,0767808514"
(ROOT (S=H (NP (NP=H (NNP=H )) (CC ) (NP (DT ) (NNS=H ))) (VP=H (VBP=H ) (ADJP (JJ=H ))) (. ))),5,82644,"0,0767854969"
(ROOT (S=H (NP (NP (NNP=H )) (PRN (-LRB- ) (NP=H (NNP ) (NNP=H )) (-RRB- )) (NNS=H )) (VP=H (VBP=H ) (ADJP (JJ=H ))) (. ))),5,82649,"0,0767901425"
(ROOT (S=H (NP (NP=H (NP (NNP ) (POS=H )) (NNS ) (NNS=H )) (PP (IN=H ) (NP (DT ) (NNP ) (NNPS=H )))) (VP=H (VBP=H ) (ADJP (JJ=H ))) (. ))),5,82654,"0,0767947881"
(ROOT (S=H (PP (IN=H ) (NP (NNP=H ))) (NP (NNP=H )) (VP=H (VBP=H ) (ADJP (JJ=H ))) (. ))),5,82659,"0,0767994336"
(ROOT (S=H (NP (NP=H (JJ ) (NN=H )) (PP (IN=H ) (NP (DT ) (NNP ) (NNPS=H )))) (VP=H (VBP=H ) (SBAR (S=H (NP (NNS=H )) (VP=H (VBP=H ) (ADJP (JJ=H )))))) (. ))),5,82664,"0,0768040792"
"(ROOT (S=H (S (VP=H (VB=H ) (NP (NNS=H )) (PP (IN=H ) (NP (NNP ) (NNP ) (NNP=H ))))) (, ) (NP (NNP=H )) (VP=H (VBP=H ) (ADJP (JJ=H ))) (. )))",5,82669,"0,0768087247"
(ROOT (S=H (NP (NNP=H )) (ADVP (RB=H )) (VP=H (VBD=H ) (SBAR (S=H (NP (NNS=H )) (VP=H (VBP=H ) (ADJP (JJ=H )))))) (. ))),5,82674,"0,0768133703"
(ROOT (S=H (NP (NP=H (NP (NNP ) (POS=H )) (NNP ) (NNP=H )) (PP (IN=H ) (NP (NNP ) (NNS=H )))) (VP=H (VBP=H ) (ADJP (JJ=H ))) (. ))),5,82679,"0,0768180158"
(ROOT (S=H (NP (NP=H (NNP ) (NNP ) (NNP ) (NNP=H )) (PP (IN=H ) (NP (DT ) (NNPS=H )))) (VP=H (VBP=H ) (ADJP (JJ=H ))) (. ))),5,82684,"0,0768226614"
(ROOT (S=H (NP (NP=H (NNP ) (JJ ) (NN=H )) (CC ) (NP (NN ) (NNS=H ))) (VP=H (VBP=H ) (ADJP (JJ=H ))) (. ))),5,82689,"0,076827307"
(ROOT (NP=H (NP=H (NP=H (NNP=H )) (PP (IN=H ) (NP (DT ) (NNP=H )))) (: ) (S (NP (NNP ) (NNS=H )) (VP=H (VBP=H ) (ADJP (JJ=H )))) (. ))),5,82694,"0,0768319525"
(ROOT (S=H (NP (NP=H (NNP=H )) (PP (IN=H ) (NP (NNP ) (NNP ) (NN ) (NN ) (NNS=H )))) (VP=H (VBP=H ) (ADJP (JJ=H ))) (. ))),5,82699,"0,0768365981"
(ROOT (S=H (NP (NNP ) (NNP ) (NNP ) (NNP=H )) (VP=H (VBD=H ) (SBAR (S=H (NP (JJ ) (NNS=H )) (VP=H (VBP=H ) (ADJP (JJ=H )))))) (. ))),5,82704,"0,0768412436"
"(ROOT (S=H (NP (NAC (NNP=H ) (, ) (NNP )) (NNP ) (NNP ) (NNP=H )) (ADVP (RB=H )) (VP=H (VBP=H ) (ADJP (JJ=H ))) (. )))",5,82709,"0,0768458892"
(ROOT (S=H (NP (NNP=H )) (VP=H (VBD=H ) (SBAR (S=H (NP (NNS ) (NNP ) (NNP ) (NNP ) (NNP=H )) (VP=H (VBP=H ) (ADJP (JJ=H )))))) (. ))),5,82714,"0,0768505348"
(ROOT (S=H (NP (NNP=H )) (VP=H (VBD=H ) (NP (NP=H (NNS=H )) (SBAR (S=H (NP (NNP ) (NNP ) (NNS=H )) (VP=H (VBD=H ) (SBAR (S=H (NP (NN=H )) (VP=H (VBP=H ) (ADJP (JJ=H )))))))))) (. ))),5,82719,"0,0768551803"
(ROOT (FRAG=H (NP (NNP ) (NNP=H )) (: ) (S=H (NP (NNP=H )) (VP=H (VBP=H ) (ADJP (JJ=H )))) (. ))),5,82724,"0,0768598259"
(ROOT (S=H (NP (NNP=H )) (PRN (-LRB- ) (NP=H (NN ) (NN=H )) (-RRB- )) (NP (NN ) (NNS=H )) (VP=H (VBP=H ) (ADJP (JJ=H ))) (. ))),5,82729,"0,0768644714"
(ROOT (S=H (NP (NP=H (NNP=H )) (PP (IN=H ) (NP (NNP ) (JJ ) (NN ) (NNS=H )))) (VP=H (VBP=H ) (ADJP (JJ=H ))) (. ))),5,82734,"0,076869117"
(ROOT (S=H (NP (NNP=H )) (VP=H (VBD=H ) (SBAR (S=H (NP (NNS ) (NNS=H )) (VP=H (VBD=H ) (SBAR (S=H (NP (NN=H )) (VP=H (VBP=H ) (ADJP (JJ=H ))))))))) (. ))),5,82739,"0,0768737625"
(ROOT (S=H (NP (NNP=H )) (VP=H (VBD=H ) (SBAR (S=H (NP (NNP ) (NN ) (NNS=H )) (VP=H (VBP=H ) (ADJP (JJ=H )))))) (. ))),5,82744,"0,0768784081"
(ROOT (S=H (ADVP (RB=H )) (NP (NNP ) (NNPS ) (NNS=H )) (VP=H (VBP=H ) (ADJP (JJ=H ))) (. ))),5,82749,"0,0768830537"
"(ROOT (S=H (NP (NNP ) (NNPS ) (NNP ) (NNP ) (NNS=H )) (, ) (NP (CD=H )) (VP=H (VBP=H ) (ADJP (JJ=H ))) (. )))",5,82754,"0,0768876992"
(ROOT (S=H (NP (NP=H (NNP=H )) (PRN (-LRB- ) (NP=H (JJ ) (NNS=H )) (-RRB- ))) (VP=H (VBP=H ) (ADJP (JJ=H ))) (. ))),5,82759,"0,0768923448"
(ROOT (S=H (NP (NNP=H )) (VP=H (VBD=H ) (NP (NP=H (NNS=H )) (SBAR (S=H (NP (NNP ) (NN=H )) (VP=H (VBP=H ) (ADJP (JJ=H ))))))) (. ))),5,82764,"0,0768969903"
(ROOT (S=H (NP (NP=H (JJ ) (NNS ) (NNS=H )) (PP (IN=H ) (NP (DT ) (NNP ) (NNP ) (NNP=H )))) (VP=H (VBP=H ) (ADJP (JJ=H ))) (. ))),5,82769,"0,0769016359"
(ROOT (S=H (NP (NP=H (JJ ) (NNP ) (NNP=H )) (PP (IN=H ) (NP (NNP ) (NN ) (NNS=H )))) (VP=H (VBP=H ) (ADJP (JJ=H ))) (. ))),5,82774,"0,0769062814"
"(ROOT (S=H (NP-TMP (NP=H (NNP ) (NNP=H )) (NP (NN=H ) (CD ))) (, ) (NP (NNP=H )) (VP=H (VBP=H ) (ADJP (JJ=H ))) (. )))",5,82779,"0,076910927"
(ROOT (S=H (NP (NP=H (NNP ) (NNPS ) (NNP=H )) (PP (IN=H ) (NP (DT ) (NNP ) (NNPS=H )))) (VP=H (VBP=H ) (ADJP (JJ=H ))) (. ))),5,82784,"0,0769155726"
(ROOT (S=H (NP (NP (JJ ) (JJ ) (NNS ) (POS=H )) (NN=H )) (VP=H (VBP=H ) (ADJP (JJ=H ))) (. ))),5,82789,"0,0769202181"
"(ROOT (S=H (NP (NP=H (NNP ) (NNP=H )) (PP (IN=H ) (NP (NP=H (NNP ) (NNPS=H )) (PP (IN=H ) (NP (NNP ) (, ) (NNP ) (NNP=H )))))) (VP=H (VBP=H ) (ADJP (JJ=H ))) (. )))",5,82794,"0,0769248637"
(ROOT (S=H (NP (NP=H (NNP ) (NNP ) (NNPS ) (NNP=H )) (PP (IN=H ) (NP (DT ) (NNP ) (NNPS=H )))) (VP=H (VBP=H ) (ADJP (JJ=H ))) (. ))),5,82799,"0,0769295092"
(ROOT (S=H (NP (NNP=H )) (VP=H (VBD=H ) (SBAR (S=H (NP (NNP ) (NNP ) (NNP ) (NNS=H )) (VP=H (VBP=H ) (ADJP (JJ=H )))))) (. ))),5,82804,"0,0769341548"
(ROOT (S=H (NP (NP=H (NNP=H )) (PP (IN=H ) (NP (NNP ) (CC ) (NNP ) (NNP ) (NNS=H )))) (VP=H (VBP=H ) (ADJP (JJ=H ))) (. ))),5,82809,"0,0769388003"
(ROOT (S=H (NP (NP (NNP=H )) (PRN (-LRB- ) (NP=H (NNP ) (NN=H )) (-RRB- )) (NNS=H )) (VP=H (VBP=H ) (ADJP (JJ=H ))) (. ))),5,82814,"0,0769434459"
(ROOT (S=H (NP (NP=H (NNP ) (NNPS ) (NNP=H )) (PP (IN=H ) (NP (NP=H (DT ) (NN=H )) (PP (IN=H ) (NP (DT ) (JJ ) (NN=H )))))) (VP=H (VBP=H ) (ADJP (JJ=H ))) (. ))),5,82819,"0,0769480915"
(ROOT (S=H (NP (NNP=H )) (VP=H (VBD=H ) (SBAR (S=H (NP (NP=H (NNS=H )) (PP (IN=H ) (NP (NP=H (NNS=H )) (PP (IN=H ) (NP (DT ) (NNP ) (NNPS=H )))))) (VP=H (VBP=H ) (ADJP (JJ=H )))))) (. ))),5,82824,"0,076952737"
(ROOT (S=H (S (VP=H (VBG=H ) (PP (IN=H ) (NP (DT ) (NNP ) (NNP ) (NNPS=H ))))) (NP (JJ ) (NNS=H )) (VP=H (VBP=H ) (ADJP (JJ=H ))) (. ))),5,82829,"0,0769573826"
(ROOT (S=H (NP (NP (NNP ) (NNP ) (POS=H )) (NNPS ) (NNP=H )) (VP=H (VBP=H ) (ADJP (JJ=H ))) (. ))),5,82834,"0,0769620281"
(ROOT (S=H (NP (JJ ) (PRN (-LRB- ) (NP=H (NNP ) (NNPS=H )) (-RRB- )) (NNS=H )) (VP=H (VBP=H ) (ADJP (JJ=H ))) (. ))),5,82839,"0,0769666737"
(ROOT (S=H (NP (ADJP (NNP ) (CD ) (NN=H )) (JJ ) (NNS=H )) (VP=H (VBP=H ) (ADJP (JJ=H ))) (. ))),5,82844,"0,0769713193"
(ROOT (S=H (NP (NP=H (NNP ) (NNP ) (FW ) (NNP ) (FW ) (NNP=H )) (NP (NNS=H ))) (VP=H (VBP=H ) (ADJP (JJ=H ))) (. ))),5,82849,"0,0769759648"
(ROOT (NP=H (NP=H (NNP ) (NNP ) (NNP=H )) (: ) (S (NP (NNP ) (NNP ) (NN=H )) (VP=H (VBP=H ) (ADJP (JJ=H )))) (. ))),5,82854,"0,0769806104"
(ROOT (S=H (NP (NP=H (NNP=H )) (PP (IN=H ) (NP (NP=H (NNP=H )) (PP (IN=H ) (NP (NP=H (NP (DT ) (NNS ) (POS=H )) (NNP=H )) (PP (IN=H ) (NP (NNP=H )))))))) (VP=H (VBP=H ) (ADJP (JJ=H ))) (. ))),5,82859,"0,0769852559"
(ROOT (NP=H (NP=H (JJ ) (NN ) (NNS=H )) (: ) (S (NP (NNP=H )) (VP=H (VBP=H ) (ADJP (JJ=H )))) (. ))),5,82864,"0,0769899015"
(ROOT (S=H (NP (NP=H (NNP ) (NNP=H )) (PP (IN=H ) (NP (NN ) (NNS ) (NNS=H ))) (SBAR (WHNP=H (WP=H )) (S (VP=H (VBD=H ) (ADJP (JJ=H )))))) (VP=H (VBP=H ) (ADJP (JJ=H ))) (. ))),5,82869,"0,076994547"
(ROOT (S=H (NP (NP=H (NNP=H )) (CC ) (NP (DT ) (NNP ) (NNPS=H ))) (VP=H (VBP=H ) (ADJP (JJ=H ))) (. ))),5,82874,"0,0769991926"
(ROOT (S=H (NP (NP (NNP ) (NNS ) (POS=H )) (NN ) (NN=H )) (VP=H (VBP=H ) (ADJP (JJ=H ))) (. ))),5,82879,"0,0770038382"
(ROOT (FRAG=H (NP (NN ) (NN=H )) (: ) (S=H (NP (NNP=H )) (VP=H (VBP=H ) (ADJP (JJ=H )))) (. ))),5,82884,"0,0770084837"
(ROOT (S=H (NP (NP (DT ) (NNP ) (NNP=H )) (PRN (-LRB- ) (NP=H (NNP=H )) (-RRB- )) (NNS=H )) (VP=H (VBP=H ) (ADJP (JJ=H ))) (. ))),5,82889,"0,0770131293"
(ROOT (S=H (NP (NN ) (NN=H )) (VP=H (VBD=H ) (SBAR (S=H (NP (NNS=H )) (VP=H (VBP=H ) (ADJP (JJ=H )))))) (. ))),5,82894,"0,0770177748"
(ROOT (NP=H (NP=H (NNP=H )) (: ) (NP (NP=H (NNP ) (NNP=H )) (SBAR (S=H (NP (NP=H (JJ ) (NNS=H )) (PP (IN=H ) (NP (NNP=H )))) (VP=H (VBP=H ) (ADJP (JJ=H )))))) (. ))),5,82899,"0,0770224204"
(ROOT (S=H (NP (ADJP (NP (CD ) (NNS=H )) (JJ=H )) (NNPS=H )) (VP=H (VBP=H ) (ADJP (JJ=H ))) (. ))),5,82904,"0,0770270659"
(ROOT (S=H (NP (NP=H (NP (NNP ) (NNS ) (POS=H )) (NN=H )) (PP (IN=H ) (NP (DT ) (NNP ) (NNPS=H )))) (VP=H (VBP=H ) (ADJP (JJ=H ))) (. ))),5,82909,"0,0770317115"
(ROOT (S=H (NP (NP=H (NNP ) (NNP=H )) (PP (IN=H ) (NP (NP=H (NNP ) (NNS=H )) (PP (IN=H ) (NP (NNP ) (NNP=H )))))) (VP=H (VBP=H ) (ADJP (JJ=H ))) (. ))),5,82914,"0,0770363571"
(ROOT (NP=H (NP=H (NNP=H )) (: ) (S (NP (NNP ) (NNP ) (NNP ) (NNP=H )) (VP=H (VBP=H ) (ADJP (JJ=H )))) (. ))),5,82919,"0,0770410026"
(ROOT (S=H (NP (NP=H (NNP=H ) (CD )) (SBAR (S=H (NP (NN ) (NNS=H )) (VP=H (VBZ=H ) (NP (NN ) (NNS=H )))))) (VP=H (VBP=H ) (ADJP (JJ=H ))) (. ))),5,82924,"0,0770456482"
(ROOT (S=H (NP (NP=H (NNP ) (NN ) (NN=H )) (PP (IN=H ) (NP (NP=H (DT ) (NN ) (NNS=H )) (PP (IN=H ) (NP (DT ) (NNP ) (NNPS=H )))))) (VP=H (VBP=H ) (ADJP (JJ=H ))) (. ))),5,82929,"0,0770502937"
(ROOT (S=H (NP (NNP=H ) (CD )) (VP=H (VBD=H ) (SBAR (S=H (NP (NP (NNS ) (POS=H )) (NN=H )) (VP=H (VBP=H ) (ADJP (JJ=H )))))) (. ))),5,82934,"0,0770549393"
"(ROOT (S=H (FRAG (ADJP=H (NNP=H ) (NNP ))) (, ) (NP (NNP ) (NNP=H )) (VP=H (VBP=H ) (ADJP (JJ=H ))) (. )))",5,82939,"0,0770595849"
(ROOT (S=H (NP (NP (DT ) (NNS=H )) (PRN (-LRB- ) (NP=H (NNP=H )) (-RRB- )) (NNS=H )) (VP=H (VBP=H ) (ADJP (JJ=H ))) (. ))),5,82944,"0,0770642304"
(ROOT (NP=H (NP=H (CD=H )) (: ) (NP (NP=H (CD ) (NN=H )) (SBAR (S=H (NP (NP (NNP ) (NNS ) (POS=H )) (NN ) (NN=H )) (VP=H (VBP=H ) (ADJP (JJ=H )))))) (. ))),5,82949,"0,077068876"
(ROOT (NP=H (NP=H (NNP=H )) (: ) (S (NP (NN ) (NNS=H )) (VP=H (VBP=H ) (ADJP (JJ=H )))) (. ))),5,82954,"0,0770735215"
(ROOT (S=H (NP (NP (NNP ) (NNS ) (POS=H )) (JJ ) (NN ) (NN ) (NN ) (NNS=H )) (VP=H (VBP=H ) (ADJP (JJ=H ))) (. ))),5,82959,"0,0770781671"
(ROOT (S=H (NP (NNP ) (NNP ) (NNP=H )) (PRN (-LRB- ) (NP=H (NNP=H )) (-RRB- )) (NP (NN ) (NNS=H )) (VP=H (VBP=H ) (ADJP (JJ=H ))) (. ))),5,82964,"0,0770828126"
"(ROOT (S=H (NP (NP=H (NNP=H )) (, ) (NP (NP=H (NNP ) (NNP=H )) (NP (JJ ) (NNS=H )))) (VP=H (VBP=H ) (ADJP (JJ=H ))) (. )))",5,82969,"0,0770874582"
(ROOT (S=H (NP (NP (NN=H )) (PRN (-LRB- ) (NP=H (JJ ) (NN=H )) (-RRB- )) (NNS=H )) (VP=H (VBP=H ) (ADJP (JJ=H ))) (. ))),5,82974,"0,0770921038"
(ROOT (S=H (NP (NP=H (NN ) (NNS ) (NNS=H )) (PP (IN=H ) (NP (DT ) (NNP ) (NNPS ) (NNP ) (NNP=H )))) (VP=H (VBP=H ) (ADJP (JJ=H ))) (. ))),5,82979,"0,0770967493"
(ROOT (S=H (NP (ADJP (NNP=H ) (NNP )) (JJ ) (NN ) (NNS=H )) (VP=H (VBP=H ) (ADJP (JJ=H ))) (. ))),5,82984,"0,0771013949"
(ROOT (S=H (NP (DT ) (NNP=H )) (VP=H (VBP=H ) (SBAR (S=H (NP (NNS=H )) (VP=H (VBP=H ) (ADJP (JJ=H )))))) (. ))),5,82989,"0,0771060404"
(ROOT (S=H (NP (NP=H (NP (JJ ) (NNS=H )) (NN ) (NNS=H )) (PP (IN=H ) (NP (NN=H )))) (VP=H (VBP=H ) (ADJP (JJ=H ))) (. ))),5,82994,"0,077110686"
"(ROOT (S=H (S (NP=H (NP=H (NNS=H )) (PP (IN=H ) (NP (NNP ) (NN=H ))))) (, ) (NP (NNP ) (NNP=H )) (VP=H (VBP=H ) (ADJP (JJ=H ))) (. )))",5,82999,"0,0771153315"
(ROOT (S=H (NP (NP=H (NNP ) (NNP=H )) (NP (DT ) (CD ) (NNS=H ))) (VP=H (VBP=H ) (ADJP (JJ=H ))) (. ))),5,83004,"0,0771199771"
(ROOT (S=H (NP (NP=H (NNP=H )) (VP (VBG=H ) (NP (NP=H (NNS=H )) (PP (IN=H ) (NP (NNP=H )))) (PP (IN=H ) (NP (NN=H ))))) (VP=H (VBP=H ) (ADJP (JJ=H ))) (. ))),5,83009,"0,0771246227"
(ROOT (NP=H (NP=H (NNP ) (NNP ) (NNP ) (NNP ) (NNP=H )) (: ) (S (NP (NP (NNP ) (POS=H )) (NN ) (NN=H )) (VP=H (VBP=H ) (ADJP (JJ=H )))) (. ))),5,83014,"0,0771292682"
"(ROOT (S=H (S (VP=H (VB=H ) (NP (NN=H )))) (, ) (NP (NNP ) (NNP=H )) (VP=H (VBP=H ) (ADJP (JJ=H ))) (. )))",5,83019,"0,0771339138"
(ROOT (S=H (NP (NP=H (NNP=H )) (PP (IN=H ) (NP (NP=H (NNP ) (NNPS=H )) (PP (IN=H ) (NP (DT ) (NNPS=H )))))) (VP=H (VBP=H ) (ADJP (JJ=H ))) (. ))),5,83024,"0,0771385593"
(ROOT (NP=H (NP=H (NNP=H )) (: ) (NP (NP=H (NNP ) (NNP=H )) (SBAR (S=H (NP (NN ) (NN=H )) (VP=H (VBP=H ) (ADJP (JJ=H )))))) (. ))),5,83029,"0,0771432049"
"(ROOT (S=H (S (VP=H (VBG=H ) (NP (NN ) (NNS=H )))) (, ) (NP (NNP=H )) (VP=H (VBP=H ) (ADJP (JJ=H ))) (. )))",5,83034,"0,0771478505"
"(ROOT (S=H (PP (IN=H ) (NP (NNP ) (NNP ) (NNP=H ))) (, ) (NP (NNP=H )) (VP=H (VBP=H ) (ADJP (JJ=H ))) (. )))",5,83039,"0,077152496"
(ROOT (S=H (NP (NP=H (JJ ) (NN=H )) (VP (VBG=H ) (NP (JJ ) (NNS=H )))) (VP=H (VBP=H ) (ADJP (JJ=H ))) (. ))),5,83044,"0,0771571416"
(ROOT (S=H (NP (NNP ) (NNP ) (CC ) (NNP ) (NNS ) (NNS=H )) (VP=H (VBP=H ) (ADJP (JJ=H ))) (. ))),5,83049,"0,0771617871"
(ROOT (S=H (NP (NP=H (JJ ) (NNS ) (NNS=H )) (PP (IN=H ) (NP (DT ) (NNP ) (NNPS ) (NNP=H )))) (VP=H (VBP=H ) (ADJP (JJ=H ))) (. ))),5,83054,"0,0771664327"
(ROOT (S=H (NP (NP (NNP ) (NNP=H )) (PRN (-LRB- ) (NNP=H ) (NNP ) (-RRB- )) (NNS=H )) (VP=H (VBP=H ) (ADJP (JJ=H ))) (. ))),5,83059,"0,0771710782"
(ROOT (S=H (NP (NNP ) (CC ) (NNPS ) (NNS=H )) (VP=H (VBP=H ) (ADJP (JJ=H ))) (. ))),5,83064,"0,0771757238"
(ROOT (S=H (NP (NP=H (NNP=H )) (PP (IN=H ) (NP (NP=H (DT ) (NNP ) (NNP ) (NNP ) (NNS=H )) (PP (IN=H ) (NP (NN=H )))))) (VP=H (VBP=H ) (ADJP (JJ=H ))) (. ))),5,83069,"0,0771803694"
(ROOT (S=H (NP (NP (NNP ) (NNP ) (NNPS ) (POS=H )) (NNP ) (NNP=H )) (VP=H (VBP=H ) (ADJP (JJ=H ))) (. ))),5,83074,"0,0771850149"
(ROOT (S=H (NP (NP=H (NNP=H )) (PP (IN=H ) (NP (NP=H (DT ) (NNP ) (NNS=H )) (PP (IN=H ) (NP (JJ ) (NN=H )))))) (VP=H (VBP=H ) (ADJP (JJ=H ))) (. ))),5,83079,"0,0771896605"
(ROOT (NP=H (NP=H (NP=H (NNP ) (NNP=H )) (PP (IN=H ) (NP (NNP=H )))) (: ) (S (NP (NNP ) (NNS=H )) (VP=H (VBP=H ) (ADJP (JJ=H )))) (. ))),5,83084,"0,077194306"
(ROOT (S=H (NP (NP=H (JJ ) (ADJP (JJ=H ) (PRT (RP=H ))) (NN=H )) (PRN (-LRB- ) (S=H (NP (NNP ) (NNS=H )) (VP=H (VBG=H ) (NP (NN=H )))) (-RRB- ))) (VP=H (VBP=H ) (SBAR (S=H (VP=H (VBP=H ) (ADJP (JJ=H )))))) (. ))),5,83089,"0,0771989516"
(ROOT (S=H (NP (NP=H (NNP=H )) (PP (IN=H ) (NP (JJ ) (NNP ) (NNP ) (NNS=H )))) (VP=H (VBP=H ) (ADJP (JJ=H ))) (. ))),5,83094,"0,0772035971"
"(ROOT (S=H (NP (NP (NNP ) (NNP=H )) (PRN (-LRB- ) (NP=H (NNP=H )) (, ) (NP (CD=H )) (-RRB- )) (NNS=H )) (VP=H (VBP=H ) (ADJP (JJ=H ))) (. )))",5,83099,"0,0772082427"
(ROOT (S=H (NP (NNP ) (NNP ) (NNP ) (NNP ) (NNPS ) (NNP=H )) (VP=H (VBP=H ) (ADJP (JJ=H ))) (. ))),5,83104,"0,0772128883"
(ROOT (S=H (NP (NP=H (NNP ) (NNP ) (NNP=H )) (CC ) (NP (NNP ) (NNPS ) (NN=H ))) (VP=H (VBP=H ) (ADJP (JJ=H ))) (. ))),5,83109,"0,0772175338"
(ROOT (S=H (NP (NP (NNP ) (NN ) (NNS ) (POS=H )) (NN=H ) (CC ) (NN )) (VP=H (VBP=H ) (ADJP (JJ=H ))) (. ))),5,83114,"0,0772221794"
"(ROOT (S=H (NP (NP=H (NNP ) (, ) (NNP=H ) (CC ) (NNP )) (NP (NNS=H ))) (VP=H (VBP=H ) (ADJP (JJ=H ))) (. )))",5,83119,"0,0772268249"
(ROOT (S=H (NP (NP (NNP=H )) (PRN (-LRB- ) (NP=H (NNS=H )) (-RRB- )) (NNS=H )) (VP=H (VBP=H ) (ADJP (JJ=H ))) (. ))),5,83124,"0,0772314705"
(ROOT (S=H (NP (NNP=H )) (VP=H (VBZ=H ) (SBAR (S=H (-LRB- ) (NP (NNS=H )) (-RRB- ) (VP=H (VBP=H ) (ADJP (JJ=H )))))) (. ))),5,83129,"0,0772361161"
"(ROOT (S=H (NP (NAC (NNP=H ) (PP (IN=H ) (NP (NNP ) (, ) (NNP ) (NNP=H )))) (NN=H )) (VP=H (VBP=H ) (ADJP (JJ=H ))) (. )))",5,83134,"0,0772407616"
(ROOT (S=H (NP (NNP=H )) (VP=H (VBP=H ) (SBAR (S=H (NP (DT ) (NNP ) (NNP ) (NN ) (NNS=H )) (VP=H (VBP=H ) (ADJP (JJ=H )))))) (. ))),5,83139,"0,0772454072"
(ROOT (S=H (NP (NP=H (NN=H )) (VP (VBG=H ) (PP (IN=H ) (NP (DT ) (NNP ) (NNPS=H ))))) (VP=H (VBP=H ) (ADJP (JJ=H ))) (. ))),5,83144,"0,0772500527"
(ROOT (S=H (NP (NP=H (JJ ) (JJ ) (NN=H )) (PP (IN=H ) (NP (NP=H (DT ) (JJ ) (NNP=H )) (PP (IN=H ) (NP (NNP ) (CC ) (NNP ) (NNPS=H )))))) (VP=H (VBP=H ) (ADJP (JJ=H ))) (. ))),5,83149,"0,0772546983"
(ROOT (S=H (NP (NP=H (NNP=H )) (VP (ADVP (RB=H )) (VBN=H ) (PP (IN=H ) (NP (NNP ) (NNP ) (NNS=H ))))) (VP=H (VBP=H ) (ADJP (JJ=H ))) (. ))),5,83154,"0,0772593438"
(ROOT (S=H (NP (NP=H (NP (NNP ) (POS=H )) (JJ ) (NNS ) (NNS=H )) (PP (IN=H ) (NP (NNP ) (NNP=H )))) (VP=H (VBP=H ) (ADJP (JJ=H ))) (. ))),5,83159,"0,0772639894"
(ROOT (S=H (NP (NP=H (NNP ) (NNP=H )) (PP (IN=H ) (NP (DT ) (NNP ) (NNP ) (NNP ) (NNPS=H )))) (VP=H (VBP=H ) (ADJP (JJ=H ))) (. ))),5,83164,"0,077268635"
"(ROOT (S=H (S (NP (NNS=H )) (VP=H (VBN=H ) (PP (IN=H ) (NP (NP (NNP ) (NNP ) (POS=H )) (NNP=H ))))) (, ) (NP (NNP ) (NNP=H )) (VP=H (VBP=H ) (ADJP (JJ=H ))) (. )))",5,83169,"0,0772732805"
"(ROOT (S=H (NP (NP=H (NP=H (NNP=H )) (PRN (-LRB- ) (NN=H ) (-RRB- )) (NP (NN ) (NNS=H ))) (, ) (NP (CD=H ))) (VP=H (VBP=H ) (ADJP (JJ=H ))) (. )))",5,83174,"0,0772779261"
"(ROOT (S=H (NP (NP=H (NNP=H )) (PRN (-LRB- ) (NN=H ) (-RRB- )) (NP (NN ) (NNS=H )) (, )) (ADVP (RB=H )) (VP=H (VBP=H ) (ADJP (JJ=H ))) (. )))",5,83179,"0,0772825716"
(ROOT (S=H (NP (NP=H (NNP ) (NN=H )) (PP (IN=H ) (NP (DT ) (CD ) (NNP ) (NNPS=H )))) (VP=H (VBP=H ) (ADJP (JJ=H ))) (. ))),5,83184,"0,0772872172"
(ROOT (S=H (NP (NP=H (CD=H )) (PP (IN=H ) (NP (NP=H (DT ) (JJ ) (NNPS=H )) (PP (IN=H ) (NP (NNP=H )))))) (VP=H (VBP=H ) (ADJP (JJ=H ))) (. ))),5,83189,"0,0772918627"
(ROOT (NP=H (NP=H (NNP=H )) (: ) (S (NP (NP (NNP ) (NNP ) (POS=H )) (NNP ) (NN=H )) (VP=H (VBP=H ) (ADJP (JJ=H )))) (. ))),5,83194,"0,0772965083"
(ROOT (S=H (NP (NP (NNP ) (NNP ) (NNP ) (NN ) (NNS ) (POS=H )) (NN=H )) (VP=H (VBZ=H ) (SBAR (S=H (NP (NNS=H )) (VP=H (VBP=H ) (ADJP (JJ=H )))))) (. ))),5,83199,"0,0773011539"
(ROOT (NP=H (NP=H (CD=H )) (: ) (S (NP (CD ) (JJ ) (NNP ) (NNP ) (NN=H )) (VP=H (VBP=H ) (ADJP (JJ=H )))) (. ))),5,83204,"0,0773057994"
(ROOT (S=H (NP (NP=H (NNP ) (NNPS ) (CC ) (NNP ) (NNS=H )) (PP (IN=H ) (NP (NNP=H )))) (VP=H (VBP=H ) (ADJP (JJ=H ))) (. ))),5,83209,"0,077310445"
(ROOT (NP=H (NP=H (NNS=H )) (: ) (S (NP (NNP ) (NNPS ) (NNS=H )) (VP=H (VBP=H ) (ADJP (JJ=H )))) (. ))),5,83214,"0,0773150905"
(ROOT (NP=H (NP=H (NNP=H )) (: ) (S (NP (NP=H (NNP=H )) (PP (IN=H ) (NP (NNP ) (NNS=H )))) (VP=H (VBP=H ) (ADJP (JJ=H )))) (. ))),5,83219,"0,0773197361"
(ROOT (NP=H (NP=H (NNP=H ) (CC ) (NNP )) (: ) (S (NP (NNP ) (NN=H )) (VP=H (VBP=H ) (ADJP (JJ=H )))) (. ))),5,83224,"0,0773243817"
(ROOT (S=H (NP (NP=H (NNP ) (NNP=H )) (PP (IN=H ) (NP (NP=H (DT ) (NNP ) (NNP ) (NNS=H )) (PP (IN=H ) (NP (NP=H (NN=H )) (PP (IN=H ) (NP (NNP=H )))))))) (VP=H (VBP=H ) (ADJP (JJ=H ))) (. ))),5,83229,"0,0773290272"
(ROOT (S=H (NP (NP=H (NNP ) (NNP=H )) (PP (IN=H ) (NP (NP=H (NNP=H )) (PP (TO=H ) (NP (DT ) (NNPS=H )))))) (VP=H (VBP=H ) (ADJP (JJ=H ))) (. ))),5,83234,"0,0773336728"
(ROOT (NP=H (NP=H (CD=H )) (: ) (NP (NP=H (CD=H )) (SBAR (S=H (NP (NP (NNP ) (NNP ) (NNP ) (NNP ) (NNS ) (POS=H )) (NN ) (NN=H )) (VP=H (VBP=H ) (ADJP (JJ=H )))))) (. ))),5,83239,"0,0773383183"
(ROOT (S=H (NP (NP (NNP=H ) (CD )) (PRN (-LRB- ) (NP=H (NN=H ) (CD )) (-RRB- )) (NNS=H )) (VP=H (VBP=H ) (ADJP (JJ=H ))) (. ))),5,83244,"0,0773429639"
(ROOT (NP=H (NP=H (CD=H )) (: ) (S (NP (NNP ) (NNP ) (NNP ) (NNP ) (NNP=H )) (VP=H (VBP=H ) (ADJP (JJ=H )))) (. ))),5,83249,"0,0773476094"
(ROOT (S=H (NP (NP=H (NNP ) (NNP=H )) (PP (IN=H ) (NP (JJS ) (NNP ) (NNP ) (JJ ) (NNS=H )))) (VP=H (VBP=H ) (ADJP (JJ=H ))) (. ))),5,83254,"0,077352255"
(ROOT (S=H (NP (NNP=H )) (VP=H (VBD=H ) (NP (NP=H (NNS=H )) (SBAR (S=H (NP (NP=H (DT ) (NNP=H )) (PRN (-LRB- ) (NP=H (NN=H ) (CD )) (-RRB- ))) (VP=H (VBD=H ) (SBAR (S=H (NP (NN=H )) (VP=H (VBP=H ) (ADJP (JJ=H )))))))))) (. ))),5,83259,"0,0773569006"
(ROOT (S=H (NP (NP=H (NNP=H )) (VP (VBN=H ) (PP (IN=H ) (NP (DT ) (NNPS=H ))))) (VP=H (VBP=H ) (ADJP (JJ=H ))) (. ))),5,83264,"0,0773615461"
(ROOT (S=H (NP (NP=H (CD=H )) (PP (IN=H ) (NP (JJ ) (JJ ) (NN ) (NN ) (NNS=H )))) (VP=H (VBP=H ) (ADJP (JJ=H ))) (. ))),5,83269,"0,0773661917"
"(ROOT (S=H (NP (NNP ) (NNPS ) (NNP ) (NNS=H )) (, ) (NP (NNP=H )) (VP=H (VBP=H ) (ADJP (JJ=H ))) (. )))",5,83274,"0,0773708372"
(ROOT (S=H (NP (NP (JJ ) (JJ ) (NNS ) (POS=H )) (NNS=H )) (VP=H (VBP=H ) (ADJP (JJ=H ))) (. ))),5,83279,"0,0773754828"
(ROOT (S=H (NP (NNP ) (NN ) (CC ) (NN ) (NNS ) (NNS=H )) (VP=H (VBP=H ) (ADJP (JJ=H ))) (. ))),5,83284,"0,0773801283"
(ROOT (S=H (NP (NP=H (NNP ) (PRN (-LRB- ) (NP=H (NP=H (NN=H )) (CC ) (NP (NN=H ))) (-RRB- )) (NNP=H )) (PP (IN=H ) (NP (DT ) (NNP ) (NNPS=H )))) (VP=H (VBP=H ) (ADJP (JJ=H ))) (. ))),5,83289,"0,0773847739"
(ROOT (S=H (NP (NNP ) (NNP=H )) (PRN (-LRB- ) (NP=H (NP=H (CD=H )) (: ) (NP (CD=H ))) (-RRB- )) (NP (NN ) (NNS=H )) (VP=H (VBP=H ) (ADJP (JJ=H ))) (. ))),5,83294,"0,0773894195"
(ROOT (S=H (NP (NP=H (NNP ) (NNP=H )) (CC ) (NP (NP=H (DT ) (NNP ) (NNS=H )) (PP (IN=H ) (NP (NP=H (DT ) (NNS=H )) (PP (IN=H ) (NP (NNP=H ))))))) (VP=H (VBP=H ) (ADJP (JJ=H ))) (. ))),5,83299,"0,077394065"
"(ROOT (S=H (S (NP (NNP ) (NNP ) (NNP=H )) (VP=H (VBZ=H ) (PP (IN=H ) (NP (NNP=H ))))) (, ) (NP (NP=H (NNP=H )) (PRN (-LRB- ) (NP=H (NNP=H )) (-RRB- ))) (VP=H (VBP=H ) (ADJP (JJ=H ))) (. )))",5,83304,"0,0773987106"
(ROOT (S=H (NP (NP=H (NNP ) (NNP=H )) (NP (JJ ) (NNS=H )) (NP (NP=H (NNS=H )) (NP (JJ ) (NNS=H )))) (VP=H (VBP=H ) (ADJP (JJ=H ))) (. ))),5,83309,"0,0774033561"
(ROOT (NP=H (NP=H (CD=H )) (: ) (S (NP (NP=H (CD ) (NNP ) (NNP=H )) (PP (IN=H ) (NP (NP (JJ ) (NNS ) (NNS ) (POS=H )) (NN ) (NN=H )))) (VP=H (VBP=H ) (ADJP (JJ=H )))) (. ))),5,83314,"0,0774080017"
(ROOT (S=H (NP (NP (NNP ) (NNP ) (NNP ) (NNP ) (POS=H )) (NNP ) (NNP ) (NN=H )) (VP=H (VBP=H ) (SBAR (S=H (NP (NNS=H )) (VP=H (VBP=H ) (ADJP (JJ=H )))))) (. ))),5,83319,"0,0774126473"
(ROOT (S=H (NP (NP=H (JJ ) (QP=H (CD=H ) (CD ))) (PP (IN=H ) (NP (NN ) (NNS=H )))) (VP=H (VBP=H ) (ADJP (JJ=H ))) (. ))),5,83324,"0,0774172928"
(ROOT (S=H (S (VP=H (ADVP (RBS=H )) (VBG=H ) (NP (NP=H (NNP ) (NNP ) (NNP=H )) (PRN (-LRB- ) (NP=H (NN=H )) (-RRB- ))))) (NP (NNS=H )) (VP=H (VBP=H ) (ADJP (JJ=H ))) (. ))),4,83328,"0,0774210093"
(ROOT (S=H (NP (NP (CD ) (NNS ) (POS=H )) (NN=H )) (VP=H (VBP=H ) (ADJP (JJ=H ))) (. ))),4,83332,"0,0774247257"
(ROOT (S=H (NP (NP=H (CD ) (JJ ) (NN=H )) (CC ) (NP (NNP ) (NNPS=H ))) (VP=H (VBP=H ) (ADJP (JJ=H ))) (. ))),4,83336,"0,0774284421"
(ROOT (S=H (NP (JJ ) (NNP ) (NNP ) (NNP ) (NNPS ) (NNS=H )) (VP=H (VBP=H ) (ADJP (JJ=H ))) (. ))),4,83340,"0,0774321586"
(ROOT (S=H (NP (NP=H (DT ) (NN=H )) (PP (IN=H ) (NP (JJ ) (NNS=H )))) (VP=H (VBP=H ) (ADJP (JJ=H ))) (. ))),4,83344,"0,077435875"
(ROOT (S=H (NP (NP (NNP ) (NNPS ) (POS=H )) (NNS ) (NNS=H )) (VP=H (VBP=H ) (ADJP (JJ=H ))) (. ))),4,83348,"0,0774395915"
(ROOT (S=H (NP (NP=H (NNP ) (NNP=H )) (PP (IN=H ) (NP (NNPS ) (NNPS=H )))) (VP=H (VBP=H ) (ADJP (JJ=H ))) (. ))),4,83352,"0,0774433079"
(ROOT (S=H (NP (JJ ) (NN=H )) (PRN (-LRB- ) (NP=H (NN=H )) (-RRB- )) (NP (NN ) (NN ) (NNS=H )) (VP=H (VBP=H ) (ADJP (JJ=H ))) (. ))),4,83356,"0,0774470244"
(ROOT (S=H (NP (NP (JJ ) (JJ ) (NNS ) (POS=H )) (JJ ) (NN ) (NNS=H )) (VP=H (VBP=H ) (ADJP (JJ=H ))) (. ))),4,83360,"0,0774507408"
(ROOT (S=H (NP (NP=H (NNP=H )) (PP (IN=H ) (NP (NP=H (JJ ) (NN ) (NNS=H )) (PP (IN=H ) (NP (NNP=H )))))) (VP=H (VBP=H ) (ADJP (JJ=H ))) (. ))),4,83364,"0,0774544573"
(ROOT (S=H (NP (NP=H (NNP=H )) (PP (IN=H ) (NP (NP=H (JJ ) (NNS=H )) (PP (IN=H ) (NP (DT ) (NNP ) (NNPS=H )))))) (VP=H (VBP=H ) (ADJP (JJ=H ))) (. ))),4,83368,"0,0774581737"
(ROOT (S=H (NP (NP (ADJP (NNP ) (JJ=H )) (NNS ) (POS=H )) (NN=H )) (VP=H (VBP=H ) (ADJP (JJ=H ))) (. ))),4,83372,"0,0774618902"
(ROOT (S=H (NP (NP=H (DT=H )) (PP (IN=H ) (NP (DT ) (NNP ) (NNS=H )))) (VP=H (VBP=H ) (ADJP (JJ=H ))) (. ))),4,83376,"0,0774656066"
(ROOT (S=H (NP (NP=H (NNP=H )) (PP (IN=H ) (NP (NNP ) (NNP ) (NNPS ) (NNP=H )))) (VP=H (VBP=H ) (ADJP (JJ=H ))) (. ))),4,83380,"0,0774693231"
(ROOT (S=H (NP (ADJP (JJ ) (NN=H )) (JJ ) (NNS=H )) (VP=H (VBP=H ) (ADJP (JJ=H ))) (. ))),4,83384,"0,0774730395"
(ROOT (S=H (NP (NP=H (NNP=H )) (CC ) (NP (JJ ) (NN ) (NN ) (NN ) (NNS=H ))) (VP=H (VBP=H ) (ADJP (JJ=H ))) (. ))),4,83388,"0,077476756"
(ROOT (S=H (NP (NP=H (JJ ) (NNS ) (NN=H )) (PP (IN=H ) (NP (DT ) (NNP ) (NNPS=H )))) (VP=H (VBP=H ) (ADJP (JJ=H ))) (. ))),4,83392,"0,0774804724"
(ROOT (S=H (NP (NP=H (NNP ) (NNP ) (NNP ) (NNP ) (NNP=H )) (NP (CD ) (NNS=H ))) (VP=H (VBP=H ) (ADJP (JJ=H ))) (. ))),4,83396,"0,0774841888"
(ROOT (FRAG=H (NP (NNP=H )) (: ) (S=H (NP (DT ) (JJ ) (NN=H )) (VP=H (VBP=H ) (ADJP (JJ=H )))) (. ))),4,83400,"0,0774879053"
(ROOT (S=H (NP (NP=H (NNP=H )) (CC ) (NP (NP=H (NNS=H )) (PP (IN=H ) (NP (NN=H ))))) (VP=H (VBP=H ) (ADJP (JJ=H ))) (. ))),4,83404,"0,0774916217"
(ROOT (S=H (NP (NP=H (NNP=H )) (CC ) (NP (NP=H (NNS=H )) (PP (IN=H ) (NP (NNP=H ) (CC ) (NNP ))))) (VP=H (VBP=H ) (ADJP (JJ=H ))) (. ))),4,83408,"0,0774953382"
"(ROOT (S=H (S (NP (NNP ) (NN ) (NNS=H )) (VP=H (VBN=H ) (PP (IN=H ) (NP (NNP=H ))))) (, ) (NP (NNP=H )) (VP=H (VBP=H ) (ADJP (JJ=H ))) (. )))",4,83412,"0,0774990546"
(ROOT (S=H (NP (NP (NNP ) (NNP ) (NNP ) (NNP ) (NNP=H )) (PRN (-LRB- ) (NP=H (NN=H )) (-RRB- )) (NNS=H )) (VP=H (VBP=H ) (ADJP (JJ=H ))) (. ))),4,83416,"0,0775027711"
(ROOT (S=H (NP (JJ ) (PRN (-LRB- ) (NP=H (NP=H (NNS=H )) (CC ) (NP (NNS=H ))) (-RRB- )) (NNS=H )) (PP (IN=H ) (NP (NN=H ))) (VP=H (VBP=H ) (ADJP (JJ=H ))) (. ))),4,83420,"0,0775064875"
(ROOT (S=H (NP (JJ ) (PRN (-LRB- ) (NP=H (NP=H (NNS=H )) (CC ) (NP (NN=H ))) (-RRB- )) (NNS=H )) (PP (IN=H ) (NP (NN=H ))) (VP=H (VBP=H ) (ADJP (JJ=H ))) (. ))),4,83424,"0,077510204"
(ROOT (S=H (NP (NP=H (NNP ) (CC ) (NNP ) (NNP=H )) (PP (IN=H ) (NP (NNP ) (NNS=H )))) (VP=H (VBP=H ) (ADJP (JJ=H ))) (. ))),4,83428,"0,0775139204"
(ROOT (S=H (NP (NP=H (NNS ) (NNS=H )) (VP (VBG=H ) (NP (NN ) (NN=H )))) (VP=H (VBP=H ) (ADJP (JJ=H ))) (. ))),4,83432,"0,0775176369"
(ROOT (S=H (NP (NP=H (NNP ) (NNP=H )) (PP (IN=H ) (NP (NNP ) (NNS ) (NNS=H )))) (VP=H (VBP=H ) (ADJP (JJ=H ))) (. ))),4,83436,"0,0775213533"
(ROOT (S=H (NP (NP=H (NNP ) (NNP ) (NNPS ) (NNP=H )) (PP (IN=H ) (NP (NNS=H )))) (VP=H (VBP=H ) (ADJP (JJ=H ))) (. ))),4,83440,"0,0775250698"
(ROOT (FRAG=H (NP (NNP=H )) (: ) (S=H (NP (NNP ) (NNP ) (NNP=H )) (VP=H (VBP=H ) (ADJP (JJ=H )))) (. ))),4,83444,"0,0775287862"
(ROOT (S=H (NP (NP=H (JJ ) (NNS ) (NNS=H )) (PP (IN=H ) (NP (NNP ) (NNP ) (NNP=H )))) (VP=H (VBP=H ) (ADJP (JJ=H ))) (. ))),4,83448,"0,0775325026"
(ROOT (S=H (NP (NP (NNP ) (NNP ) (NNP=H )) (PRN (-LRB- ) (NP=H (JJ=H )) (-RRB- )) (NNS=H )) (VP=H (VBP=H ) (ADJP (JJ=H ))) (. ))),4,83452,"0,0775362191"
(ROOT (S=H (NP (NP=H (NN=H )) (PP (IN=H ) (NP (DT ) (NNS=H )))) (VP=H (VBP=H ) (ADJP (JJ=H ))) (. ))),4,83456,"0,0775399355"
(ROOT (S=H (NP (NNP ) (NN ) (NN=H )) (VP=H (VBP=H ) (SBAR (S=H (NP (NP=H (NNS=H )) (PP (IN=H ) (NP (NN=H )))) (VP=H (VBP=H ) (ADJP (JJ=H )))))) (. ))),4,83460,"0,077543652"
(ROOT (S=H (NP (NP=H (NNP ) (NNP=H )) (PP (IN=H ) (NP (DT ) (NNPS ) (CC ) (NNP ) (NNP=H )))) (VP=H (VBP=H ) (ADJP (JJ=H ))) (. ))),4,83464,"0,0775473684"
(ROOT (S=H (NP (NP=H (NNS ) (CC ) (NN ) (NNS=H )) (PP (IN=H ) (NP (NN=H )))) (VP=H (VBP=H ) (ADJP (JJ=H ))) (. ))),4,83468,"0,0775510849"
(ROOT (S=H (NP (NAC (NNPS=H ) (PP (IN=H ) (NP (DT ) (NNP=H )))) (NNP=H )) (VP=H (VBP=H ) (ADJP (JJ=H ))) (. ))),4,83472,"0,0775548013"
(ROOT (S=H (NP (NNP ) (FW ) (NNP=H )) (VP=H (VBP=H ) (SBAR (S=H (NP (NNP ) (NNS=H )) (VP=H (VBP=H ) (ADJP (JJ=H )))))) (. ))),4,83476,"0,0775585178"
(ROOT (S=H (NP (NP=H (NNP=H )) (PP (IN=H ) (NP (NNS ) (NNS=H )))) (VP=H (VBP=H ) (ADJP (JJ=H ))) (. ))),4,83480,"0,0775622342"
(ROOT (S=H (NP (NNP ) (NNP=H )) (VP=H (VBZ=H ) (SBAR (S=H (NP (NP=H (NN ) (NNS=H )) (PP (IN=H ) (NP (DT ) (NNP ) (NNPS=H )))) (VP=H (VBP=H ) (ADJP (JJ=H )))))) (. ))),4,83484,"0,0775659507"
(ROOT (S=H (NP (NP=H (NNP=H )) (CC ) (NP (JJ ) (NNS ) (NNS=H ))) (VP=H (VBP=H ) (ADJP (JJ=H ))) (. ))),4,83488,"0,0775696671"
(ROOT (S=H (NP (NP=H (NP=H (NNP=H )) (PP (IN=H ) (NP (NNPS=H )))) (PRN (-LRB- ) (NP=H (NNP=H )) (-RRB- ))) (VP=H (VBP=H ) (ADJP (JJ=H ))) (. ))),4,83492,"0,0775733836"
(ROOT (S=H (NP (NP=H (NP=H (NNP ) (NNP=H )) (PRN (-LRB- ) (NP=H (NNP ) (NNPS=H )) (-RRB- ))) (PP (IN=H ) (NP (NN=H )))) (VP=H (VBP=H ) (ADJP (JJ=H ))) (. ))),4,83496,"0,0775771"
(ROOT (S=H (NP (NP=H (NNP=H )) (VP (VBN=H ) (PP (IN=H ) (NP (NN ) (NNS=H ))))) (VP=H (VBP=H ) (ADJP (JJ=H ))) (. ))),4,83500,"0,0775808164"
(ROOT (S=H (NP (NN ) (CC ) (NN ) (NNS ) (NNS=H )) (VP=H (VBP=H ) (ADJP (JJ=H ))) (. ))),4,83504,"0,0775845329"
(ROOT (S=H (NP (NP=H (NNP=H )) (ADJP (JJ=H ) (PP (TO=H ) (NP (JJ ) (NNS=H ))))) (VP=H (VBP=H ) (ADJP (JJ=H ))) (. ))),4,83508,"0,0775882493"
(ROOT (S=H (NP (NP=H (NNP ) (JJ ) (NNS ) (NNS=H )) (PP (IN=H ) (NP (DT ) (NNP ) (NNP=H )))) (VP=H (VBP=H ) (ADJP (JJ=H ))) (. ))),4,83512,"0,0775919658"
(ROOT (FRAG=H (NP (NNP=H )) (: ) (S=H (NP (DT ) (NNP ) (NNP ) (NNS=H )) (VP=H (VBP=H ) (ADJP (JJ=H )))) (. ))),4,83516,"0,0775956822"
(ROOT (S=H (NP (NNP ) (NNP=H )) (PRN (-LRB- ) (NP=H (NNP ) (NNPS=H )) (-RRB- )) (NP (NN ) (JJ ) (NNS=H )) (VP=H (VBP=H ) (ADJP (JJ=H ))) (. ))),4,83520,"0,0775993987"
(ROOT (S=H (NP (NP=H (NP=H (NNP=H )) (PP (IN=H ) (NP (NNP ) (CC ) (NNP ) (NNPS=H )))) (PRN (-LRB- ) (NP=H (NNP=H )) (-RRB- ))) (VP=H (VBP=H ) (ADJP (JJ=H ))) (. ))),4,83524,"0,0776031151"
(ROOT (S=H (S=H (VP=H (VBG=H ) (PP (IN=H ) (NP (DT ) (NNPS=H ))))) (: ) (S (NP (NP (NNP ) (POS=H )) (NN=H )) (VP=H (VBP=H ) (ADJP (JJ=H )))) (. ))),4,83528,"0,0776068316"
(ROOT (S=H (NP (NP=H (NNP=H )) (PP (IN=H ) (NP (NP (NNP ) (POS=H )) (JJ ) (NNS=H )))) (VP=H (VBP=H ) (ADJP (JJ=H ))) (. ))),4,83532,"0,077610548"
"(ROOT (S=H (NP (NNP ) (NNP ) (PRN (-LRB- ) (NP=H (NN=H )) (-RRB- )) (, ) (NNP ) (NNP=H )) (VP=H (VBP=H ) (ADJP (JJ=H ))) (. )))",4,83536,"0,0776142645"
(ROOT (S=H (NP (NP=H (NNP ) (NNP=H )) (PP (IN=H ) (NP (NNP ) (NNP ) (NNPS=H )))) (VP=H (VBP=H ) (ADJP (JJ=H ))) (. ))),4,83540,"0,0776179809"
"(ROOT (S=H (NP (NNP ) (, ) (NNP=H )) (VP=H (VBP=H ) (SBAR (S=H (NP (NNP ) (NNS=H )) (VP=H (VBP=H ) (ADJP (JJ=H )))))) (. )))",4,83544,"0,0776216974"
(ROOT (S=H (NP (NP (JJ ) (NNS=H )) (PRN (-LRB- ) (NP=H (NNP=H )) (-RRB- )) (NNS=H )) (VP=H (VBP=H ) (ADJP (JJ=H ))) (. ))),4,83548,"0,0776254138"
(ROOT (S=H (NP (NNP ) (NN=H )) (VP=H (VBP=H ) (SBAR (S=H (NP (NN ) (NNS=H )) (VP=H (VBP=H ) (ADJP (JJ=H )))))) (. ))),4,83552,"0,0776291302"
(ROOT (S=H (NP (NP=H (NNP ) (NNP ) (NNP=H )) (PP (IN=H ) (NP (JJ ) (NNP ) (NNS=H )))) (VP=H (VBP=H ) (ADJP (JJ=H ))) (. ))),4,83556,"0,0776328467"
(ROOT (S=H (NP (NP=H (NNP=H )) (PP (IN=H ) (NP (DT ) (NNP ) (NNP ) (NNPS ) (NNP=H )))) (VP=H (VBP=H ) (ADJP (JJ=H ))) (. ))),4,83560,"0,0776365631"
(ROOT (S=H (NP (ADJP (JJ=H ) (NP (CD ) (NNS=H ))) (NN=H )) (VP=H (VBP=H ) (ADJP (JJ=H ))) (. ))),4,83564,"0,0776402796"
(ROOT (S=H (NP (ADJP (JJ=H ) (PP (IN=H ) (NP (NNP=H )))) (NNS=H )) (VP=H (VBP=H ) (ADJP (JJ=H ))) (. ))),4,83568,"0,077643996"
(ROOT (S=H (NP (NP=H (JJ ) (NNS ) (NNS=H )) (PP (IN=H ) (NP (NP=H (DT ) (NNP=H )) (PP (IN=H ) (NP (NNP=H )))))) (VP=H (VBP=H ) (ADJP (JJ=H ))) (. ))),4,83572,"0,0776477125"
(ROOT (S=H (NP (NNPS ) (NNP ) (NNP ) (NNP=H )) (VP=H (VBP=H ) (ADJP (JJ=H ))) (. ))),4,83576,"0,0776514289"
(ROOT (S=H (NP (NP (NNP=H )) (PRN (-LRB- ) (NNP ) (NN=H ) (-RRB- )) (NNS=H )) (PP (IN=H ) (NP (NN=H ))) (VP=H (VBP=H ) (ADJP (JJ=H ))) (. ))),4,83580,"0,0776551454"
(ROOT (S=H (NP (NN ) (CC ) (NNS ) (NNS=H )) (VP=H (VBP=H ) (ADJP (JJ=H ))) (. ))),4,83584,"0,0776588618"
(ROOT (S=H (NP (NNP ) (NNP=H )) (VP=H (VBD=H ) (SBAR (S=H (NP (NNS=H ) (CC ) (NNS )) (VP=H (VBP=H ) (ADJP (JJ=H )))))) (. ))),4,83588,"0,0776625783"
(ROOT (S=H (NP (NP=H (JJ ) (NN ) (NNS ) (NNS=H )) (PP (IN=H ) (NP (DT ) (NNP ) (NNPS=H )))) (VP=H (VBP=H ) (ADJP (JJ=H ))) (. ))),4,83592,"0,0776662947"
(ROOT (S=H (NP (NP=H (NN=H )) (PP (IN=H ) (NP (JJ ) (JJ ) (NNS=H )))) (VP=H (VBP=H ) (ADJP (JJ=H ))) (. ))),4,83596,"0,0776700112"
(ROOT (S=H (NP (NP=H (NN=H )) (PP (IN=H ) (NP (NP=H (NNP=H )) (PP (IN=H ) (NP (DT ) (NNP ) (NNPS=H )))))) (VP=H (VBP=H ) (ADJP (JJ=H ))) (. ))),4,83600,"0,0776737276"
(ROOT (S=H (NP (NP=H (NN=H )) (PP (IN=H ) (NP (NNP ) (NNP ) (CC ) (DT ) (NNPS=H )))) (VP=H (VBP=H ) (ADJP (JJ=H ))) (. ))),4,83604,"0,0776774441"
(ROOT (S=H (NP (NP=H (JJ ) (NN=H )) (PP (IN=H ) (NP (NNPS=H )))) (VP=H (VBP=H ) (ADJP (JJ=H ))) (. ))),4,83608,"0,0776811605"
(ROOT (S=H (NP (NP=H (NNP ) (NNP=H )) (PP (IN=H ) (NP (DT ) (NNP ) (NNPS ) (NN=H )))) (VP=H (VBP=H ) (ADJP (JJ=H ))) (. ))),4,83612,"0,0776848769"
(ROOT (S=H (NP (NP=H (NNP ) (NNP=H )) (PP (IN=H ) (NP (NP=H (NNS=H )) (PP (IN=H ) (NP (NNP ) (NNP=H )))))) (VP=H (VBP=H ) (ADJP (JJ=H ))) (. ))),4,83616,"0,0776885934"
(ROOT (S=H (NP (NP=H (NNP=H )) (PP (IN=H ) (NP (DT ) (CD ) (NNS=H )))) (VP=H (VBP=H ) (ADJP (JJ=H ))) (. ))),4,83620,"0,0776923098"
(ROOT (S=H (NP (NP (JJ ) (NNS ) (POS=H )) (NNP=H )) (VP=H (VBP=H ) (ADJP (JJ=H ))) (. ))),4,83624,"0,0776960263"
(ROOT (S=H (NP (NP=H (NNP=H )) (NP (DT ) (NNP ) (NNP ) (NNS=H ))) (VP=H (VBP=H ) (ADJP (JJ=H ))) (. ))),4,83628,"0,0776997427"
(ROOT (S=H (NP (NP=H (NNP=H )) (PP (IN=H ) (NP (DT ) (NNS=H ) (CC ) (NNS )))) (VP=H (VBP=H ) (ADJP (JJ=H ))) (. ))),4,83632,"0,0777034592"
(ROOT (S=H (NP (NP=H (NN=H )) (PP (IN=H ) (NP (NNP ) (NNP ) (NNS=H )))) (VP=H (VBP=H ) (ADJP (JJ=H ))) (. ))),4,83636,"0,0777071756"
(ROOT (S=H (NP (NNP ) (NNP=H )) (VP=H (VBP=H ) (SBAR (S=H (NP (NNP ) (NN ) (NNS=H )) (VP=H (VBP=H ) (ADJP (JJ=H )))))) (. ))),4,83640,"0,0777108921"
(ROOT (S=H (NP (NNP ) (NNP=H )) (VP=H (VBP=H ) (SBAR (S=H (NP (NNP ) (NNP ) (NNS=H )) (VP=H (VBP=H ) (ADJP (JJ=H )))))) (. ))),4,83644,"0,0777146085"
(ROOT (S=H (NP (NP=H (NNS ) (VBG ) (NNS=H )) (PP (IN=H ) (NP (NNP=H )))) (VP=H (VBP=H ) (ADJP (JJ=H ))) (. ))),4,83648,"0,077718325"
(ROOT (S=H (NP (NP (NNP ) (NNP ) (NNP ) (POS=H )) (NP (NNP ) (NNS ) (POS=H )) (NN ) (NNS=H )) (VP=H (VBP=H ) (ADJP (JJ=H ))) (. ))),4,83652,"0,0777220414"
(ROOT (S=H (NP (NP=H (NNP ) (NNP ) (NNP=H )) (NP (JJ ) (JJ ) (NN ) (NNS=H ))) (VP=H (VBP=H ) (ADJP (JJ=H ))) (. ))),4,83656,"0,0777257579"
(ROOT (S=H (NP (NP=H (NNP ) (NNP=H )) (PP (IN=H ) (NP (NP=H (NNP ) (NNPS ) (NNP ) (NNP ) (NNP=H )) (PP (IN=H ) (NP (NNP=H )))))) (VP=H (VBP=H ) (ADJP (JJ=H ))) (. ))),4,83660,"0,0777294743"
(ROOT (S=H (NP (NP=H (JJ ) (NN=H )) (PP (IN=H ) (NP (DT ) (NNPS ) (CC ) (NNP ) (NNP=H )))) (VP=H (VBP=H ) (ADJP (JJ=H ))) (. ))),4,83664,"0,0777331907"
(ROOT (S=H (NP (NP=H (JJ ) (NN=H )) (PP (IN=H ) (NP (DT ) (NNP ) (NNPS ) (NNP ) (NNP=H )))) (VP=H (VBP=H ) (ADJP (JJ=H ))) (. ))),4,83668,"0,0777369072"
(ROOT (S=H (NP (NNP=H )) (VP=H (VBZ=H ) (S (VP=H (VBG=H ) (SBAR (S=H (NP (DT ) (NNP ) (NNPS=H )) (VP=H (VBP=H ) (ADJP (JJ=H )))))))) (. ))),4,83672,"0,0777406236"
"(ROOT (S=H (NP (NP=H (NNP ) (NNP=H )) (, ) (NP (NNP ) (NNP=H )) (CC ) (NP (NNP ) (NNP ) (NNS=H ))) (VP=H (VBP=H ) (ADJP (JJ=H ))) (. )))",4,83676,"0,0777443401"
(ROOT (S=H (NP (NP (NNP ) (POS=H )) (NNP ) (NNPS ) (NN=H )) (VP=H (VBP=H ) (ADJP (JJ=H ))) (. ))),4,83680,"0,0777480565"
(ROOT (S=H (NP (ADJP (JJ ) (JJ=H )) (JJ ) (NNS ) (NNS=H )) (VP=H (VBP=H ) (ADJP (JJ=H ))) (. ))),4,83684,"0,077751773"
(ROOT (S=H (NP (NP=H (JJ ) (NNP=H )) (PP (IN=H ) (NP (NNP ) (NNS=H )))) (VP=H (VBP=H ) (ADJP (JJ=H ))) (. ))),4,83688,"0,0777554894"
(ROOT (S=H (NP (NP=H (JJ ) (NNS ) (NN=H )) (PP (IN=H ) (NP (DT ) (NNP ) (NNP=H )))) (VP=H (VBP=H ) (ADJP (JJ=H ))) (. ))),4,83692,"0,0777592059"
(ROOT (S=H (NP (NP (NNP ) (NNP ) (NNP ) (NNS ) (POS=H )) (NN ) (CC ) (NN ) (NNS=H )) (VP=H (VBP=H ) (ADJP (JJ=H ))) (. ))),4,83696,"0,0777629223"
(ROOT (S=H (NP (NP=H (NNP=H )) (PP (IN=H ) (NP (NNP ) (NNP ) (NNP ) (NNPS ) (NNP=H )))) (VP=H (VBP=H ) (ADJP (JJ=H ))) (. ))),4,83700,"0,0777666388"
(ROOT (S=H (NP (NP=H (NNP=H )) (PP (VBN=H ) (PP (IN=H ) (NP (DT ) (NNPS=H ))))) (VP=H (VBP=H ) (ADJP (JJ=H ))) (. ))),4,83704,"0,0777703552"
"(ROOT (S=H (S (ADJP=H (NNP=H ))) (, ) (NP (NNP ) (NN ) (NNS=H )) (VP=H (VBP=H ) (ADJP (JJ=H ))) (. )))",4,83708,"0,0777740717"
(ROOT (S=H (NP (NP=H (NNP=H )) (NP (JJ ) (NN ) (NN ) (NN ) (NNS=H ))) (VP=H (VBP=H ) (ADJP (JJ=H ))) (. ))),4,83712,"0,0777777881"
(ROOT (S=H (NP (NP=H (NNP ) (NNP ) (NNP ) (CC ) (NNP ) (NNS=H )) (PP (IN=H ) (NP (NN=H )))) (VP=H (VBP=H ) (ADJP (JJ=H ))) (. ))),4,83716,"0,0777815045"
(ROOT (S=H (NP (NP (NNS ) (POS=H )) (NNP ) (NNP ) (NNP=H )) (VP=H (VBP=H ) (ADJP (JJ=H ))) (. ))),4,83720,"0,077785221"
(ROOT (S=H (NP (NP=H (NNP ) (NNP=H )) (CC ) (NP (DT ) (NNPS=H ))) (VP=H (VBP=H ) (ADJP (JJ=H ))) (. ))),4,83724,"0,0777889374"
(ROOT (S=H (NP (NP=H (NNP=H )) (CC ) (NP (JJ=H ))) (VP=H (VBP=H ) (SBAR (S=H (NP (NP=H (NNS=H )) (PP (VBN=H ) (PP (IN=H ) (NP (NNP=H ))))) (VP=H (VBP=H ) (ADJP (JJ=H )))))) (. ))),4,83728,"0,0777926539"
"(ROOT (S=H (NP (NAC (NNP=H ) (NNP )) (, ) (NNP ) (NNP=H )) (VP=H (VBP=H ) (ADJP (JJ=H ))) (. )))",4,83732,"0,0777963703"
(ROOT (S=H (NP (NP=H (NNP=H )) (CC ) (NP (NP=H (JJ ) (JJ ) (NNS=H )) (PP (IN=H ) (NP (NNP=H ))))) (VP=H (VBP=H ) (ADJP (JJ=H ))) (. ))),4,83736,"0,0778000868"
"(ROOT (S=H (NP (NP (NNP ) (NNP ) (NNP=H )) (PRN (-LRB- ) (NP=H (NNP=H )) (, ) (NP (CD=H )) (-RRB- )) (NNS=H )) (VP=H (VBP=H ) (ADJP (JJ=H ))) (. )))",4,83740,"0,0778038032"
(ROOT (S=H (NP (ADJP (NNP=H ) (NNP )) (NNPS=H )) (VP=H (VBP=H ) (ADJP (JJ=H ))) (. ))),4,83744,"0,0778075197"
(ROOT (S=H (NP (NP=H (NNP ) (NNP=H )) (CC ) (NP (DT ) (JJ ) (NNP ) (NNS=H ))) (VP=H (VBP=H ) (ADJP (JJ=H ))) (. ))),4,83748,"0,0778112361"
(ROOT (S=H (NP (NP=H (NNP ) (NNP=H )) (NP (JJ ) (NNS=H ) (CC ) (NNS ))) (VP=H (VBP=H ) (ADJP (JJ=H ))) (. ))),4,83752,"0,0778149526"
(ROOT (S=H (NP (NP=H (NNP ) (NNPS ) (NNP=H )) (PP (IN=H ) (NP (NNP ) (NNP ) (NNP=H )))) (VP=H (VBP=H ) (ADJP (JJ=H ))) (. ))),4,83756,"0,077818669"
(ROOT (S=H (NP (NP (NP (NNP ) (NNP ) (POS=H )) (JJ ) (NNS ) (POS=H )) (NN=H )) (VP=H (VBP=H ) (ADJP (JJ=H ))) (. ))),4,83760,"0,0778223855"
(ROOT (S=H (NP (NP=H (NN=H )) (VP (VBG=H ) (NP (NN ) (NNS=H )))) (VP=H (VBP=H ) (ADJP (JJ=H ))) (. ))),4,83764,"0,0778261019"
(ROOT (FRAG=H (NP (NNP=H )) (: ) (S=H (NP (CD ) (NNS=H )) (VP=H (VBP=H ) (ADJP (JJ=H )))) (. ))),4,83768,"0,0778298183"
(ROOT (S=H (NP (NP=H (NNP ) (NNP=H )) (PP (IN=H ) (NP (NP=H (NNP ) (NNP ) (NNS=H )) (PP (IN=H ) (NP (NN=H )))))) (VP=H (VBP=H ) (ADJP (JJ=H ))) (. ))),4,83772,"0,0778335348"
(ROOT (S=H (NP (NAC (NNP=H ) (PP (IN=H ) (NP (DT ) (NNPS=H )))) (NNS=H )) (VP=H (VBP=H ) (ADJP (JJ=H ))) (. ))),4,83776,"0,0778372512"
(ROOT (S=H (NP (NNP ) (NNPS ) (NNP ) (CC ) (NNP ) (NNP=H )) (VP=H (VBP=H ) (ADJP (JJ=H ))) (. ))),4,83780,"0,0778409677"
(ROOT (S=H (NP (DT ) (NNP ) (NNP ) (NNS ) (NNS=H )) (VP=H (VBP=H ) (ADJP (JJ=H ))) (. ))),4,83784,"0,0778446841"
(ROOT (S=H (NP (DT ) (NN=H )) (PP (IN=H ) (NP (NNP ) (NNS=H ))) (VP=H (VBP=H ) (ADJP (JJ=H ))) (. ))),4,83788,"0,0778484006"
(ROOT (S=H (NP (NP=H (NNP=H )) (PP (IN=H ) (NP (NP=H (NNP=H )) (PP (IN=H ) (NP (NNP ) (NNPS=H )))))) (VP=H (VBP=H ) (ADJP (JJ=H ))) (. ))),4,83792,"0,077852117"
(ROOT (S=H (NP (NNP ) (NNP ) (NNP ) (NNPS ) (CC ) (NNPS ) (NNS=H )) (VP=H (VBP=H ) (ADJP (JJ=H ))) (. ))),4,83796,"0,0778558335"
(ROOT (S=H (NP (NNP ) (NNP ) (NNP ) (NNP ) (CC ) (NNP ) (NNP=H )) (VP=H (VBP=H ) (ADJP (JJ=H ))) (. ))),4,83800,"0,0778595499"
"(ROOT (S=H (NP (NP=H (NP=H (NNP ) (NNPS ) (NNP=H )) (NP (JJ ) (NNS=H ))) (, ) (NP (CD=H ))) (VP=H (VBP=H ) (ADJP (JJ=H ))) (. )))",4,83804,"0,0778632664"
(ROOT (S=H (NP (NP=H (NNP ) (NNPS ) (JJ ) (NNS=H )) (NP (NN ) (NN=H ))) (VP=H (VBP=H ) (ADJP (JJ=H ))) (. ))),4,83808,"0,0778669828"
(ROOT (S=H (NP (NP=H (NNP ) (NNPS ) (NNP=H )) (PP (IN=H ) (NP (DT ) (JJ ) (NN=H )))) (VP=H (VBP=H ) (ADJP (JJ=H ))) (. ))),4,83812,"0,0778706993"
"(ROOT (S=H (S (NP (NNP=H )) (VP=H (VBZ=H ) (VP (VBN=H ) (PP (IN=H ) (NP (NNP ) (NNP=H )))))) (, ) (NP (NNP=H )) (VP=H (VBP=H ) (ADJP (JJ=H ))) (. )))",4,83816,"0,0778744157"
(ROOT (FRAG=H (NP (NP=H (NNS=H )) (PP (IN=H ) (NP (NN=H )))) (: ) (S=H (NP (NNP=H )) (VP=H (VBP=H ) (ADJP (JJ=H )))) (. ))),4,83820,"0,0778781322"
(ROOT (S=H (NP (NNP=H )) (VP=H (VBD=H ) (SBAR (S=H (NP (NP=H (NNS=H )) (PP (IN=H ) (NP (DT ) (NNP ) (NNP ) (NNP=H )))) (VP=H (VBP=H ) (ADJP (JJ=H )))))) (. ))),4,83824,"0,0778818486"
(ROOT (S=H (NP (NP=H (NP (NNP ) (POS=H )) (JJ ) (NNS ) (NNS=H )) (PP (IN=H ) (NP (NN=H )))) (VP=H (VBP=H ) (ADJP (JJ=H ))) (. ))),4,83828,"0,077885565"
(ROOT (S=H (NP (NNP=H )) (VP=H (VBD=H ) (SBAR (S=H (NP (NP=H (NNS=H )) (PP (IN=H ) (NP (VBG ) (NNS=H )))) (VP=H (VBP=H ) (ADJP (JJ=H )))))) (. ))),4,83832,"0,0778892815"
(ROOT (S=H (NP (NNP ) (DT ) (NNP=H )) (VP=H (VBP=H ) (SBAR (S=H (NP (NNS=H )) (VP=H (VBP=H ) (ADJP (JJ=H )))))) (. ))),4,83836,"0,0778929979"
(ROOT (S=H (NP (NNP=H )) (VP=H (VBD=H ) (SBAR (S=H (NP (NP=H (NNS=H )) (PP (IN=H ) (NP (NNP ) (NN=H )))) (VP=H (VBP=H ) (ADJP (JJ=H )))))) (. ))),4,83840,"0,0778967144"
(ROOT (S=H (ADJP (NNP=H ) (NNP ) (NNP )) (NP (JJ ) (JJ ) (NNS=H )) (VP=H (VBP=H ) (ADJP (JJ=H ))) (. ))),4,83844,"0,0779004308"
(ROOT (FRAG=H (NP (NP=H (NNP ) (NNP=H )) (CC ) (NP (NN=H ))) (: ) (S=H (NP (NNP=H )) (VP=H (VBP=H ) (ADJP (JJ=H )))) (. ))),4,83848,"0,0779041473"
"(ROOT (S=H (NP (NP=H (NNP=H )) (PP (IN=H ) (NP (NP=H (NNPS ) (NNP=H )) (, ) (NP (NNP=H ))))) (VP=H (VBP=H ) (ADJP (JJ=H ))) (. )))",4,83852,"0,0779078637"
(ROOT (S=H (NP (NP (NNP=H )) (PRN (-LRB- ) (NP=H (NNP ) (NNP ) (NNP=H )) (-RRB- )) (NNS=H )) (VP=H (VBP=H ) (ADJP (JJ=H ))) (. ))),4,83856,"0,0779115802"
(ROOT (S=H (NP (NNP ) (NNP ) (NNP ) (NN=H )) (VP=H (VBZ=H ) (SBAR (S=H (NP (JJ ) (NNS=H )) (VP=H (VBP=H ) (ADJP (JJ=H )))))) (. ))),4,83860,"0,0779152966"
(ROOT (NP=H (NP=H (JJ ) (NNS=H )) (: ) (S (NP (NNS=H ) (CC ) (NNS )) (VP=H (VBP=H ) (ADJP (JJ=H )))) (. ))),4,83864,"0,0779190131"
"(ROOT (S=H (S (VP=H (VB=H ) (NP (NNS=H )) (PP (IN=H ) (NP (NNP ) (NNP=H ))))) (, ) (NP (NNP=H )) (VP=H (VBP=H ) (ADJP (JJ=H ))) (. )))",4,83868,"0,0779227295"
(ROOT (S=H (NP (NP (NNP ) (NNP ) (NNP ) (NNP ) (NNP ) (NNS ) (POS=H )) (NN ) (NNS=H )) (VP=H (VBP=H ) (ADJP (JJ=H ))) (. ))),4,83872,"0,077926446"
(ROOT (NP=H (NP=H (NP=H (NNS=H )) (PP (IN=H ) (NP (JJ ) (NN=H )))) (: ) (NP (NP=H (NNP ) (NNP ) (NNP=H )) (SBAR (S=H (NP (NNP ) (NNP=H )) (VP=H (VBP=H ) (ADJP (JJ=H )))))) (. ))),4,83876,"0,0779301624"
(ROOT (S=H (NP (NP=H (JJ ) (JJ ) (NNS ) (NNS=H )) (PP (IN=H ) (NP (NN=H )))) (VP=H (VBP=H ) (ADJP (JJ=H ))) (. ))),4,83880,"0,0779338788"
(ROOT (S=H (NP (NP=H (NNP ) (NN=H )) (PP (IN=H ) (NP (DT ) (NNP ) (NNPS=H )))) (VP=H (VBP=H ) (SBAR (S=H (NP (NNS=H )) (VP=H (VBP=H ) (ADJP (JJ=H )))))) (. ))),4,83884,"0,0779375953"
(ROOT (S=H (NP (NNP ) (NNP ) (NNP ) (JJ ) (NNS ) (NN=H )) (VP=H (VBP=H ) (ADJP (JJ=H ))) (. ))),4,83888,"0,0779413117"
"(ROOT (NP=H (NP=H (NP=H (NNS=H )) (PP (IN=H ) (NP (JJ ) (NN=H )))) (: ) (NP (NP=H (NP (NNP ) (POS=H )) (NNP=H )) (, ) (S (NP (NNP=H )) (VP=H (VBP=H ) (ADJP (JJ=H ))))) (. )))",4,83892,"0,0779450282"
(ROOT (S=H (NP (NP=H (NNP ) (NNP ) (NNP=H )) (VP (VBN=H ) (NP (NNS=H )))) (VP=H (VBP=H ) (ADJP (JJ=H ))) (. ))),4,83896,"0,0779487446"
(ROOT (S=H (NP (NP=H (NNP ) (NNS ) (NN=H )) (PP (IN=H ) (NP (NNP=H )))) (VP=H (VBP=H ) (ADJP (JJ=H ))) (. ))),4,83900,"0,0779524611"
(ROOT (S=H (NP (PRP=H )) (VP=H (VBP=H ) (SBAR (S=H (NP (NNP ) (NNS=H )) (VP=H (VBP=H ) (ADJP (JJ=H )))))) (. ))),4,83904,"0,0779561775"
(ROOT (S=H (NP (NP=H (NN=H )) (VP (VBG=H ) (PP (IN=H ) (NP (DT ) (NNP ) (NNP ) (NNPS=H ))))) (VP=H (VBP=H ) (ADJP (JJ=H ))) (. ))),4,83908,"0,077959894"
"(ROOT (S=H (S (NP (NNS=H )) (VP=H (VBD=H ) (PP (IN=H ) (NP (NNP ) (NNP ) (NNP=H ))))) (, ) (NP (NNP=H )) (VP=H (VBP=H ) (ADJP (JJ=H ))) (. )))",4,83912,"0,0779636104"
(ROOT (S=H (NP (DT ) (NNP ) (NNPS ) (NN=H )) (VP=H (VBZ=H ) (SBAR (S=H (VP=H (VBP=H ) (ADJP (JJ=H )))))) (. ))),4,83916,"0,0779673269"
(ROOT (S=H (NP (NP=H (NNP=H )) (PP (IN=H ) (NP (NP=H (DT ) (NNP ) (NNP=H )) (PP (IN=H ) (NP (NNP ) (NNPS=H )))))) (VP=H (VBP=H ) (ADJP (JJ=H ))) (. ))),4,83920,"0,0779710433"
(ROOT (S=H (NP (NP=H (JJ ) (NN ) (NNS ) (NNS=H )) (VP (VBG=H ) (NP (NN=H )) (PP (TO=H ) (NP (NN=H ) (CC ) (NN ))))) (VP=H (VBP=H ) (ADJP (JJ=H ))) (. ))),4,83924,"0,0779747598"
(ROOT (S=H (NP (NP=H (JJ ) (NN ) (NNS ) (NNS=H )) (VP (VBG=H ) (NP (NN=H )) (PP (TO=H ) (NP (NN=H ))))) (VP=H (VBP=H ) (ADJP (JJ=H ))) (. ))),4,83928,"0,0779784762"
(ROOT (S=H (NP (NNP ) (NN ) (CC ) (JJ ) (NN ) (NNS=H )) (VP=H (VBP=H ) (ADJP (JJ=H ))) (. ))),4,83932,"0,0779821926"
(ROOT (S=H (NP (NNP ) (NN ) (NNS ) (CC ) (NN ) (NNS=H )) (VP=H (VBP=H ) (ADJP (JJ=H ))) (. ))),4,83936,"0,0779859091"
(ROOT (S=H (NP (NP=H (NNP ) (NNP ) (NNP ) (NNP=H )) (PP (IN=H ) (NP (DT ) (NN ) (NN ) (NNS=H )))) (VP=H (VBP=H ) (ADJP (JJ=H ))) (. ))),4,83940,"0,0779896255"
(ROOT (S=H (NP (NP=H (NNP ) (NNP ) (NNP=H )) (PP (IN=H ) (NP (DT ) (NNP ) (NNPS ) (NNP=H )))) (VP=H (VBP=H ) (ADJP (JJ=H ))) (. ))),4,83944,"0,077993342"
(ROOT (S=H (NP (NP=H (JJ ) (NN=H )) (PP (IN=H ) (NP (DT ) (NNPS ) (NNP ) (NN ) (NNS=H )))) (VP=H (VBP=H ) (ADJP (JJ=H ))) (. ))),4,83948,"0,0779970584"
(ROOT (S=H (NP (NNP ) (NN ) (NNP=H )) (VP=H (VBZ=H ) (SBAR (S=H (NP (NNS=H )) (VP=H (VBP=H ) (ADJP (JJ=H )))))) (. ))),4,83952,"0,0780007749"
(ROOT (S=H (NP (NP=H (NNP ) (CD ) (NN=H )) (PP (IN=H ) (NP (NN ) (NNS=H )))) (VP=H (VBP=H ) (ADJP (JJ=H ))) (. ))),4,83956,"0,0780044913"
(ROOT (S=H (NP (NP=H (NNP ) (NNP=H )) (PP (IN=H ) (NP (DT ) (NNPS ) (NNP ) (NN ) (NNS=H )))) (VP=H (VBP=H ) (ADJP (JJ=H ))) (. ))),4,83960,"0,0780082078"
(ROOT (S=H (NP (NP=H (NNP=H )) (PP (IN=H ) (NP (DT ) (NNP ) (CD ) (NNS=H )))) (VP=H (VBP=H ) (ADJP (JJ=H ))) (. ))),4,83964,"0,0780119242"
(ROOT (S=H (NP (NNP=H )) (VP=H (VBD=H ) (SBAR (S=H (NP (NNS ) (NNP ) (NNP ) (NNP ) (NNP=H ) (CD )) (VP=H (VBP=H ) (ADJP (JJ=H )))))) (. ))),4,83968,"0,0780156407"
(ROOT (S=H (NP (NNP=H )) (VP=H (VBD=H ) (NP (NP=H (NNS ) (NNP ) (NNP ) (NNP ) (NNP=H )) (SBAR (S=H (NP (CD ) (JJ ) (NN=H )) (VP=H (VBP=H ) (ADJP (JJ=H ))))))) (. ))),4,83972,"0,0780193571"
(ROOT (S=H (NP (NNP=H )) (VP=H (VBD=H ) (SBAR (S=H (NP (NNS ) (NNP ) (NNP ) (NNP ) (NNP=H )) (VP=H (VBD=H ) (SBAR (S=H (NP (NN=H )) (VP=H (VBP=H ) (ADJP (JJ=H ))))))))) (. ))),4,83976,"0,0780230736"
(ROOT (S=H (NP (NNP=H )) (VP=H (VBD=H ) (SBAR (S=H (NP (NP=H (CD ) (NNP ) (NNP ) (NNS=H )) (ADJP (JJ ) (JJ=H ))) (VP=H (VBP=H ) (ADJP (JJ=H )))))) (. ))),4,83980,"0,07802679"
(ROOT (S=H (NP (NNP=H )) (VP=H (VBD=H ) (SBAR (S=H (NP (NP=H (NNP ) (NNP ) (NNS=H )) (ADJP (JJ ) (JJ=H ))) (VP=H (VBP=H ) (ADJP (JJ=H )))))) (. ))),4,83984,"0,0780305064"
(ROOT (S=H (NP (NP=H (NNP=H )) (PP (IN=H ) (NP (NP=H (DT ) (JJ ) (NNS=H )) (PP (IN=H ) (NP (NNP=H )))))) (VP=H (VBP=H ) (ADJP (JJ=H ))) (. ))),4,83988,"0,0780342229"
(ROOT (S=H (NP (NNP ) (NNPS ) (NNS=H )) (VP=H (VBP=H ) (SBAR (S=H (NP (NNS=H )) (VP=H (VBP=H ) (ADJP (JJ=H )))))) (. ))),4,83992,"0,0780379393"
(ROOT (S=H (NP (NP=H (NNP=H )) (PP (IN=H ) (NP (NP=H (NNP ) (JJ ) (NNS=H )) (PP (IN=H ) (NP (NN=H )))))) (VP=H (VBP=H ) (ADJP (JJ=H ))) (. ))),4,83996,"0,0780416558"
(ROOT (S=H (NP (NP=H (JJ ) (NNS ) (NNS=H )) (PP (IN=H ) (NP (JJ ) (NNS=H )))) (VP=H (VBP=H ) (ADJP (JJ=H ))) (. ))),4,84000,"0,0780453722"
(ROOT (S=H (NP (NP=H (NNP=H )) (PRN (-LRB- ) (NP=H (NNP ) (NNPS=H )) (-RRB- ))) (VP=H (VBP=H ) (ADJP (JJ=H ))) (. ))),4,84004,"0,0780490887"
(ROOT (S=H (S (VP=H (VBG=H ) (PP (IN=H ) (NP (DT ) (NNPS ) (NNP ) (NN ) (NNS=H ))))) (VP=H (VBP=H ) (ADJP (JJ=H ))) (. ))),4,84008,"0,0780528051"
(ROOT (NP=H (NP=H (NNP ) (NNPS=H )) (: ) (S (NP (NNP ) (NNP ) (NNS=H )) (VP=H (VBP=H ) (ADJP (JJ=H )))) (. ))),4,84012,"0,0780565216"
(ROOT (S=H (NP (NP=H (NNP ) (NN=H )) (PP (IN=H ) (NP (NP=H (NNP ) (NNS=H )) (PP (IN=H ) (NP (NN=H )))))) (VP=H (VBP=H ) (ADJP (JJ=H ))) (. ))),4,84016,"0,078060238"
(ROOT (S=H (NP (NNP ) (NNP ) (NNP=H )) (VP=H (VBZ=H ) (SBAR (S=H (NP (NP=H (NNS=H )) (PP (IN=H ) (NP (NN=H )))) (VP=H (VBP=H ) (ADJP (JJ=H )))))) (. ))),4,84020,"0,0780639545"
(ROOT (S=H (NP (NNP=H )) (VP=H (VBD=H ) (SBAR (S=H (NP (NNS=H )) (VP=H (VBZ=H ) (SBAR (S=H (NP (JJ ) (NN=H )) (VP=H (VBP=H ) (ADJP (JJ=H ))))))))) (. ))),4,84024,"0,0780676709"
(ROOT (S=H (NP (NP=H (NNP ) (JJ ) (NNS ) (NNS=H )) (PP (IN=H ) (NP (JJ ) (JJ ) (NN=H )))) (VP=H (VBP=H ) (ADJP (JJ=H ))) (. ))),4,84028,"0,0780713874"
(ROOT (S=H (NP (NP=H (NNP ) (NNPS ) (NNP ) (NNP ) (NNS=H )) (PP (IN=H ) (NP (JJ ) (NN=H )))) (VP=H (VBP=H ) (ADJP (JJ=H ))) (. ))),4,84032,"0,0780751038"
(ROOT (S=H (NP (NNP ) (NN=H )) (VP=H (VBZ=H ) (SBAR (S=H (NP (NN ) (NNS=H )) (VP=H (VBP=H ) (ADJP (JJ=H )))))) (. ))),4,84036,"0,0780788203"
(ROOT (S=H (NP (NNP=H )) (VP=H (VBD=H ) (SBAR (S=H (NP (DT ) (NNP ) (NNS=H )) (VP=H (VBP=H ) (ADJP (JJ=H )))))) (. ))),4,84040,"0,0780825367"
"(ROOT (S=H (NP (NP=H (JJ ) (NN ) (NN=H )) (, ) (NP (JJ ) (NN ) (NN ) (NNS=H ))) (VP=H (VBP=H ) (ADJP (JJ=H ))) (. )))",4,84044,"0,0780862531"
(ROOT (S=H (NP (NNP=H )) (VP=H (VBD=H ) (NP (NP=H (NNS=H )) (SBAR (S=H (NP (NP=H (CD ) (NN=H ) (PRN (-LRB- ) (NP=H (NN=H ) (CD )) (-RRB- ))) (ADJP (JJ ) (JJ=H ))) (VP=H (VBP=H ) (ADJP (JJ=H ))))))) (. ))),4,84048,"0,0780899696"
(ROOT (S=H (NP (NNP ) (NNP ) (NNP=H )) (VP=H (VBP=H ) (SBAR (S=H (NP (VBN ) (NNS=H )) (VP=H (VBP=H ) (ADJP (JJ=H )))))) (. ))),4,84052,"0,078093686"
(ROOT (S=H (NP (NNP=H )) (VP=H (VBD=H ) (SBAR (S=H (NP (NP=H (NNS=H )) (NP (NNP ) (NN ) (JJ ) (NN=H ))) (VP=H (VBP=H ) (ADJP (JJ=H )))))) (. ))),4,84056,"0,0780974025"
(ROOT (S=H (NP (NNP ) (NNP=H )) (VP=H (VBZ=H ) (SBAR (S=H (NP (NN ) (CC ) (NN ) (NNS=H )) (VP=H (VBP=H ) (ADJP (JJ=H )))))) (. ))),4,84060,"0,0781011189"
(ROOT (S=H (NP (NP (NNP ) (NNP ) (POS=H )) (JJ ) (NNS ) (NN=H )) (VP=H (VBP=H ) (ADJP (JJ=H ))) (. ))),4,84064,"0,0781048354"
(ROOT (S=H (NP (NP=H (NNP ) (NNPS ) (JJ ) (NNS=H )) (PP (IN=H ) (NP (NNP=H ) (CC ) (NNP )))) (VP=H (VBP=H ) (ADJP (JJ=H ))) (. ))),4,84068,"0,0781085518"
(ROOT (S=H (NP (NP (NNP ) (NNP ) (PRN (-LRB- ) (NP=H (NNP=H )) (-RRB- )) (NNP=H )) (NNS=H )) (VP=H (VBP=H ) (ADJP (JJ=H ))) (. ))),4,84072,"0,0781122683"
(ROOT (S=H (NP (PRP=H )) (VP=H (VBP=H ) (NP (NP=H (DT ) (NNP ) (NNS=H )) (SBAR (S=H (VP=H (VBP=H ) (ADJP (JJ=H ))))))) (. ))),4,84076,"0,0781159847"
(ROOT (S=H (NP (NNP=H )) (PP (IN=H ) (NP (NN ) (NNS=H ))) (VP=H (VBP=H ) (ADJP (JJ=H ))) (. ))),4,84080,"0,0781197012"
(ROOT (S=H (NP (NP=H (NNP ) (NNPS ) (NNP ) (NN ) (NNS=H )) (PP (IN=H ) (NP (NN=H )))) (VP=H (VBP=H ) (ADJP (JJ=H ))) (. ))),4,84084,"0,0781234176"
(ROOT (S=H (NP (JJ ) (PRN (-LRB- ) (NP=H (NNS=H )) (-RRB- )) (NNS=H )) (VP=H (VBP=H ) (ADJP (JJ=H ))) (. ))),4,84088,"0,0781271341"
(ROOT (S=H (NP (NP (CD ) (NNS ) (POS=H )) (NNP ) (NNP ) (NNP=H )) (VP=H (VBP=H ) (ADJP (JJ=H ))) (. ))),4,84092,"0,0781308505"
(ROOT (S=H (NP (NNP ) (NNP ) (NNPS ) (NNP=H )) (VP=H (VBZ=H ) (SBAR (IN=H ) (S (NP (NNP=H )) (VP=H (VBP=H ) (ADJP (JJ=H )))))) (. ))),4,84096,"0,0781345669"
(ROOT (S=H (NP (NNP=H )) (VP=H (VBD=H ) (SBAR (S=H (NP (NNP ) (NNPS ) (NNS=H )) (VP=H (VBP=H ) (ADJP (JJ=H )))))) (. ))),4,84100,"0,0781382834"
"(ROOT (S=H (NP (NP=H (NNP ) (NNP=H )) (, ) (NP (NP=H (NNP=H )) (NP (JJ ) (NNS=H )))) (VP=H (VBP=H ) (ADJP (JJ=H ))) (. )))",4,84104,"0,0781419998"
(ROOT (S=H (S (VP=H (VBG=H ) (NP (NNS ) (NNS=H )) (PP (IN=H ) (NP (NN=H ))))) (VP=H (VBP=H ) (ADJP (JJ=H ))) (. ))),4,84108,"0,0781457163"
(ROOT (S=H (NP (NP=H (NNP ) (NNP=H )) (PP (IN=H ) (NP (DT ) (JJ ) (NNP ) (NNS=H )))) (VP=H (VBP=H ) (ADJP (JJ=H ))) (. ))),4,84112,"0,0781494327"
(ROOT (S=H (NP (NP=H (NN ) (NN=H )) (PP (IN=H ) (NP (NNP ) (NNP ) (NNP ) (NNPS=H )))) (VP=H (VBP=H ) (ADJP (JJ=H ))) (. ))),4,84116,"0,0781531492"
"(ROOT (S=H (S (NP (NNP=H )) (VP=H (VBD=H ) (NP (NNS=H )) (PP (IN=H ) (NP (NP (NNP ) (NNP ) (POS=H )) (NNP=H ))))) (, ) (NP (NNP=H )) (VP=H (VBP=H ) (ADJP (JJ=H ))) (. )))",4,84120,"0,0781568656"
(ROOT (S=H (NP (NNP=H )) (VP=H (VBD=H ) (SBAR (S=H (NP (NP=H (NNS=H )) (PP (IN=H ) (NP (NP=H (NNS=H )) (PP (IN=H ) (NP (NN=H )))))) (VP=H (VBP=H ) (ADJP (JJ=H )))))) (. ))),4,84124,"0,0781605821"
(ROOT (S=H (NP (NP=H (NNP=H )) (PP (IN=H ) (NP (JJ ) (NNS ) (NN=H )))) (VP=H (VBP=H ) (ADJP (JJ=H ))) (. ))),4,84128,"0,0781642985"
(ROOT (S=H (NP (NP (NNP ) (NNP ) (NNPS ) (NNP ) (POS=H )) (NN=H )) (VP=H (VBP=H ) (ADJP (JJ=H ))) (. ))),4,84132,"0,078168015"
(ROOT (S=H (NP (NP (NNP ) (NNP ) (NNPS=H )) (PRN (-LRB- ) (NP=H (JJ ) (NN=H )) (-RRB- )) (NNS=H )) (VP=H (VBP=H ) (ADJP (JJ=H ))) (. ))),4,84136,"0,0781717314"
(ROOT (S=H (NP (NP=H (NNP ) (NNP ) (NNP=H )) (PP (IN=H ) (NP (JJS ) (NNP ) (NNP ) (NNP ) (NNS=H )))) (VP=H (VBP=H ) (ADJP (JJ=H ))) (. ))),4,84140,"0,0781754479"
"(ROOT (S=H (NP (NP=H (NNP ) (NNP ) (NNP=H )) (, ) (NP (NNP ) (NNP ) (NN ) (NNS=H ))) (VP=H (VBP=H ) (ADJP (JJ=H ))) (. )))",4,84144,"0,0781791643"
(ROOT (NP=H (NP=H (NNPS=H )) (: ) (S (NP (NNP=H )) (VP=H (VBP=H ) (ADJP (JJ=H )))) (. ))),4,84148,"0,0781828807"
(ROOT (S=H (NP (NP=H (NNP=H )) (PP (IN=H ) (NP (NP=H (DT ) (NNP ) (NNP ) (NNPS=H )) (PP (IN=H ) (NP (NN=H )))))) (VP=H (VBP=H ) (ADJP (JJ=H ))) (. ))),4,84152,"0,0781865972"
(ROOT (S=H (NP (NP=H (NNP ) (NNP=H )) (PP (IN=H ) (NP (DT ) (CD ) (NNP ) (NNPS=H )))) (VP=H (VBP=H ) (ADJP (JJ=H ))) (. ))),4,84156,"0,0781903136"
(ROOT (S=H (NP (NP=H (NNP ) (NNP=H )) (PP (IN=H ) (NP (NP=H (JJ ) (NNS ) (NNS=H )) (SBAR (WHNP=H (WP=H )) (S (VP=H (VBD=H ) (NP (NNS=H )))))))) (VP=H (VBP=H ) (ADJP (JJ=H ))) (. ))),4,84160,"0,0781940301"
(ROOT (S=H (NP (NNP=H )) (ADVP (NNS=H ) (PP (IN=H ) (NP (NN=H ))) (PP (IN=H ) (NP (NN=H )))) (VP=H (VBP=H ) (ADJP (JJ=H ))) (. ))),4,84164,"0,0781977465"
(ROOT (S=H (NP (NP (NNP ) (NNPS=H )) (PRN (-LRB- ) (NP=H (NNP=H ) (CD )) (-RRB- )) (NNS=H )) (VP=H (VBP=H ) (ADJP (JJ=H ))) (. ))),4,84168,"0,078201463"
"(ROOT (S=H (S (NP (JJ ) (NN ) (NNS=H )) (VP=H (VBN=H ) (PP (IN=H ) (NP (NNP=H ))))) (, ) (NP (NNP=H )) (VP=H (VBP=H ) (ADJP (JJ=H ))) (. )))",4,84172,"0,0782051794"
(ROOT (S=H (NP (NP=H (NNP=H )) (PP (IN=H ) (NP (NNP ) (NNP ) (NNS=H ) (CC ) (NNS )))) (VP=H (VBP=H ) (ADJP (JJ=H ))) (. ))),4,84176,"0,0782088959"
(ROOT (S=H (NP (NNPS ) (NNPS ) (NNP=H )) (VP=H (VBP=H ) (ADJP (JJ=H ))) (. ))),4,84180,"0,0782126123"
"(ROOT (S=H (S (VP=H (VBN=H ) (NP (NN=H )))) (, ) (NP (NNP=H )) (VP=H (VBP=H ) (ADJP (JJ=H ))) (. )))",4,84184,"0,0782163288"
(ROOT (S=H (NP (JJ ) (PRN (: ) (NP=H (NNP ) (NNP=H ))) (JJ ) (NNS=H )) (VP=H (VBP=H ) (ADJP (JJ=H ))) (. ))),4,84188,"0,0782200452"
(ROOT (S=H (NP (NP=H (NNP=H )) (PP (TO=H ) (NP (DT ) (NNPS=H )))) (VP=H (VBP=H ) (ADJP (JJ=H ))) (. ))),4,84192,"0,0782237617"
"(ROOT (S=H (NP (NP=H (NNS ) (, ) (NNS=H ) (CC ) (NNS )) (PP (IN=H ) (NP (NNP=H )))) (VP=H (VBP=H ) (ADJP (JJ=H ))) (. )))",4,84196,"0,0782274781"
(ROOT (S=H (NP (NNP ) (NNPS ) (NNP=H )) (VP=H (VBP=H ) (SBAR (S=H (NP (NNS=H )) (VP=H (VBP=H ) (ADJP (JJ=H )))))) (. ))),4,84200,"0,0782311945"
(ROOT (S=H (NP (NP=H (NNP ) (NNPS ) (NNP ) (NNS=H )) (VP (VBN=H ) (PP (IN=H ) (NP (NP=H (NNS=H )) (PP (IN=H ) (NP (NNP=H ))))))) (VP=H (VBP=H ) (ADJP (JJ=H ))) (. ))),4,84204,"0,078234911"
(ROOT (S=H (NP (NP=H (NNP ) (NNPS ) (NNP ) (NNP=H )) (NP (CD ) (NN ) (NN=H ))) (VP=H (VBP=H ) (ADJP (JJ=H ))) (. ))),4,84208,"0,0782386274"
(ROOT (S=H (NP (NP=H (NNP ) (NNP=H )) (PRN (-LRB- ) (NP=H (NP (NNS ) (POS=H )) (NN=H )) (-RRB- ))) (VP=H (VBP=H ) (ADJP (JJ=H ))) (. ))),4,84212,"0,0782423439"
(ROOT (S=H (NP (NP=H (NNP=H )) (PP (IN=H ) (NP (NNP ) (NNP ) (NNP ) (NNPS=H )))) (VP=H (VBP=H ) (ADJP (JJ=H ))) (. ))),4,84216,"0,0782460603"
(ROOT (S=H (NP (NP=H (NNP=H )) (CC ) (NP (NP=H (JJ ) (NNS=H )) (PP (IN=H ) (NP (NNP=H ) (CC ) (NNP ))))) (VP=H (VBP=H ) (ADJP (JJ=H ))) (. ))),4,84220,"0,0782497768"
(ROOT (S=H (NP (NP=H (NNP ) (NN=H )) (PP (IN=H ) (NP (DT ) (NNP ) (NNPS ) (NNS=H )))) (VP=H (VBP=H ) (ADJP (JJ=H ))) (. ))),4,84224,"0,0782534932"
(ROOT (S=H (NP (NP=H (NNP ) (NN=H )) (PP (IN=H ) (NP (NP=H (NN=H )) (PP (IN=H ) (NP (DT ) (NNP ) (NNPS=H )))))) (VP=H (VBP=H ) (ADJP (JJ=H ))) (. ))),4,84228,"0,0782572097"
(ROOT (S=H (NP (NP=H (NNP ) (NNPS ) (NNP ) (NNPS ) (NNP=H )) (NP (JJ ) (NNS=H ))) (VP=H (VBP=H ) (ADJP (JJ=H ))) (. ))),4,84232,"0,0782609261"
(ROOT (S=H (NP (NP (NNP ) (CC ) (NNP ) (NNP ) (NNS ) (POS=H )) (NN=H )) (VP=H (VBP=H ) (ADJP (JJ=H ))) (. ))),4,84236,"0,0782646426"
(ROOT (NP=H (NP=H (NN=H )) (: ) (S (NP (NNP ) (NN=H )) (VP=H (VBP=H ) (ADJP (JJ=H )))) (. ))),4,84240,"0,078268359"
(ROOT (S=H (NP (JJ ) (PRN (-LRB- ) (NP=H (NP=H (CD=H )) (: ) (NP (CD=H ))) (-RRB- )) (NNS=H )) (VP=H (VBP=H ) (ADJP (JJ=H ))) (. ))),4,84244,"0,0782720755"
(ROOT (S=H (NP (NP=H (NNP ) (NNP=H )) (SBAR (S=H (NP (PRP=H )) (VP=H (VBZ=H ) (S (VP=H (VBG=H ) (NP (NP=H (NNS=H )) (PP (IN=H ) (NP (NNP=H )))))))))) (VP=H (VBP=H ) (ADJP (JJ=H ))) (. ))),4,84248,"0,0782757919"
(ROOT (S=H (NP (NP=H (NNP ) (JJ ) (NNS ) (NNS=H )) (PP (IN=H ) (NP (DT ) (NNP ) (NNP ) (JJ ) (NN=H )))) (VP=H (VBP=H ) (ADJP (JJ=H ))) (. ))),4,84252,"0,0782795084"
(ROOT (S=H (NP (NNP ) (NNP=H )) (VP=H (VBZ=H ) (NP (NP=H (PRN (-LRB- ) (NP=H (NNP=H )) (-RRB- )) (NNS=H )) (SBAR (S=H (VP=H (VBP=H ) (ADJP (JJ=H ))))))) (. ))),4,84256,"0,0782832248"
(ROOT (S=H (NP (NNP ) (NNP ) (NNP ) (NNPS ) (CC ) (NNP ) (NNP=H )) (VP=H (VBP=H ) (ADJP (JJ=H ))) (. ))),4,84260,"0,0782869412"
(ROOT (S=H (NP (NP=H (NN=H )) (PP (IN=H ) (NP (NP=H (NN ) (NNS=H )) (PP (IN=H ) (NP (NNP=H )))))) (VP=H (VBP=H ) (ADJP (JJ=H ))) (. ))),4,84264,"0,0782906577"
(ROOT (S=H (NP (NP=H (NNP ) (NN=H )) (PRN (-LRB- ) (NP=H (NNS=H )) (-RRB- ))) (VP=H (VBP=H ) (ADJP (JJ=H ))) (. ))),4,84268,"0,0782943741"
(ROOT (S=H (NP (NNP ) (NNP ) (NNP ) (NNP ) (NNPS ) (NN=H )) (VP=H (VBP=H ) (ADJP (JJ=H ))) (. ))),4,84272,"0,0782980906"
(ROOT (S=H (NP (NP=H (NNP ) (NNP=H )) (PRN (-LRB- ) (NP=H (NN ) (NN=H )) (-RRB- ))) (VP=H (VBP=H ) (SBAR (S=H (NP (NNS=H )) (VP=H (VBP=H ) (ADJP (JJ=H )))))) (. ))),4,84276,"0,078301807"
(ROOT (S=H (NP (NP=H (NNP ) (NNP=H )) (CC ) (NP (NNP ) (NNPS ) (NNP=H ))) (VP=H (VBP=H ) (ADJP (JJ=H ))) (. ))),4,84280,"0,0783055235"
(ROOT (S=H (NP (DT ) (NNPS ) (NNP=H )) (VP=H (VBP=H ) (ADJP (JJ=H ))) (. ))),4,84284,"0,0783092399"
(ROOT (S=H (NP (NP=H (NNP=H )) (PP (TO=H ) (NP (JJ ) (NNS=H )))) (VP=H (VBP=H ) (ADJP (JJ=H ))) (. ))),4,84288,"0,0783129564"
(ROOT (NP=H (NP=H (NNS=H ) (CC ) (NNS )) (: ) (S (NP (NNP=H )) (VP=H (VBP=H ) (ADJP (JJ=H )))) (. ))),4,84292,"0,0783166728"
(ROOT (FRAG=H (NP (NNP ) (NNP ) (NNP ) (NNP ) (NNP=H )) (: ) (S=H (NP (NNP=H )) (VP=H (VBP=H ) (ADJP (JJ=H )))) (. ))),4,84296,"0,0783203893"
(ROOT (NP=H (NP=H (NNP=H )) (: ) (S (NP (CD ) (JJ ) (NN ) (NN ) (NNS=H )) (VP=H (VBP=H ) (ADJP (JJ=H )))) (. ))),4,84300,"0,0783241057"
(ROOT (S=H (NP (NP=H (NNP ) (NN ) (NN=H )) (CC ) (NP (NN ) (NNS=H ))) (VP=H (VBP=H ) (ADJP (JJ=H ))) (. ))),4,84304,"0,0783278222"
(ROOT (NP=H (NP=H (NNP ) (NNP ) (NNP ) (NNP=H )) (: ) (S (NP (NP (NNP ) (POS=H )) (NN ) (NN=H )) (VP=H (VBP=H ) (ADJP (JJ=H )))) (. ))),4,84308,"0,0783315386"
(ROOT (NP=H (NP=H (NNP ) (NNP ) (NNP ) (NNP ) (NNP=H )) (: ) (S (NP (NP (NNP ) (POS=H )) (JJ ) (NN=H )) (VP=H (VBP=H ) (ADJP (JJ=H )))) (. ))),4,84312,"0,078335255"
"(ROOT (S=H (NP (NP=H (NNP=H )) (PP (IN=H ) (NP (NP=H (JJ ) (NN=H )) (PP (IN=H ) (NP (NP=H (DT ) (NNP ) (NNP=H )) (PP (IN=H ) (NP (NP=H (NNP ) (NNPS=H )) (PP (IN=H ) (NP (NNP ) (, ) (NNP=H )))))))))) (VP=H (VBP=H ) (ADJP (JJ=H ))) (. )))",4,84316,"0,0783389715"
(ROOT (S=H (NP (NP=H (NNP ) (NNP ) (NNS ) (NNS=H )) (PP (IN=H ) (NP (NN=H )))) (VP=H (VBP=H ) (ADJP (JJ=H ))) (. ))),4,84320,"0,0783426879"
(ROOT (S=H (NP (NP=H (NP=H (NNP ) (NNP=H )) (PP (IN=H ) (NP (NNP=H )))) (PRN (-LRB- ) (NP=H (NNS=H )) (-RRB- ))) (VP=H (VBP=H ) (ADJP (JJ=H ))) (. ))),4,84324,"0,0783464044"
(ROOT (S=H (NP (NP=H (NNP ) (NN=H )) (PP (IN=H ) (NP (NNP ) (NNP ) (NNS=H )))) (VP=H (VBP=H ) (ADJP (JJ=H ))) (. ))),4,84328,"0,0783501208"
(ROOT (S=H (NP (NP=H (NNP=H )) (VP (VBG=H ) (NP (NP=H (NNS=H )) (PP (IN=H ) (NP (DT ) (NNPS=H )))))) (VP=H (VBP=H ) (ADJP (JJ=H ))) (. ))),4,84332,"0,0783538373"
(ROOT (S=H (NP (NP=H (NNP=H )) (PP (IN=H ) (NP (NP=H (DT ) (NNP ) (NNPS=H )) (PP (IN=H ) (NP (NN ) (NN=H )))))) (VP=H (VBP=H ) (ADJP (JJ=H ))) (. ))),4,84336,"0,0783575537"
(ROOT (NP=H (NP=H (NN=H )) (: ) (S (NP (NNP ) (NNP ) (NNS=H )) (VP=H (VBP=H ) (ADJP (JJ=H )))) (. ))),4,84340,"0,0783612702"
(ROOT (S=H (NP (NP (DT ) (NNP ) (NNP ) (NNS ) (POS=H )) (NN ) (NNS=H )) (VP=H (VBP=H ) (ADJP (JJ=H ))) (. ))),4,84344,"0,0783649866"
(ROOT (S=H (NP (NNP=H )) (VP=H (VBD=H ) (SBAR (S=H (NP (NNS=H )) (VP=H (VBD=H ) (SBAR (S=H (NP (NN ) (NNS=H )) (VP=H (VBP=H ) (ADJP (JJ=H ))))))))) (. ))),4,84348,"0,0783687031"
"(ROOT (S=H (S (NP (NNP ) (NNP ) (NNP=H )) (VP=H (VBZ=H ) (PP (IN=H ) (NP (NNP ) (NNP=H ))))) (, ) (NP (NNP=H )) (VP=H (VBP=H ) (ADJP (JJ=H ))) (. )))",4,84352,"0,0783724195"
(ROOT (S=H (NP (NP=H (NNP=H )) (PP (IN=H ) (NP (NP=H (NNP=H )) (VP (VBN=H ) (NP (JJ ) (NNS=H )))))) (VP=H (VBP=H ) (ADJP (JJ=H ))) (. ))),4,84356,"0,078376136"
(ROOT (NP=H (NP=H (NNP ) (NNP ) (NNP=H )) (: ) (S (NP (NNS=H )) (VP=H (VBP=H ) (ADJP (JJ=H )))) (. ))),4,84360,"0,0783798524"
(ROOT (S=H (NP (NP=H (NNP ) (JJ ) (NNS ) (NNS=H )) (ADJP (JJ ) (JJ=H ))) (VP=H (VBP=H ) (ADJP (JJ=H ))) (. ))),4,84364,"0,0783835688"
(ROOT (S=H (NP (NP=H (PRP$ ) (NN=H )) (PP (IN=H ) (NP (DT ) (NNP ) (NNP ) (NNS=H )))) (VP=H (VBP=H ) (ADJP (JJ=H ))) (. ))),4,84368,"0,0783872853"
(ROOT (S=H (NP (NP=H (NP (NNP ) (NNS ) (POS=H )) (NN=H )) (PP (IN=H ) (NP (NP=H (NN=H )) (PP (IN=H ) (NP (DT ) (NNP ) (NNPS=H )))))) (VP=H (VBP=H ) (ADJP (JJ=H ))) (. ))),4,84372,"0,0783910017"
(ROOT (S=H (NP (NNP=H )) (VP=H (VBZ=H ) (SBAR (S=H (NP (NP=H (NNS=H )) (PP (IN=H ) (NP (NP=H (DT ) (NNP ) (NNPS=H )) (PP (IN=H ) (NP (NN=H )))))) (VP=H (VBP=H ) (ADJP (JJ=H )))))) (. ))),4,84376,"0,0783947182"
(ROOT (NP=H (NP=H (NP=H (NNP ) (NNP=H )) (PP (IN=H ) (NP (NNP=H )))) (: ) (S (NP (NNP=H )) (VP=H (VBP=H ) (ADJP (JJ=H )))) (. ))),4,84380,"0,0783984346"
(ROOT (S=H (NP (NP=H (NNP ) (NNP ) (NNP=H )) (PP (IN=H ) (NP (DT ) (NN ) (NNS=H )))) (VP=H (VBP=H ) (ADJP (JJ=H ))) (. ))),4,84384,"0,0784021511"
(ROOT (S=H (NP (NP=H (NNP ) (NNP ) (NNP ) (NNP=H )) (CC ) (NP (NN ) (NNS=H ))) (VP=H (VBP=H ) (ADJP (JJ=H ))) (. ))),4,84388,"0,0784058675"
(ROOT (NP=H (NP=H (NNP ) (NNP ) (NNP ) (NNP=H )) (: ) (S (NP (NNP ) (NNP ) (NNS=H )) (VP=H (VBP=H ) (ADJP (JJ=H )))) (. ))),4,84392,"0,078409584"
(ROOT (S=H (NP (NNP=H )) (VP=H (VBP=H ) (SBAR (S=H (NP (NNP ) (NNP ) (NNS=H )) (VP=H (VBP=H ) (ADJP (JJ=H )))))) (. ))),4,84396,"0,0784133004"
(ROOT (S=H (NP (NP (NNP ) (NNP ) (NNPS ) (POS=H )) (NNP ) (PRN (-LRB- ) (NP=H (NNP=H )) (-RRB- )) (NNP=H )) (VP=H (VBP=H ) (ADJP (JJ=H ))) (. ))),4,84400,"0,0784170169"
(ROOT (S=H (NP (NNP ) (NNP=H )) (VP=H (VBP=H ) (SBAR (S=H (NP (NN ) (NN ) (NNS=H )) (VP=H (VBP=H ) (ADJP (JJ=H )))))) (. ))),4,84404,"0,0784207333"
(ROOT (S=H (NP (CD ) (JJ ) (NNP ) (CC ) (NNP ) (NNPS ) (NNS=H )) (VP=H (VBP=H ) (ADJP (JJ=H ))) (. ))),4,84408,"0,0784244498"
(ROOT (S=H (NP (NP=H (NN ) (NN=H )) (VP (VBG=H ) (PP (ADVP (IN=H ) (JJS )) (IN=H ) (NP (NP=H (CD ) (NN=H )) (PP (IN=H ) (NP (JJ ) (NNS=H ))))))) (VP=H (VBP=H ) (ADJP (JJ=H ))) (. ))),4,84412,"0,0784281662"
(ROOT (S=H (NP (NP=H (NNP=H )) (PP (IN=H ) (NP (DT ) (NNP ) (NNP ) (PRN (-LRB- ) (NP=H (NNP=H )) (-RRB- )) (NNS=H )))) (VP=H (VBP=H ) (ADJP (JJ=H ))) (. ))),4,84416,"0,0784318826"
(ROOT (NP=H (NP=H (NNP=H )) (: ) (S (NP (NP (NNP ) (NNP ) (NNP ) (NNS ) (POS=H )) (NN ) (NN ) (NNS=H )) (VP=H (VBP=H ) (ADJP (JJ=H )))) (. ))),4,84420,"0,0784355991"
(ROOT (S=H (NP (NP=H (NN=H )) (PP (IN=H ) (NP (DT ) (CD ) (NNP ) (NNP ) (NNS=H )))) (VP=H (VBP=H ) (ADJP (JJ=H ))) (. ))),4,84424,"0,0784393155"
(ROOT (S=H (NP (NP=H (NNP ) (NNP=H )) (PP (IN=H ) (NP (JJ ) (PRN (-LRB- ) (NP=H (JJ=H )) (-RRB- )) (NNS=H )))) (VP=H (VBP=H ) (ADJP (JJ=H ))) (. ))),4,84428,"0,078443032"
(ROOT (S=H (NP (NP=H (JJ ) (ADJP (JJ=H ) (PRT (RP=H ))) (NN=H )) (PRN (-LRB- ) (VP=H (VBN=H ) (S (VP=H (VBG=H ) (NP (JJ ) (NNS=H ))))) (-RRB- ))) (VP=H (VBP=H ) (SBAR (S=H (VP=H (VBP=H ) (ADJP (JJ=H )))))) (. ))),4,84432,"0,0784467484"
(ROOT (S=H (NP (NP (NNP ) (POS=H )) (NNP ) (NNP ) (PRN (-LRB- ) (NP=H (NNP=H )) (-RRB- )) (NNP=H )) (VP=H (VBP=H ) (ADJP (JJ=H ))) (. ))),4,84436,"0,0784504649"
"(ROOT (S=H (NP (NP (NNP ) (NNP=H )) (PRN (-LRB- ) (NP=H (NP=H (NNP=H )) (, ) (NP (CD ) (: ) (CD=H ))) (-RRB- )) (NNS=H )) (VP=H (VBP=H ) (ADJP (JJ=H ))) (. )))",4,84440,"0,0784541813"
(ROOT (NP=H (NP=H (CD=H )) (: ) (NP (NP=H (CD ) (NNS=H )) (SBAR (S=H (NP (NP (NNS ) (POS=H )) (NN ) (NN=H )) (VP=H (VBP=H ) (ADJP (JJ=H )))))) (. ))),4,84444,"0,0784578978"
(ROOT (NP=H (NP=H (CD=H )) (: ) (S (NP (CD ) (NNP ) (NNP ) (JJ ) (NN ) (NNS=H )) (VP=H (VBP=H ) (ADJP (JJ=H )))) (. ))),4,84448,"0,0784616142"
(ROOT (S=H (NP (NP=H (NNP ) (CC ) (NNP ) (NNP=H )) (PP (IN=H ) (NP (NNP ) (NNP ) (NNS=H )))) (VP=H (VBP=H ) (ADJP (JJ=H ))) (. ))),4,84452,"0,0784653307"
(ROOT (S=H (NP (NP=H (NNP ) (NNP ) (NNP ) (NNP=H )) (PRN (-LRB- ) (NP=H (NP (NNS ) (POS=H )) (NN=H )) (-RRB- ))) (VP=H (VBP=H ) (ADJP (JJ=H ))) (. ))),4,84456,"0,0784690471"
(ROOT (NP=H (NP=H (NNP=H )) (: ) (S (NP (NP=H (JJ ) (NN ) (NNS=H )) (PP (IN=H ) (NP (NNP=H )))) (VP=H (VBP=H ) (ADJP (JJ=H )))) (. ))),4,84460,"0,0784727636"
(ROOT (S=H (NP (NP (ADJP (NNP ) (JJ=H )) (NNS ) (POS=H )) (NNS=H )) (VP=H (VBP=H ) (ADJP (JJ=H ))) (. ))),4,84464,"0,07847648"
"(ROOT (S=H (PP (ADVP (RB=H )) (IN=H ) (NP (NP (NNP ) (NNP ) (POS=H )) (NNP=H ))) (, ) (NP (NNP=H )) (VP=H (VBP=H ) (ADJP (JJ=H ))) (. )))",4,84468,"0,0784801965"
(ROOT (S=H (NP (NP=H (NNPS ) (NNP ) (NN ) (NN ) (NNS=H )) (PP (IN=H ) (NP (NN=H )))) (VP=H (VBP=H ) (ADJP (JJ=H ))) (. ))),4,84472,"0,0784839129"
(ROOT (S=H (NP (NP=H (NNP ) (NNP ) (NNP=H )) (PP (IN=H ) (NP (NP=H (NNP ) (NNS=H )) (PP (IN=H ) (NP (NP=H (DT ) (JJ ) (NN=H )) (PP (IN=H ) (NP (NNPS=H )))))))) (VP=H (VBP=H ) (ADJP (JJ=H ))) (. ))),4,84476,"0,0784876293"
(ROOT (S=H (NP (NP=H (NNP ) (NNP=H )) (PP (IN=H ) (NP (NP=H (NP=H (NNP=H )) (PRN (-LRB- ) (NP=H (NP=H (JJ=H )) (: ) (NP (NNP=H ))) (-RRB- ))) (NP (NP=H (NNS=H )) (PP (IN=H ) (NP (DT ) (ADJP (NP (CD=H )) (JJ=H )) (JJ ) (NN=H ))))))) (VP=H (VBP=H ) (ADJP (JJ=H ))) (. ))),4,84480,"0,0784913458"
(ROOT (S=H (NP (NNP ) (NNPS ) (NNPS ) (NN=H )) (VP=H (VBP=H ) (ADJP (JJ=H ))) (. ))),4,84484,"0,0784950622"
(ROOT (S=H (NP (NNP=H )) (VP=H (VBP=H ) (SBAR (S=H (NP (JJ ) (NN ) (NN ) (NNS=H )) (VP=H (VBP=H ) (ADJP (JJ=H )))))) (. ))),4,84488,"0,0784987787"
(ROOT (S=H (NP (NNP ) (NNP ) (NNP ) (NNP ) (NN=H )) (VP=H (VBZ=H ) (SBAR (S=H (NP (JJ ) (NNS=H )) (VP=H (VBP=H ) (ADJP (JJ=H )))))) (. ))),4,84492,"0,0785024951"
(ROOT (S=H (NP (NP=H (NN=H )) (PP (IN=H ) (NP (NP=H (DT ) (NNPS=H )) (PP (IN=H ) (NP (NNP ) (NNP=H )))))) (VP=H (VBP=H ) (ADJP (JJ=H ))) (. ))),4,84496,"0,0785062116"
(ROOT (S=H (NP (NP=H (NNP ) (NNP ) (NNP ) (NNP ) (NNP=H )) (PP (IN=H ) (NP (NNP ) (NNS=H )))) (VP=H (VBP=H ) (ADJP (JJ=H ))) (. ))),4,84500,"0,078509928"
(ROOT (S=H (NP (NNP=H )) (VP=H (VBP=H ) (SBAR (S=H (NP (NNP ) (NNP ) (NNP ) (NN ) (NNS=H )) (VP=H (VBP=H ) (ADJP (JJ=H )))))) (. ))),4,84504,"0,0785136445"
"(ROOT (S=H (PP (ADVP (RB=H )) (IN=H ) (NP (NNP=H ))) (, ) (NP (NP=H (NNP=H )) (PP (IN=H ) (NP (NNP ) (NNS=H )))) (VP=H (VBP=H ) (ADJP (JJ=H ))) (. )))",4,84508,"0,0785173609"
(ROOT (NP=H (NP=H (CD=H )) (: ) (S (NP (CD ) (NNP ) (NNS=H )) (VP=H (VBP=H ) (ADJP (JJ=H )))) (. ))),4,84512,"0,0785210774"
(ROOT (S=H (NP (NP=H (NNP=H )) (PRN (-LRB- ) (NN=H ) (-RRB- ))) (VP=H (VBP=H ) (SBAR (S=H (NP (NNS=H )) (VP=H (VBP=H ) (ADJP (JJ=H )))))) (. ))),4,84516,"0,0785247938"
(ROOT (S=H (S=H (NP (NP=H (JJ ) (JJ ) (NN=H )) (PP (IN=H ) (NP (DT ) (NNP ) (NNP ) (NNP ) (NNP ) (FW ) (NNP ) (NNP=H )))) (VP=H (VBD=H ))) (: ) (S (NP (JJ ) (NNS=H )) (VP=H (VBP=H ) (ADJP (JJ=H )))) (. ))),4,84520,"0,0785285103"
(ROOT (S=H (NP (NP=H (JJ ) (JJ ) (NN=H )) (PP (IN=H ) (NP (NP=H (DT ) (NNP ) (NNP=H )) (PP (IN=H ) (NP (NNP ) (NNPS=H )))))) (VP=H (VBP=H ) (ADJP (JJ=H ))) (. ))),4,84524,"0,0785322267"
(ROOT (S=H (NP (NP=H (NNS ) (NN=H )) (PP (IN=H ) (NP (NNP=H )))) (VP=H (VBP=H ) (ADJP (JJ=H ))) (. ))),4,84528,"0,0785359431"
(ROOT (S=H (NP (NP=H (NN=H ) (CC ) (NN )) (PP (IN=H ) (NP (NNP ) (NN ) (NN ) (NNS=H )))) (VP=H (VBP=H ) (ADJP (JJ=H ))) (. ))),4,84532,"0,0785396596"
(ROOT (S=H (NP (NP=H (NNP=H )) (VP (ADVP (RB=H )) (VBN=H ) (PP (IN=H ) (NP (NN ) (NN ) (NNS=H ))))) (VP=H (VBP=H ) (ADJP (JJ=H ))) (. ))),4,84536,"0,078543376"
(ROOT (NP=H (NP=H (NNP ) (NNP=H )) (: ) (NP (NP=H (NNP ) (NNPS=H )) (SBAR (S=H (NP (NN ) (NNS=H )) (VP=H (VBP=H ) (ADJP (JJ=H )))))) (. ))),4,84540,"0,0785470925"
(ROOT (S=H (NP (NP=H (NNP ) (NNP=H )) (PP (IN=H ) (NP (NP=H (NN=H )) (: ) (NP (NP (NNP ) (POS=H )) (NNS=H ))))) (VP=H (VBP=H ) (ADJP (JJ=H ))) (. ))),4,84544,"0,0785508089"
(ROOT (NP=H (NP=H (NNP=H )) (: ) (NP (NP=H (NNP ) (NNP ) (NNP=H )) (SBAR (S=H (NP (JJ ) (NNS=H )) (VP=H (VBP=H ) (ADJP (JJ=H )))))) (. ))),4,84548,"0,0785545254"
"(ROOT (S=H (PP (ADVP (RB=H )) (IN=H ) (NP (NNP ) (NNP=H ) (CC ) (NNP ))) (, ) (NP (NNP=H )) (VP=H (VBP=H ) (ADJP (JJ=H ))) (. )))",4,84552,"0,0785582418"
(ROOT (S=H (NP (NP (NNP ) (NNS ) (POS=H )) (JJ ) (NN ) (NN=H )) (VP=H (VBZ=H ) (SBAR (S=H (VP=H (VBP=H ) (ADJP (JJ=H )))))) (. ))),4,84556,"0,0785619583"
(ROOT (S=H (S (VP=H (VBG=H ) (NP (NP (NNP ) (NNS ) (POS=H )) (NN ) (NNS=H )))) (VP=H (VBP=H ) (ADJP (JJ=H ))) (. ))),4,84560,"0,0785656747"
(ROOT (S=H (NP (NP=H (NP=H (NNP=H )) (PP (IN=H ) (NP (DT ) (NNPS=H )))) (PRN (-LRB- ) (NP=H (NNP=H )) (-RRB- ))) (VP=H (VBP=H ) (ADJP (JJ=H ))) (. ))),4,84564,"0,0785693912"
(ROOT (S=H (NP (NP (NNP ) (NNP ) (POS=H )) (NNP ) (NNP ) (CC ) (NNP ) (NNP=H )) (VP=H (VBP=H ) (ADJP (JJ=H ))) (. ))),4,84568,"0,0785731076"
(ROOT (S=H (NP (NP=H (NNP=H )) (PP (VBN=H ) (PP (IN=H ) (NP (NN ) (NNS=H ))))) (VP=H (VBP=H ) (ADJP (JJ=H ))) (. ))),4,84572,"0,0785768241"
(ROOT (S=H (NP (NP=H (NNP=H )) (PP (VBN=H ) (PP (IN=H ) (NP (JJ ) (CC ) (JJ ) (NNS=H ))))) (VP=H (VBP=H ) (ADJP (JJ=H ))) (. ))),4,84576,"0,0785805405"
(ROOT (S=H (NP (NP=H (NNP ) (NNP ) (NNPS ) (NNP=H )) (PP (IN=H ) (NP (DT ) (NNPS=H )))) (VP=H (VBP=H ) (ADJP (JJ=H ))) (. ))),4,84580,"0,0785842569"
(ROOT (S=H (NP (NP (NNS=H )) (PRN (-LRB- ) (NP=H (NNP ) (NNP=H )) (-RRB- )) (NNS=H )) (VP=H (VBP=H ) (ADJP (JJ=H ))) (. ))),4,84584,"0,0785879734"
(ROOT (S=H (NP (NP=H (NNP=H )) (PP (IN=H ) (NP (NP=H (NNP ) (NNS=H )) (PP (TO=H ) (NP (DT ) (NNP ) (NNPS=H )))))) (VP=H (VBP=H ) (ADJP (JJ=H ))) (. ))),4,84588,"0,0785916898"
(ROOT (NP=H (NP=H (CD=H )) (: ) (S (NP (NNP ) (NNP ) (FW ) (NNP=H )) (VP=H (VBP=H ) (ADJP (JJ=H )))) (. ))),4,84592,"0,0785954063"
(ROOT (S=H (NP (NP=H (NNP ) (NN=H ) (CC ) (NN )) (PP (IN=H ) (NP (NN ) (NN ) (NNS=H )))) (VP=H (VBP=H ) (ADJP (JJ=H ))) (. ))),4,84596,"0,0785991227"
(ROOT (S=H (NP (NP=H (NNP=H )) (PP (VBN=H ) (PP (IN=H ) (NP (NNP ) (NNPS=H ))))) (VP=H (VBP=H ) (ADJP (JJ=H ))) (. ))),4,84600,"0,0786028392"
"(ROOT (S=H (S (NP (NNS=H )) (VP=H (VBN=H ) (PP (IN=H ) (NP (NNP ) (NNP ) (NNP ) (NNP ) (NNP=H ))))) (, ) (NP (NNP=H )) (VP=H (VBP=H ) (ADJP (JJ=H ))) (. )))",4,84604,"0,0786065556"
(ROOT (S=H (NP (NP (NNP ) (NNPS=H )) (PRN (-LRB- ) (NP=H (NNP ) (NNPS=H )) (-RRB- )) (NNS=H )) (VP=H (VBP=H ) (ADJP (JJ=H ))) (. ))),4,84608,"0,0786102721"
(ROOT (S=H (NP (NNP=H )) (PRN (-LRB- ) (NP=H (JJ ) (NN=H )) (-RRB- )) (NP (NN ) (NNS=H )) (VP=H (VBP=H ) (ADJP (JJ=H ))) (. ))),4,84612,"0,0786139885"
(ROOT (S=H (NP (NNP ) (NNP ) (NNP ) (NNPS ) (CC ) (NN ) (NN ) (NNS=H )) (VP=H (VBP=H ) (ADJP (JJ=H ))) (. ))),4,84616,"0,078617705"
"(ROOT (S=H (S (NP (NNS=H )) (VP=H (VBN=H ) (PP (IN=H ) (NP (DT ) (NNP ) (NNP ) (NNP=H ))))) (, ) (NP (NNP=H )) (VP=H (VBP=H ) (ADJP (JJ=H ))) (. )))",4,84620,"0,0786214214"
(ROOT (S=H (NP (NNP ) (CD ) (NNP=H )) (VP=H (VBZ=H ) (SBAR (S=H (NP (NNS=H )) (VP=H (VBP=H ) (ADJP (JJ=H )))))) (. ))),4,84624,"0,0786251379"
(ROOT (S=H (NP (NP=H (NNP ) (NNP ) (NNP ) (NNP=H )) (PP (IN=H ) (NP (NN ) (NN ) (NNS=H )))) (VP=H (VBP=H ) (ADJP (JJ=H ))) (. ))),4,84628,"0,0786288543"
(ROOT (S=H (NP (NP=H (NP (NNP ) (NNP ) (NNP ) (NNS ) (POS=H )) (NN ) (NN=H )) (PP (IN=H ) (NP (NN ) (NN ) (NNS=H )))) (VP=H (VBP=H ) (ADJP (JJ=H ))) (. ))),4,84632,"0,0786325707"
(ROOT (S=H (NP (NP=H (NNP ) (NNP=H )) (PP (IN=H ) (NP (NNP ) (NNP ) (NNP ) (NNP ) (NNS=H )))) (VP=H (VBP=H ) (ADJP (JJ=H ))) (. ))),4,84636,"0,0786362872"
(ROOT (NP=H (NP=H (NNP ) (NNP ) (NNP=H )) (: ) (S (NP (NP (NNP ) (POS=H )) (NN ) (NN=H )) (VP=H (VBP=H ) (ADJP (JJ=H )))) (. ))),4,84640,"0,0786400036"
(ROOT (NP=H (NP=H (NNP=H )) (: ) (S (NP (NP=H (NNP ) (NNP=H )) (PP (IN=H ) (NP (DT ) (NNP ) (NNS=H )))) (VP=H (VBP=H ) (ADJP (JJ=H )))) (. ))),4,84644,"0,0786437201"
(ROOT (NP=H (NP=H (NNP=H )) (: ) (S (NP (NP=H (NNP=H )) (PP (IN=H ) (NP (NNP ) (NN=H )))) (VP=H (VBP=H ) (ADJP (JJ=H )))) (. ))),4,84648,"0,0786474365"
(ROOT (NP=H (NP=H (NP=H (NNS=H )) (PP (IN=H ) (NP (NNP=H )))) (: ) (S (NP (NNP ) (NNP=H )) (VP=H (VBP=H ) (ADJP (JJ=H )))) (. ))),4,84652,"0,078651153"
(ROOT (S=H (ADVP (RB=H )) (NP (NP (NNP ) (NNP=H )) (PRN (-LRB- ) (NP=H (CD ) (NNS=H )) (-RRB- )) (NNS=H )) (VP=H (VBP=H ) (ADJP (JJ=H ))) (. ))),4,84656,"0,0786548694"
(ROOT (S=H (NP (NP=H (NNP ) (NNP=H )) (PP (IN=H ) (NP (DT ) (NNP ) (NNP ) (NNPS ) (NNP=H )))) (VP=H (VBP=H ) (ADJP (JJ=H ))) (. ))),4,84660,"0,0786585859"
(ROOT (NP=H (NP=H (NNPS=H )) (: ) (S (NP (NNP ) (NNP ) (NNS=H )) (VP=H (VBP=H ) (ADJP (JJ=H )))) (. ))),4,84664,"0,0786623023"
(ROOT (S=H (NP (NP (NNP ) (POS=H )) (NNP ) (NNPS ) (NNP=H )) (VP=H (VBP=H ) (ADJP (JJ=H ))) (. ))),4,84668,"0,0786660188"
(ROOT (NP=H (NP=H (NNP=H )) (: ) (NP (NP=H (NNP ) (NNP ) (NNP ) (NNP=H )) (SBAR (S=H (NP (NN ) (NNS=H )) (VP=H (VBP=H ) (ADJP (JJ=H )))))) (. ))),4,84672,"0,0786697352"
(ROOT (S=H (NP (NP=H (NNP ) (NNP=H )) (NP (JJ ) (NN ) (NN ) (NN ) (NN ) (NNS=H ))) (VP=H (VBP=H ) (ADJP (JJ=H ))) (. ))),4,84676,"0,0786734517"
(ROOT (S=H (NP (NP=H (NNP ) (NNP=H )) (SBAR (S=H (NP (PRP=H )) (VP=H (VBP=H ) (NP (JJ ) (NNS=H )) (PP (IN=H ) (NP (NN=H ))))))) (VP=H (VBP=H ) (ADJP (JJ=H ))) (. ))),4,84680,"0,0786771681"
(ROOT (S=H (NP (NP=H (NP (NNP ) (NNS ) (POS=H )) (NN=H )) (PP (IN=H ) (NP (DT ) (NNPS=H )))) (VP=H (VBP=H ) (ADJP (JJ=H ))) (. ))),4,84684,"0,0786808846"
(ROOT (NP=H (NP=H (NNP ) (NNP ) (NNP ) (NNP=H )) (: ) (S (NP (NP (NNP ) (POS=H )) (JJ ) (NN=H )) (VP=H (VBP=H ) (ADJP (JJ=H )))) (. ))),4,84688,"0,078684601"
"(ROOT (S=H (S (NP (NNP=H )) (VP=H (VB=H ) (PP (IN=H ) (NP (NNP ) (NNP=H ))))) (, ) (NP (NNP ) (NNP=H )) (VP=H (VBP=H ) (ADJP (JJ=H ))) (. )))",4,84692,"0,0786883174"
(ROOT (S=H (NP (NNP=H )) (VP=H (VBZ=H ) (SBAR (IN=H ) (S (NP (NNS=H )) (VP=H (VBP=H ) (ADJP (JJ=H )))))) (. ))),4,84696,"0,0786920339"
(ROOT (S=H (NP (NP=H (NNP ) (NNP=H )) (PP (IN=H ) (NP (NNP ) (VBG ) (NNS=H )))) (VP=H (VBP=H ) (ADJP (JJ=H ))) (. ))),4,84700,"0,0786957503"
(ROOT (S=H (NP (NP=H (NNP=H )) (PP (IN=H ) (NP (NNPS ) (CC ) (NNP ) (NNP ) (NNS=H )))) (VP=H (VBP=H ) (ADJP (JJ=H ))) (. ))),4,84704,"0,0786994668"
(ROOT (S=H (NP (NP=H (NNP ) (NNP ) (NNP=H )) (CC ) (NP (NNP ) (NNPS ) (JJ ) (NNS=H ))) (VP=H (VBP=H ) (ADJP (JJ=H ))) (. ))),4,84708,"0,0787031832"
(ROOT (S=H (NP (NP=H (NNP ) (NN ) (NN=H )) (PP (IN=H ) (NP (DT ) (NNPS=H )))) (VP=H (VBP=H ) (ADJP (JJ=H ))) (. ))),4,84712,"0,0787068997"
(ROOT (NP=H (NP=H (CD=H )) (: ) (S (NP (CD ) (JJ ) (NN=H )) (VP=H (VBP=H ) (ADJP (JJ=H )))) (. ))),4,84716,"0,0787106161"
(ROOT (S=H (NP (NNP ) (NNP=H )) (VP=H (VBD=H ) (SBAR (S=H (NP (NP=H (NNS=H )) (PP (IN=H ) (NP (NNP=H )))) (VP=H (VBP=H ) (ADJP (JJ=H )))))) (. ))),4,84720,"0,0787143326"
(ROOT (S=H (NP (NP=H (JJ ) (NN=H )) (PP (IN=H ) (NP (NP=H (NP (DT ) (NNS ) (POS=H )) (NN=H )) (PP (IN=H ) (NP (NNP=H )))))) (VP=H (VBP=H ) (ADJP (JJ=H ))) (. ))),4,84724,"0,078718049"
(ROOT (S=H (NP (NP=H (NNP ) (NNP ) (NNP ) (NNP=H )) (NP (JJ ) (NNS=H ) (CC ) (NNS ))) (VP=H (VBP=H ) (ADJP (JJ=H ))) (. ))),4,84728,"0,0787217655"
(ROOT (S=H (NP (NP=H (NNP=H )) (PP (IN=H ) (NP (NP=H (NN=H )) (PP (IN=H ) (NP (DT ) (CD ) (NNPS ) (NNPS=H )))))) (VP=H (VBP=H ) (ADJP (JJ=H ))) (. ))),4,84732,"0,0787254819"
"(ROOT (S=H (S (VP=H (VBN=H ) (S (ADJP=H (NNP=H ))))) (, ) (NP (NNP ) (NNP=H )) (VP=H (VBP=H ) (ADJP (JJ=H ))) (. )))",4,84736,"0,0787291984"
(ROOT (S=H (NP (CD ) (NNP ) (NNPS ) (NN=H )) (VP=H (VBD=H ) (SBAR (S=H (NP (NN ) (NNS=H )) (VP=H (VBP=H ) (ADJP (JJ=H )))))) (. ))),4,84740,"0,0787329148"
(ROOT (NP=H (NP=H (NNP ) (NNP=H )) (: ) (NP (NP=H (NNP ) (NNP=H )) (SBAR (S=H (NP (NP (NNS ) (POS=H )) (NN ) (NN ) (NNS=H )) (VP=H (VBP=H ) (ADJP (JJ=H )))))) (. ))),4,84744,"0,0787366312"
(ROOT (NP=H (NP=H (NNP ) (NNP=H )) (PRN (-LRB- ) (NP=H (NN=H )) (-RRB- )) (: ) (NP (NP=H (JJ ) (NNS=H )) (SBAR (S=H (VP=H (VBP=H ) (ADJP (JJ=H )))))) (. ))),4,84748,"0,0787403477"
(ROOT (NP=H (NP=H (NNP=H )) (: ) (NP (NP=H (NNP ) (NNP=H )) (SBAR (S=H (NP (JJ ) (NNS=H )) (VP=H (VBP=H ) (ADJP (JJ=H )))))) (. ))),4,84752,"0,0787440641"
(ROOT (NP=H (NP=H (NNP=H )) (: ) (NP (NP=H (NNP ) (NNPS=H )) (SBAR (S=H (NP (NP (NNS ) (POS=H )) (NN ) (NNS=H )) (VP=H (VBP=H ) (ADJP (JJ=H )))))) (. ))),4,84756,"0,0787477806"
(ROOT (S=H (NP (NP=H (NNP=H )) (PP (IN=H ) (NP (NP=H (DT ) (CD ) (NNPS ) (NNPS=H )) (: ) (NP (NP (NNP ) (POS=H )) (NN=H ))))) (VP=H (VBP=H ) (ADJP (JJ=H ))) (. ))),4,84760,"0,078751497"
(ROOT (S=H (NP (VBG ) (NX=H (NNP ) (PP=H (IN=H ) (NP (NN=H ))))) (VP=H (VBP=H ) (ADJP (JJ=H ))) (. ))),4,84764,"0,0787552135"
(ROOT (NP=H (NP=H (CD=H )) (: ) (S (NP (CD ) (NN=H )) (VP=H (VBP=H ) (ADJP (JJ=H )))) (. ))),4,84768,"0,0787589299"
(ROOT (S=H (NP (NNP ) (NNP ) (NNP ) (NNPS ) (NN ) (NN ) (NNP ) (NNP=H )) (VP=H (VBP=H ) (ADJP (JJ=H ))) (. ))),4,84772,"0,0787626464"
(ROOT (S=H (NP (NP=H (NNP=H )) (SBAR (S=H (NP (JJ ) (NN ) (NNS=H )) (VP=H (VBD=H ) (PP (IN=H ) (NP (NNP=H ))))))) (VP=H (VBP=H ) (ADJP (JJ=H ))) (. ))),4,84776,"0,0787663628"
(ROOT (S=H (NP (NP (NNP ) (NNP=H )) (PRN (-LRB- ) (NP=H (NNP ) (NN=H )) (-RRB- )) (NNS=H )) (VP=H (VBP=H ) (ADJP (JJ=H ))) (. ))),4,84780,"0,0787700793"
(ROOT (S=H (NP (NP (DT ) (NNP ) (NNP=H )) (PRN (-LRB- ) (NP=H (NN=H )) (-RRB- )) (NNS=H )) (VP=H (VBP=H ) (ADJP (JJ=H ))) (. ))),4,84784,"0,0787737957"
(ROOT (S=H (NP (NP=H (NNP=H )) (PP (VBN=H ) (PP (IN=H ) (NP (NNP ) (NNP ) (NN ) (NNS=H ))))) (VP=H (VBP=H ) (ADJP (JJ=H ))) (. ))),4,84788,"0,0787775122"
(ROOT (S=H (NP (NP=H (NNP ) (NNP ) (NN ) (NNP ) (NNP=H )) (NP (NN ) (NN ) (NNS=H ))) (VP=H (VBP=H ) (ADJP (JJ=H ))) (. ))),4,84792,"0,0787812286"
(ROOT (S=H (NP (NP (NNP ) (NNPS ) (NNP ) (POS=H )) (NNP ) (NNP ) (NNP=H )) (VP=H (VBP=H ) (ADJP (JJ=H ))) (. ))),4,84796,"0,078784945"
(ROOT (S=H (NP (NP=H (NNP=H )) (SBAR (IN=H ) (S (NP (CD ) (NNS=H )) (VP=H (VBD=H ) (NP (NN=H )))))) (VP=H (VBP=H ) (ADJP (JJ=H ))) (. ))),4,84800,"0,0787886615"
(ROOT (S=H (NP (NNP ) (NNP ) (NN ) (CC ) (NN ) (NNS ) (NN=H )) (VP=H (VBP=H ) (ADJP (JJ=H ))) (. ))),4,84804,"0,0787923779"
(ROOT (S=H (NP (NP=H (NNP ) (PRN (-LRB- ) (NP=H (NP=H (NN=H )) (CC ) (NP (NN=H ))) (-RRB- )) (NNP=H )) (PP (IN=H ) (NP (DT ) (NNPS=H )))) (VP=H (VBP=H ) (ADJP (JJ=H ))) (. ))),4,84808,"0,0787960944"
(ROOT (NP=H (NP=H (NN=H )) (: ) (S (NP (NP=H (NNS=H )) (PP (IN=H ) (NP (NNP=H )))) (VP=H (VBP=H ) (ADJP (JJ=H )))) (. ))),4,84812,"0,0787998108"
"(ROOT (S=H (S (NP=H (NP=H (NNP ) (NNPS ) (NNP=H )) (PP (IN=H ) (NP (NNP ) (NNS=H ))))) (, ) (NP (NNP=H )) (VP=H (VBP=H ) (ADJP (JJ=H ))) (. )))",4,84816,"0,0788035273"
(ROOT (S=H (NP (NP=H (NNP ) (NNPS ) (CC ) (NNP ) (NNS=H )) (PP (IN=H ) (NP (NP=H (DT ) (NNS=H )) (PP (IN=H ) (NP (NNP=H )))))) (VP=H (VBP=H ) (ADJP (JJ=H ))) (. ))),4,84820,"0,0788072437"
(ROOT (S=H (NP (NP (NN=H ) (CC ) (NN )) (PRN (-LRB- ) (NP=H (NN=H )) (-RRB- )) (NNS=H )) (VP=H (VBP=H ) (ADJP (JJ=H ))) (. ))),4,84824,"0,0788109602"
(ROOT (S=H (S (VP=H (VBG=H ) (NP (VBG ) (NNS=H )))) (NP (NNS=H )) (VP=H (VBP=H ) (ADJP (JJ=H ))) (. ))),4,84828,"0,0788146766"
(ROOT (S=H (S (VP=H (VBG=H ) (NP (JJ ) (VBG ) (NNS=H )))) (NP (NNS=H )) (VP=H (VBP=H ) (ADJP (JJ=H ))) (. ))),4,84832,"0,0788183931"
"(ROOT (S=H (S (NP=H (NP=H (NN ) (NNS=H )) (PP (IN=H ) (NP (NNP ) (NN=H ))))) (, ) (NP (NNP=H )) (VP=H (VBP=H ) (ADJP (JJ=H ))) (. )))",4,84836,"0,0788221095"
(ROOT (S=H (NP (NP=H (NNP ) (NNP=H )) (PRN (-LRB- ) (NP=H (NNP=H )) (-RRB- ))) (VP=H (VBZ=H ) (SBAR (S=H (NP (NN ) (NNS=H )) (VP=H (VBP=H ) (ADJP (JJ=H )))))) (. ))),4,84840,"0,078825826"
(ROOT (S=H (NP (NP=H (NNP=H )) (PP (IN=H ) (NP (NP=H (NNS=H )) (VP (VBG=H ) (NP (JJ ) (NNS=H )))))) (VP=H (VBP=H ) (ADJP (JJ=H ))) (. ))),4,84844,"0,0788295424"
(ROOT (S=H (NP (NP=H (CD ) (: ) (CD=H )) (PP (IN=H ) (NP (NP (NNP ) (NNS ) (POS=H )) (NN=H )))) (VP=H (VBP=H ) (ADJP (JJ=H ))) (. ))),4,84848,"0,0788332588"
(ROOT (NP=H (NP=H (CD=H )) (: ) (NP (NP=H (CD=H )) (SBAR (S=H (NP (NP=H (NP (JJ ) (NNS ) (POS=H )) (NN ) (NNS ) (NN=H )) (PP (IN=H ) (NP (DT ) (NNP ) (NNPS=H )))) (VP=H (VBP=H ) (ADJP (JJ=H )))))) (. ))),4,84852,"0,0788369753"
(ROOT (S=H (NP (NNP ) (NNP=H )) (SBAR=H (X (SYM=H )) (S=H (NP (NP=H (VBN ) (NNS=H )) (PP (IN=H ) (NP (NNP ) (NNP ) (NNP=H )))) (VP=H (VBP=H ) (ADJP (JJ=H ))))) (. ))),4,84856,"0,0788406917"
(ROOT (S=H (NP (NP=H (NNP ) (NNP=H )) (PRN (-LRB- ) (NP=H (NP=H (NN ) (NNS=H )) (PP (IN=H ) (NP (NNP=H )))) (-RRB- ))) (VP=H (VBP=H ) (ADJP (JJ=H ))) (. ))),4,84860,"0,0788444082"
(ROOT (S=H (S=H (NP (NNP=H )) (VP=H (VBD=H ) (NP (NNS=H )) (NP-TMP (CD=H )))) (: ) (S (NP (NP=H (CD ) (NNP ) (NNP ) (NNP ) (NN ) (NN=H )) (ADJP (JJ ) (JJ=H ))) (VP=H (VBP=H ) (ADJP (JJ=H )))) (. ))),4,84864,"0,0788481246"
(ROOT (NP=H (NP=H (NNP=H )) (: ) (S (NP (NNP ) (NN ) (NN=H )) (VP=H (VBP=H ) (ADJP (JJ=H )))) (. ))),4,84868,"0,0788518411"
(ROOT (S=H (NP (NP (NNP ) (POS=H )) (CD ) (ADJP (NP (QP (CD=H ) (CD )) (NN=H )) (JJ=H )) (NN=H )) (VP=H (VBP=H ) (ADJP (JJ=H ))) (. ))),4,84872,"0,0788555575"
"(ROOT (S=H (S (NP (NNP=H )) (VP=H (VBZ=H ) (PP (IN=H ) (NP (DT ) (NNP ) (NNP ) (NNP=H ))))) (, ) (NP (NNP=H )) (VP=H (VBP=H ) (ADJP (JJ=H ))) (. )))",4,84876,"0,078859274"
(ROOT (NP=H (NP=H (NP=H (CD ) (: ) (CD=H )) (NP (NNP ) (NNP ) (NNP ) (NNP ) (NNP=H ))) (: ) (NP (NP=H (NNP ) (NNP=H )) (SBAR (S=H (NP (CD=H )) (VP=H (VBP=H ) (ADJP (JJ=H )))))) (. ))),4,84880,"0,0788629904"
(ROOT (S=H (NP (NP=H (JJ ) (NN=H )) (PP (IN=H ) (NP (DT ) (NNP ) (NNPS ) (NN=H )))) (VP=H (VBP=H ) (ADJP (JJ=H ))) (. ))),3,84883,"0,0788657778"
(ROOT (S=H (NP (NP=H (DT ) (NN=H )) (PP (IN=H ) (NP (DT ) (NNPS=H )))) (VP=H (VBP=H ) (ADJP (JJ=H ))) (. ))),3,84886,"0,0788685651"
(ROOT (S=H (NP (NP=H (CD ) (NN=H )) (PP (TO=H ) (NP (JJ ) (NNS=H )))) (VP=H (VBP=H ) (ADJP (JJ=H ))) (. ))),3,84889,"0,0788713524"
(ROOT (S=H (NP (NP=H (CD ) (NN=H )) (NP (NNP ) (NNP ) (NN ) (NNS=H ))) (VP=H (VBP=H ) (ADJP (JJ=H ))) (. ))),3,84892,"0,0788741398"
(ROOT (S=H (NP (CD ) (NNP ) (NNP ) (NNP ) (NNPS ) (NNS=H )) (VP=H (VBP=H ) (ADJP (JJ=H ))) (. ))),3,84895,"0,0788769271"
(ROOT (S=H (NP (NP=H (DT ) (NN=H )) (PP (IN=H ) (NP (DT ) (NNP ) (NNS=H )))) (VP=H (VBP=H ) (ADJP (JJ=H ))) (. ))),3,84898,"0,0788797144"
(ROOT (S=H (NP (NP=H (JJ ) (JJ ) (CC ) (JJ ) (NNS=H )) (VP (RB ) (VBN=H ) (PP (TO=H ) (NP (NNP=H ))))) (VP=H (VBP=H ) (ADJP (JJ=H ))) (. ))),3,84901,"0,0788825018"
(ROOT (S=H (NP (NP=H (NNP=H )) (PP (IN=H ) (NP (NP=H (JJ ) (JJ ) (NNS=H )) (PP (IN=H ) (NP (NNP=H )))))) (VP=H (VBP=H ) (ADJP (JJ=H ))) (. ))),3,84904,"0,0788852891"
(ROOT (S=H (NP (NP=H (NNP=H )) (PP (IN=H ) (NP (NP=H (NNP ) (NNP=H )) (PP (IN=H ) (NP (DT ) (NNP ) (NNPS=H )))))) (VP=H (VBP=H ) (ADJP (JJ=H ))) (. ))),3,84907,"0,0788880764"
(ROOT (S=H (NP (NP=H (NNP=H )) (PP (IN=H ) (NP (DT ) (JJ ) (CD ) (NNS=H )))) (VP=H (VBP=H ) (ADJP (JJ=H ))) (. ))),3,84910,"0,0788908638"
(ROOT (S=H (NP (NP=H (NNP=H )) (PP (IN=H ) (NP (NP=H (NN=H ) (CC ) (NN )) (PP (IN=H ) (NP (DT ) (NNP ) (NNPS=H )))))) (VP=H (VBP=H ) (ADJP (JJ=H ))) (. ))),3,84913,"0,0788936511"
"(ROOT (S=H (S (NP=H (NP=H (NNP=H )) (PP (IN=H ) (NP (NP (NNP ) (POS=H )) (NNP ) (NNP=H ))))) (, ) (NP (NNP=H )) (VP=H (VBP=H ) (ADJP (JJ=H ))) (. )))",3,84916,"0,0788964384"
(ROOT (S=H (NP (NNP ) (POS=H )) (VP=H (VBD=H ) (SBAR (S=H (NP (NNP ) (NNS=H )) (VP=H (VBP=H ) (ADJP (JJ=H )))))) (. ))),3,84919,"0,0788992258"
(ROOT (S=H (NP (NNP=H ) (CC ) (NNP )) (VP=H (VBD=H ) (SBAR (S=H (NP (NNS=H )) (VP=H (VBP=H ) (ADJP (JJ=H )))))) (. ))),3,84922,"0,0789020131"
(ROOT (S=H (NP (NNP ) (NNP ) (NNP ) (NNS ) (NNS=H )) (VP=H (VBP=H ) (SBAR (S=H (NP (NNS=H )) (VP=H (VBP=H ) (ADJP (JJ=H )))))) (. ))),3,84925,"0,0789048004"
(ROOT (S=H (NP (NP=H (NNP=H )) (PRN (-LRB- ) (NNP ) (NN=H ) (-RRB- ))) (VP=H (VBP=H ) (SBAR (S=H (NP (NNS=H )) (VP=H (VBP=H ) (ADJP (JJ=H )))))) (. ))),3,84928,"0,0789075878"
(ROOT (S=H (NP (NP=H (NNP=H )) (PP (IN=H ) (NP (NNP ) (NNP ) (NNP ) (NN ) (NNS=H )))) (VP=H (VBP=H ) (ADJP (JJ=H ))) (. ))),3,84931,"0,0789103751"
(ROOT (S=H (NP (UCP (JJ=H ) (CC ) (NP (NNP=H ))) (JJ ) (NNS=H )) (VP=H (VBP=H ) (ADJP (JJ=H ))) (. ))),3,84934,"0,0789131624"
(ROOT (S=H (NP (NNP=H )) (VP=H (VBD=H ) (SBAR (S=H (NP (NN ) (CC ) (NN ) (NNS=H )) (VP=H (VBP=H ) (ADJP (JJ=H )))))) (. ))),3,84937,"0,0789159498"
(ROOT (FRAG=H (NP (NNP=H )) (: ) (S=H (NP (DT ) (JJ ) (NNP ) (NNS=H )) (VP=H (VBP=H ) (ADJP (JJ=H )))) (. ))),3,84940,"0,0789187371"
(ROOT (S=H (NP (NNP=H )) (RB ) (NP (NNS=H )) (VP=H (VBP=H ) (ADJP (JJ=H ))) (. ))),3,84943,"0,0789215244"
(ROOT (S=H (NP (NNP=H ) (CC ) (NNPS )) (VP=H (VBP=H ) (ADJP (JJ=H ))) (. ))),3,84946,"0,0789243118"
(ROOT (S=H (NP (NP=H (NNP=H )) (CC ) (NP (NP=H (NNS=H )) (PP (IN=H ) (NP (DT ) (NNP ) (NNP=H ))))) (VP=H (VBP=H ) (ADJP (JJ=H ))) (. ))),3,84949,"0,0789270991"
"(ROOT (S=H (FRAG (ADJP=H (NNP=H ) (NNP ))) (, ) (NP (NNP=H )) (VP=H (VBP=H ) (ADJP (JJ=H ))) (. )))",3,84952,"0,0789298865"
(ROOT (S=H (NP (NP=H (NNP ) (NNP=H )) (CC ) (NP (PRP$ ) (NNS ) (NNS=H ))) (VP=H (VBP=H ) (ADJP (JJ=H ))) (. ))),3,84955,"0,0789326738"
(ROOT (S=H (NP (NP (NNPS ) (POS=H )) (NNS=H )) (VP=H (VBP=H ) (ADJP (JJ=H ))) (. ))),3,84958,"0,0789354611"
(ROOT (S=H (NP (NP=H (JJ ) (NN=H )) (PP (IN=H ) (NP (NNS ) (NNS=H )))) (VP=H (VBP=H ) (ADJP (JJ=H ))) (. ))),3,84961,"0,0789382485"
(ROOT (S=H (NP (NP=H (NN ) (NNS ) (NNS=H )) (PP (IN=H ) (NP (DT ) (NNP ) (NNP=H )))) (VP=H (VBP=H ) (ADJP (JJ=H ))) (. ))),3,84964,"0,0789410358"
(ROOT (S=H (NP (NP=H (NN ) (NNS ) (NNS=H )) (PP (IN=H ) (NP (DT ) (NNP ) (NNPS=H )))) (VP=H (VBP=H ) (ADJP (JJ=H ))) (. ))),3,84967,"0,0789438231"
(ROOT (FRAG=H (NP (NNP=H )) (: ) (S=H (NP (JJ ) (NNS=H )) (VP=H (VBP=H ) (ADJP (JJ=H )))) (. ))),3,84970,"0,0789466105"
(ROOT (FRAG=H (NP (NNP=H )) (: ) (S=H (NP (NNP ) (NNP ) (NNP ) (NNS=H )) (VP=H (VBP=H ) (ADJP (JJ=H )))) (. ))),3,84973,"0,0789493978"
(ROOT (S=H (NP (NP=H (NNP=H )) (PP (NNP=H ) (NP (NNS=H )))) (VP=H (VBP=H ) (ADJP (JJ=H ))) (. ))),3,84976,"0,0789521851"
"(ROOT (S=H (NP (NNP ) (NNP ) (NNP ) (NNP=H )) (, ) (NP (NNP ) (NNS=H )) (VP=H (VBP=H ) (ADJP (JJ=H ))) (. )))",3,84979,"0,0789549725"
(ROOT (S=H (NP (NNP ) (NNP ) (NN=H )) (PRN (-LRB- ) (NP=H (NN=H )) (-RRB- )) (NP (NN ) (NN ) (NNS=H )) (VP=H (VBP=H ) (ADJP (JJ=H ))) (. ))),3,84982,"0,0789577598"
(ROOT (S=H (NP (NP (NNP ) (NNP ) (JJ ) (NNS ) (POS=H )) (JJ ) (NN ) (NNS=H )) (VP=H (VBP=H ) (ADJP (JJ=H ))) (. ))),3,84985,"0,0789605471"
"(ROOT (S=H (NP (NP=H (NNP=H )) (, ) (NP (NNP=H )) (CC ) (NP (NNP ) (NNP ) (NNS=H ))) (VP=H (VBP=H ) (ADJP (JJ=H ))) (. )))",3,84988,"0,0789633345"
(ROOT (S=H (NP (NP=H (NNP=H )) (PP (IN=H ) (NP (NNP ) (NNS=H ) (CC ) (NNS )))) (VP=H (VBP=H ) (ADJP (JJ=H ))) (. ))),3,84991,"0,0789661218"
(ROOT (S=H (NP (NP=H (NNP ) (NNP ) (JJ ) (NN=H )) (PP (IN=H ) (NP (DT ) (NNP ) (NNPS=H )))) (VP=H (VBP=H ) (ADJP (JJ=H ))) (. ))),3,84994,"0,0789689091"
(ROOT (S=H (NP (NP=H (NN=H )) (VP (VBG=H ) (NP (NNS=H )))) (VP=H (VBP=H ) (ADJP (JJ=H ))) (. ))),3,84997,"0,0789716965"
(ROOT (S=H (NP (NP=H (NNP=H )) (PP (IN=H ) (NP (NP=H (NNS ) (NNS=H )) (PP (IN=H ) (NP (NP=H (NNP=H )) (PP (IN=H ) (NP (NNP=H )))))))) (VP=H (VBP=H ) (ADJP (JJ=H ))) (. ))),3,85000,"0,0789744838"
(ROOT (S=H (NP (NP=H (NNP=H )) (PP (IN=H ) (NP (NP=H (NNS=H )) (PP (IN=H ) (NP (JJ ) (NNS=H )))))) (VP=H (VBP=H ) (ADJP (JJ=H ))) (. ))),3,85003,"0,0789772711"
(ROOT (S=H (NP (NNP ) (NNP=H )) (VP=H (VBP=H ) (SBAR (S=H (NP (NP=H (NN ) (NNS=H )) (PP (IN=H ) (NP (DT ) (NNP ) (NNPS=H )))) (VP=H (VBP=H ) (ADJP (JJ=H )))))) (. ))),3,85006,"0,0789800585"
(ROOT (S=H (NP (NP=H (NNP ) (NNP=H )) (VP (ADVP (RB=H )) (VBG=H ) (NP (NNS=H )))) (VP=H (VBP=H ) (ADJP (JJ=H ))) (. ))),3,85009,"0,0789828458"
(ROOT (S=H (NP (NP=H (NNP=H )) (PP (IN=H ) (NP (DT ) (JJ ) (NNP ) (NNP ) (NNS=H )))) (VP=H (VBP=H ) (ADJP (JJ=H ))) (. ))),3,85012,"0,0789856331"
(ROOT (S=H (NP (JJ ) (NN=H )) (VP=H (VBP=H ) (SBAR (S=H (NP (NNS=H )) (VP=H (VBP=H ) (ADJP (JJ=H )))))) (. ))),3,85015,"0,0789884205"
(ROOT (S=H (NP (NP=H (NNP ) (NNP ) (NNP=H )) (CC ) (NP (JJ ) (JJ ) (NNS=H ))) (VP=H (VBP=H ) (ADJP (JJ=H ))) (. ))),3,85018,"0,0789912078"
(ROOT (S=H (NP (NP=H (JJ ) (NN ) (CC ) (NN ) (NNS=H )) (PP (IN=H ) (NP (DT ) (NNP ) (NNP=H )))) (VP=H (VBP=H ) (ADJP (JJ=H ))) (. ))),3,85021,"0,0789939952"
(ROOT (S=H (NP (NNS=H )) (SBAR=H (IN=H ) (S (NP (NN ) (NNS=H )) (VP=H (VBP=H ) (ADJP (JJ=H ))))) (. ))),3,85024,"0,0789967825"
(ROOT (S=H (NP (NP=H (NNP=H )) (SBAR (WHNP=H (WP=H )) (S (VP=H (VBP=H ) (NP (NNS=H )))))) (VP=H (VBP=H ) (ADJP (JJ=H ))) (. ))),3,85027,"0,0789995698"
(ROOT (S=H (NP (NP=H (NNS ) (NNS=H )) (PP (IN=H ) (NP (NNS=H )))) (VP=H (VBP=H ) (ADJP (JJ=H ))) (. ))),3,85030,"0,0790023572"
(ROOT (S=H (PP (IN=H ) (NP (NNP=H ))) (NP (NN ) (NNS=H )) (VP=H (VBP=H ) (ADJP (JJ=H ))) (. ))),3,85033,"0,0790051445"
(ROOT (S=H (NP (NP=H (NN=H )) (PP (IN=H ) (NP (DT ) (NNP ) (NNP ) (NNS=H )))) (VP=H (VBP=H ) (ADJP (JJ=H ))) (. ))),3,85036,"0,0790079318"
(ROOT (S=H (NP (NP=H (NNP ) (NNP ) (NNP ) (NNP ) (NNPS ) (NN=H )) (CC ) (NP (NN ) (NNS=H ))) (VP=H (VBP=H ) (ADJP (JJ=H ))) (. ))),3,85039,"0,0790107192"
(ROOT (S=H (NP (NP=H (NNP=H )) (PP (IN=H ) (NP (NP=H (DT ) (NNP ) (NNPS=H )) (PP (IN=H ) (NP (NN=H ) (CC ) (NN )))))) (VP=H (VBP=H ) (ADJP (JJ=H ))) (. ))),3,85042,"0,0790135065"
(ROOT (S=H (NP (NP=H (NNP=H )) (CC ) (NP (NP=H (JJ ) (NNS=H )) (PP (IN=H ) (NP (NN=H ))))) (VP=H (VBP=H ) (ADJP (JJ=H ))) (. ))),3,85045,"0,0790162938"
(ROOT (S=H (NP (NP=H (NNP ) (NNP ) (CC ) (NNP ) (NNP ) (NNP=H )) (NP (NNS=H ))) (VP=H (VBP=H ) (ADJP (JJ=H ))) (. ))),3,85048,"0,0790190812"
(ROOT (S=H (NP (NP=H (NNP ) (NNP=H )) (PP (IN=H ) (NP (NNP ) (NNP ) (NNP ) (NNPS=H )))) (VP=H (VBP=H ) (ADJP (JJ=H ))) (. ))),3,85051,"0,0790218685"
(ROOT (S=H (NP (NNP=H )) (VP=H (VBP=H ) (SBAR (S=H (NP (JJ ) (JJ ) (NNS=H )) (VP=H (VBP=H ) (ADJP (JJ=H )))))) (. ))),3,85054,"0,0790246558"
(ROOT (S=H (NP (NN=H )) (PP (IN=H ) (NP (NN ) (NNS=H ))) (VP=H (VBP=H ) (ADJP (JJ=H ))) (. ))),3,85057,"0,0790274432"
(ROOT (S=H (NP (NP=H (NNP=H )) (CC ) (NP (NP=H (NN ) (NNS ) (NNS=H )) (PP (IN=H ) (NP (DT ) (NNP ) (NNP=H ))))) (VP=H (VBP=H ) (ADJP (JJ=H ))) (. ))),3,85060,"0,0790302305"
(ROOT (S=H (NP (NP=H (NNP ) (NNPS ) (NN=H )) (CC ) (NP (NNS=H ))) (VP=H (VBP=H ) (ADJP (JJ=H ))) (. ))),3,85063,"0,0790330178"
(ROOT (S=H (NP (NP=H (NNP=H )) (PP (IN=H ) (NP (NP=H (DT ) (NN=H )) (PRN (-LRB- ) (NP=H (NNP ) (NNPS=H )) (-RRB- ))))) (VP=H (VBP=H ) (ADJP (JJ=H ))) (. ))),3,85066,"0,0790358052"
(ROOT (S=H (NP (NP=H (NP=H (NNP=H )) (PP (IN=H ) (NP (DT ) (NNP ) (NNPS ) (NN=H )))) (PRN (-LRB- ) (NP=H (NNP ) (NNP=H )) (-RRB- ))) (VP=H (VBP=H ) (ADJP (JJ=H ))) (. ))),3,85069,"0,0790385925"
"(ROOT (S=H (NP (NNP ) (NNP ) (, ) (NNP=H ) (CC ) (NNP )) (VP=H (VBP=H ) (ADJP (JJ=H ))) (. )))",3,85072,"0,0790413798"
(ROOT (S=H (NP (NP=H (JJ ) (NN=H )) (PP (IN=H ) (NP (JJS ) (NNP ) (NNS=H )))) (VP=H (VBP=H ) (ADJP (JJ=H ))) (. ))),3,85075,"0,0790441672"
(ROOT (S=H (NP (NP=H (NN=H ) (CC ) (NNS )) (PP (IN=H ) (NP (NNP=H )))) (VP=H (VBP=H ) (ADJP (JJ=H ))) (. ))),3,85078,"0,0790469545"
(ROOT (S=H (NP (NNP ) (NNP=H )) (SBAR=H (X (SYM=H )) (S=H (NP (NP=H (VBN ) (NNS=H )) (PP (IN=H ) (NP (NNP=H ) (CC ) (NNP )))) (VP=H (VBP=H ) (ADJP (JJ=H ))))) (. ))),3,85081,"0,0790497418"
(ROOT (S=H (NP (NP=H (JJ ) (NN=H )) (PP (IN=H ) (NP (JJS ) (NNP ) (NN ) (NNS=H )))) (VP=H (VBP=H ) (ADJP (JJ=H ))) (. ))),3,85084,"0,0790525292"
(ROOT (NP=H (NP=H (NNP ) (NNP ) (NNP=H )) (: ) (S (NP (NNP ) (NNP ) (NNP=H )) (VP=H (VBP=H ) (ADJP (JJ=H )))) (. ))),3,85087,"0,0790553165"
(ROOT (S=H (NP (NP=H (NNP=H )) (PP (`` ) (IN=H ) (NP (NNS=H )))) (VP=H (VBP=H ) (ADJP (JJ=H ))) (. ))),3,85090,"0,0790581039"
(ROOT (S=H (NP (NP=H (NN=H )) (PP (IN=H ) (NP (NP=H (NNS=H )) (PP (IN=H ) (NP (NN=H )))))) (VP=H (VBP=H ) (ADJP (JJ=H ))) (. ))),3,85093,"0,0790608912"
(ROOT (S=H (NP (NP=H (NN=H )) (PP (IN=H ) (NP (NP=H (NN ) (NNS=H )) (PP (IN=H ) (NP (NN=H )))))) (VP=H (VBP=H ) (ADJP (JJ=H ))) (. ))),3,85096,"0,0790636785"
(ROOT (S=H (NP (NP=H (NN=H )) (PP (IN=H ) (NP (NP=H (DT ) (NNP ) (NNPS=H )) (PP (IN=H ) (NP (NNP=H )))))) (VP=H (VBP=H ) (ADJP (JJ=H ))) (. ))),3,85099,"0,0790664659"
(ROOT (S=H (NP (NP=H (NN ) (NN=H )) (CC ) (NP (NNS=H ))) (VP=H (VBP=H ) (ADJP (JJ=H ))) (. ))),3,85102,"0,0790692532"
(ROOT (S=H (SBAR (WHADVP=H (WRB=H )) (S (NP (PRP=H )) (VP=H (VBZ=H ) (NP (PRP$ ) (NNP ) (NNS=H ))))) (VP=H (VBP=H ) (ADJP (JJ=H ))) (. ))),3,85105,"0,0790720405"
(ROOT (S=H (PP (IN=H ) (NP (NNP=H ))) (NP (NNP ) (NNP=H )) (VP=H (VBP=H ) (ADJP (JJ=H ))) (. ))),3,85108,"0,0790748279"
(ROOT (S=H (NP (ADJP (NNP ) (NN=H )) (JJ ) (NNS=H )) (VP=H (VBP=H ) (ADJP (JJ=H ))) (. ))),3,85111,"0,0790776152"
(ROOT (S=H (NP (NP=H (NNP ) (NNP ) (NNP=H )) (PP (IN=H ) (NP (DT ) (JJ ) (CD ) (NNS=H )))) (VP=H (VBP=H ) (ADJP (JJ=H ))) (. ))),3,85114,"0,0790804025"
(ROOT (S=H (NP (NP=H (NNP ) (NN=H )) (VP (VBG=H ) (NP (NNS=H )))) (VP=H (VBP=H ) (ADJP (JJ=H ))) (. ))),3,85117,"0,0790831899"
(ROOT (S=H (NP (PRP=H )) (VP=H (VBZ=H ) (SBAR (S=H (NP (NN ) (NNS=H )) (VP=H (VBP=H ) (ADJP (JJ=H )))))) (. ))),3,85120,"0,0790859772"
(ROOT (S=H (NP (NNP ) (NNP=H )) (VP=H (VBP=H ) (SBAR (S=H (NP (NP=H (NNS=H )) (PP (IN=H ) (NP (NN=H )))) (VP=H (VBP=H ) (ADJP (JJ=H )))))) (. ))),3,85123,"0,0790887645"
(ROOT (S=H (NP (NP (NNP ) (POS=H )) (NNS ) (NN=H )) (VP=H (VBP=H ) (ADJP (JJ=H ))) (. ))),3,85126,"0,0790915519"
(ROOT (S=H (NP (NP=H (JJ ) (NNP ) (NNP=H )) (PP (IN=H ) (NP (NNP ) (NNS=H )))) (VP=H (VBP=H ) (ADJP (JJ=H ))) (. ))),3,85129,"0,0790943392"
(ROOT (S=H (NP (NP (NNP=H )) (PRN (-LRB- ) (NP=H (CD ) (NN ) (NN=H )) (-RRB- )) (NNS=H )) (VP=H (VBP=H ) (ADJP (JJ=H ))) (. ))),3,85132,"0,0790971265"
(ROOT (S=H (NP (JJ ) (PRN (-LRB- ) (NP=H (CD ) (NN ) (NN=H )) (-RRB- )) (NNS=H )) (VP=H (VBP=H ) (ADJP (JJ=H ))) (. ))),3,85135,"0,0790999139"
(ROOT (S=H (NP (NP=H (NNP=H )) (PP (IN=H ) (NP (JJ ) (PRN (-LRB- ) (NP=H (NN ) (NN=H )) (-RRB- )) (NNS=H )))) (VP=H (VBP=H ) (ADJP (JJ=H ))) (. ))),3,85138,"0,0791027012"
(ROOT (S=H (NP (NP (JJ ) (NNP ) (NN ) (NNS=H )) (PRN (-LRB- ) (NP=H (NNP=H )) (-RRB- )) (NNS=H )) (VP=H (VBP=H ) (ADJP (JJ=H ))) (. ))),3,85141,"0,0791054885"
(ROOT (S=H (NP (NP=H (NNP ) (NNP=H )) (PP (IN=H ) (NP (NP=H (DT ) (NNP ) (NNPS ) (NNP=H )) (PP (IN=H ) (NP (NNPS=H )))))) (VP=H (VBP=H ) (ADJP (JJ=H ))) (. ))),3,85144,"0,0791082759"
(ROOT (S=H (NP (NP=H (NNP ) (NNP ) (NNP ) (NNP=H )) (PP (IN=H ) (NP (DT ) (NNP ) (NNPS ) (NNP=H )))) (VP=H (VBP=H ) (ADJP (JJ=H ))) (. ))),3,85147,"0,0791110632"
(ROOT (S=H (NP (NP=H (NNP=H )) (CC ) (NP (NP=H (NNS=H )) (PP (IN=H ) (NP (NP=H (DT ) (NNP=H )) (PP (IN=H ) (NP (NNP=H ))))))) (VP=H (VBP=H ) (ADJP (JJ=H ))) (. ))),3,85150,"0,0791138505"
(ROOT (S=H (NP (NP=H (NNP=H )) (VP (`` ) (VBG=H ) (NP (NNS=H )))) (VP=H (VBP=H ) (ADJP (JJ=H ))) (. ))),3,85153,"0,0791166379"
(ROOT (S=H (NP (NP=H (NNP ) (NNPS ) (NNP=H )) (VP (VBG=H ) (NP (NN=H )))) (VP=H (VBP=H ) (ADJP (JJ=H ))) (. ))),3,85156,"0,0791194252"
(ROOT (S=H (NP (NP=H (NNP ) (NNPS ) (NNP=H )) (PP (IN=H ) (NP (NNP=H ) (CC ) (NNP )))) (VP=H (VBP=H ) (ADJP (JJ=H ))) (. ))),3,85159,"0,0791222125"
(ROOT (S=H (NP (NP=H (JJ ) (NN=H )) (PP (IN=H ) (NP (NP=H (DT ) (JJ ) (NNPS=H )) (PP (IN=H ) (NP (NNP=H )))))) (VP=H (VBP=H ) (ADJP (JJ=H ))) (. ))),3,85162,"0,0791249999"
(ROOT (S=H (NP (JJ ) (NN ) (NN ) (NN=H )) (VP=H (VBZ=H ) (SBAR (S=H (NP (JJ ) (NNS=H )) (VP=H (VBP=H ) (ADJP (JJ=H )))))) (. ))),3,85165,"0,0791277872"
(ROOT (FRAG=H (NP (NNP=H )) (: ) (S=H (NP (JJ ) (NN ) (NNS=H )) (VP=H (VBP=H ) (ADJP (JJ=H )))) (. ))),3,85168,"0,0791305746"
(ROOT (S=H (NP (NP=H (NNP ) (NNP=H )) (PP (IN=H ) (NP (NP=H (NNP ) (NNS=H )) (PP (IN=H ) (NP (DT ) (NNP ) (NNP ) (NNP ) (JJ ) (NN=H )))))) (VP=H (VBP=H ) (ADJP (JJ=H ))) (. ))),3,85171,"0,0791333619"
(ROOT (S=H (NP (NP=H (NNP ) (NNP ) (NNP=H )) (PRN (-LRB- ) (NP=H (NNP ) (NNPS=H )) (-RRB- ))) (VP=H (VBP=H ) (ADJP (JJ=H ))) (. ))),3,85174,"0,0791361492"
(ROOT (S=H (NP (NP=H (NNP ) (NNP=H )) (PP (IN=H ) (NP (NP=H (NNP ) (NNPS=H )) (PP (IN=H ) (NP (NN=H )))))) (VP=H (VBP=H ) (ADJP (JJ=H ))) (. ))),3,85177,"0,0791389366"
(ROOT (S=H (NP (NNP ) (NNP ) (NNP=H )) (VP=H (VBP=H ) (SBAR (S=H (NP (JJ ) (NN ) (NNS=H )) (VP=H (VBP=H ) (ADJP (JJ=H )))))) (. ))),3,85180,"0,0791417239"
(ROOT (S=H (NP (NP=H (JJ ) (NNS ) (NNS=H )) (PP (IN=H ) (NP (DT ) (NNP ) (NNP ) (NNPS=H )))) (VP=H (VBP=H ) (ADJP (JJ=H ))) (. ))),3,85183,"0,0791445112"
(ROOT (S=H (NP (NNP=H )) (VP=H (VBZ=H ) (S (VP=H (VBG=H ) (SBAR (S=H (NP (DT ) (NNPS=H )) (VP=H (VBP=H ) (ADJP (JJ=H )))))))) (. ))),3,85186,"0,0791472986"
(ROOT (S=H (NP (NP=H (NNP ) (NNP ) (NNP ) (NNP ) (NNP ) (NNP=H )) (PP (IN=H ) (NP (JJ ) (NNS=H )))) (VP=H (VBP=H ) (ADJP (JJ=H ))) (. ))),3,85189,"0,0791500859"
(ROOT (S=H (NP (NNP ) (NNP ) (NNP ) (NN ) (CC ) (NN ) (NN=H )) (VP=H (VBP=H ) (ADJP (JJ=H ))) (. ))),3,85192,"0,0791528732"
(ROOT (S=H (NP (NP=H (NNP ) (NNP=H )) (PP (IN=H ) (NP (JJ ) (JJ ) (NNS=H )))) (VP=H (VBP=H ) (ADJP (JJ=H ))) (. ))),3,85195,"0,0791556606"
(ROOT (S=H (NP (NP=H (NNP ) (NNP=H )) (PP (IN=H ) (NP (NNP ) (CC ) (NNP ) (NN ) (NNS=H )))) (VP=H (VBP=H ) (ADJP (JJ=H ))) (. ))),3,85198,"0,0791584479"
(ROOT (S=H (NP (NP=H (NNP ) (NNP ) (NNP ) (NNP ) (NNPS ) (NNP=H )) (PRN (-LRB- ) (NP=H (NNP ) (NNP ) (NNP=H )) (-RRB- ))) (VP=H (VBP=H ) (ADJP (JJ=H ))) (. ))),3,85201,"0,0791612352"
(ROOT (S=H (NP (NNP ) (NNP=H )) (VP=H (VBD=H ) (SBAR (S=H (NP (JJ ) (NN ) (NN ) (NNS=H )) (VP=H (VBP=H ) (ADJP (JJ=H )))))) (. ))),3,85204,"0,0791640226"
"(ROOT (S=H (S (ADJP=H (NNP=H ) (NNP ) (NNP ))) (, ) (NP (NNP ) (NNP=H )) (VP=H (VBP=H ) (ADJP (JJ=H ))) (. )))",3,85207,"0,0791668099"
(ROOT (S=H (NP (NP (NNP ) (NNP ) (NNP ) (NNS ) (POS=H )) (NN=H ) (CC ) (NN )) (VP=H (VBP=H ) (ADJP (JJ=H ))) (. ))),3,85210,"0,0791695972"
(ROOT (S=H (NP (NP=H (NNP=H )) (CC ) (NP (NP=H (JJ ) (NNS=H )) (PP (IN=H ) (NP (NP=H (DT ) (NNP=H )) (PP (IN=H ) (NP (NNP=H ))))))) (VP=H (VBP=H ) (ADJP (JJ=H ))) (. ))),3,85213,"0,0791723846"
(ROOT (S=H (NP (NP=H (NNP=H )) (PP (IN=H ) (NP (DT ) (NNP ) (NNP ) (NN ) (NNS=H )))) (VP=H (VBP=H ) (ADJP (JJ=H ))) (. ))),3,85216,"0,0791751719"
(ROOT (S=H (NP (NP=H (NNP ) (NNP ) (NNS ) (NN=H )) (PP (IN=H ) (NP (NNP=H )))) (VP=H (VBP=H ) (ADJP (JJ=H ))) (. ))),3,85219,"0,0791779592"
(ROOT (S=H (NP (NP=H (NP (NNS ) (POS=H )) (NNP=H )) (PP (IN=H ) (NP (NN ) (NNS=H )))) (VP=H (VBP=H ) (ADJP (JJ=H ))) (. ))),3,85222,"0,0791807466"
(ROOT (S=H (NP (NNS ) (NN ) (NNS=H )) (VP=H (VBP=H ) (ADJP (JJ=H ))) (. ))),3,85225,"0,0791835339"
(ROOT (S=H (NP (NP=H (NNP=H )) (PP (IN=H ) (NP (JJ ) (CC ) (JJ ) (NNS=H )))) (VP=H (VBP=H ) (ADJP (JJ=H ))) (. ))),3,85228,"0,0791863212"
(ROOT (S=H (NP (NP=H (NNP=H )) (PP (IN=H ) (NP (NP=H (NP (NNP ) (POS=H )) (NN ) (NNS=H )) (PP (IN=H ) (NP (NNP=H )))))) (VP=H (VBP=H ) (ADJP (JJ=H ))) (. ))),3,85231,"0,0791891086"
"(ROOT (S=H (S (NP (NNP=H )) (VP=H (VB=H ) (PP (IN=H ) (NP (NNP=H ))))) (, ) (NP (NNP ) (NNP=H )) (VP=H (VBP=H ) (ADJP (JJ=H ))) (. )))",3,85234,"0,0791918959"
(ROOT (S=H (NP (NNP ) (NNP ) (NNPS ) (NNP=H )) (VP=H (VBZ=H ) (SBAR (S=H (VP=H (VBP=H ) (ADJP (JJ=H )))))) (. ))),3,85237,"0,0791946833"
(ROOT (S=H (NP (NP=H (NN=H )) (PP (IN=H ) (NP (DT ) (NN ) (NNS=H )))) (VP=H (VBP=H ) (ADJP (JJ=H ))) (. ))),3,85240,"0,0791974706"
(ROOT (S=H (NP (NNP ) (NN=H )) (VP=H (VBD=H ) (SBAR (S=H (NP (NNS=H )) (VP=H (VBP=H ) (ADJP (JJ=H )))))) (. ))),3,85243,"0,0792002579"
(ROOT (S=H (NP (NNP ) (NN=H )) (VP=H (VBZ=H ) (SBAR (S=H (NP (NN ) (NN ) (NNS=H )) (VP=H (VBP=H ) (ADJP (JJ=H )))))) (. ))),3,85246,"0,0792030453"
"(ROOT (S=H (S (VP=H (VBG=H ) (PP (IN=H ) (NP (NNP ) (NNPS=H ))))) (, ) (NP (NNP=H )) (VP=H (VBP=H ) (ADJP (JJ=H ))) (. )))",3,85249,"0,0792058326"
(ROOT (S=H (NP (NP=H (NNP=H )) (PP (IN=H ) (NP (NNP ) (NNS ) (NNS=H )))) (VP=H (VBP=H ) (ADJP (JJ=H ))) (. ))),3,85252,"0,0792086199"
(ROOT (S=H (NP (NP=H (NNP=H )) (PP (IN=H ) (NP (CD ) (JJ ) (JJ ) (NNS=H )))) (VP=H (VBP=H ) (ADJP (JJ=H ))) (. ))),3,85255,"0,0792114073"
(ROOT (S=H (NP (NP=H (NNP=H )) (PP (IN=H ) (NP (DT ) (NNP ) (NN ) (NNS=H ))) (PP (IN=H ) (NP (NNP=H )))) (VP=H (VBP=H ) (ADJP (JJ=H ))) (. ))),3,85258,"0,0792141946"
(ROOT (S=H (NP (NNP ) (NNP=H )) (VP=H (NN=H ) (SBAR (S=H (NP (NNS=H )) (VP=H (VBP=H ) (ADJP (JJ=H )))))) (. ))),3,85261,"0,0792169819"
(ROOT (S=H (NP (NP=H (NNP ) (NNP=H )) (PP (IN=H ) (NP (NP=H (DT ) (NNP=H )) (PP (IN=H ) (NP (NP=H (NNP ) (NNS=H )) (PP (IN=H ) (NP (NNP=H )))))))) (VP=H (VBP=H ) (ADJP (JJ=H ))) (. ))),3,85264,"0,0792197693"
(ROOT (S=H (NP (NP (NNP ) (NNP ) (NNP ) (NNPS=H )) (PRN (-LRB- ) (NP=H (NNP=H )) (-RRB- )) (NNS=H )) (VP=H (VBP=H ) (ADJP (JJ=H ))) (. ))),3,85267,"0,0792225566"
(ROOT (S=H (NP (ADJP (NNP=H ) (NNP )) (JJ ) (NN=H )) (VP=H (VBP=H ) (ADJP (JJ=H ))) (. ))),3,85270,"0,0792253439"
(ROOT (S=H (NP (NNP ) (JJ ) (CC ) (JJ ) (NNS=H )) (VP=H (VBP=H ) (ADJP (JJ=H ))) (. ))),3,85273,"0,0792281313"
(ROOT (S=H (NP (NP=H (NNP=H )) (PP (IN=H ) (NP (NP=H (DT ) (NNP ) (NNP=H )) (PP (IN=H ) (NP (NNP ) (NNS=H )))))) (VP=H (VBP=H ) (ADJP (JJ=H ))) (. ))),3,85276,"0,0792309186"
(ROOT (S=H (NP (NP=H (NNP=H )) (PP (IN=H ) (NP (NP=H (CD ) (NNS=H )) (PRN (-LRB- ) (NP=H (NN=H )) (-RRB- ))))) (VP=H (VBP=H ) (ADJP (JJ=H ))) (. ))),3,85279,"0,0792337059"
(ROOT (S=H (NP (NP=H (NNP=H )) (PP (IN=H ) (NP (NP=H (NN=H )) (PP (IN=H ) (NP (DT ) (NNP ) (NNP ) (NNPS=H )))))) (VP=H (VBP=H ) (ADJP (JJ=H ))) (. ))),3,85282,"0,0792364933"
(ROOT (S=H (NP (NP=H (NN=H ) (CC ) (NN )) (PP (IN=H ) (NP (DT ) (NNPS=H )))) (VP=H (VBP=H ) (ADJP (JJ=H ))) (. ))),3,85285,"0,0792392806"
(ROOT (S=H (NP (NNP ) (NNS ) (NX=H (NX=H (JJ ) (NN ) (NNS=H )) (PP (IN=H ) (NP (NNP ) (NNP ) (NNP=H ))))) (VP=H (VBP=H ) (ADJP (JJ=H ))) (. ))),3,85288,"0,0792420679"
(ROOT (S=H (NP (NP=H (NNP ) (NNP=H )) (NP (CD ) (NN ) (NN ) (NNS=H ))) (VP=H (VBP=H ) (ADJP (JJ=H ))) (. ))),3,85291,"0,0792448553"
(ROOT (S=H (NP (NP=H (NNP=H )) (CC ) (NP (CD ) (JJ ) (NN ) (NN ) (NNS=H ))) (VP=H (VBP=H ) (ADJP (JJ=H ))) (. ))),3,85294,"0,0792476426"
(ROOT (S=H (NP (NNP ) (NNP ) (NNPS ) (NNP ) (NNP ) (NNP=H )) (VP=H (VBP=H ) (ADJP (JJ=H ))) (. ))),3,85297,"0,0792504299"
(ROOT (S=H (NP (NP (NN ) (NNS ) (POS=H )) (NNS=H )) (VP=H (VBP=H ) (ADJP (JJ=H ))) (. ))),3,85300,"0,0792532173"
(ROOT (S=H (IN ) (NP (PRP=H )) (VP=H (VBP=H ) (SBAR (S=H (NP (PRP=H )) (VP=H (MD=H ) (VP (VB=H ) (SBAR (S=H (NP (NNS=H )) (VP=H (VBP=H ) (ADJP (JJ=H )))))))))) (. ))),3,85303,"0,0792560046"
"(ROOT (S=H (NP (NP (NNP ) (NNP=H )) (PRN (-LRB- ) (NP=H (NNP=H )) (, ) (NP (NNP=H )) (-RRB- )) (NNS=H )) (VP=H (VBP=H ) (ADJP (JJ=H ))) (. )))",3,85306,"0,079258792"
(ROOT (S=H (NP (NP=H (NNP=H )) (PP (IN=H ) (NP (NNP ) (NNP ) (NNS ) (NNS=H )))) (VP=H (VBP=H ) (ADJP (JJ=H ))) (. ))),3,85309,"0,0792615793"
(ROOT (S=H (NP (NP=H (NNP ) (NNP ) (NNP ) (NNP=H )) (PP (IN=H ) (NP (NNP ) (NNPS=H )))) (VP=H (VBP=H ) (ADJP (JJ=H ))) (. ))),3,85312,"0,0792643666"
(ROOT (NP=H (NP=H (NNP ) (NNP=H )) (: ) (S (NP (NNP ) (NNP ) (NNP=H )) (VP=H (VBP=H ) (ADJP (JJ=H )))) (. ))),3,85315,"0,079267154"
(ROOT (NP=H (NP=H (NNP ) (NNP=H )) (: ) (S (NP (NN ) (NNS=H )) (VP=H (VBP=H ) (ADJP (JJ=H )))) (. ))),3,85318,"0,0792699413"
(ROOT (NP=H (NP=H (NNP ) (NNP=H )) (: ) (S (NP (DT ) (JJ ) (NN ) (NNS=H )) (VP=H (VBP=H ) (ADJP (JJ=H )))) (. ))),3,85321,"0,0792727286"
(ROOT (S=H (NP (NP=H (NNP ) (NN ) (NN ) (NN=H )) (PP (IN=H ) (NP (DT ) (NNP ) (NNPS=H )))) (VP=H (VBP=H ) (ADJP (JJ=H ))) (. ))),3,85324,"0,079275516"
(ROOT (S=H (NP (NP=H (DT ) (NNP=H )) (CC ) (NP (DT ) (NNP ) (NNS=H ))) (VP=H (VBP=H ) (ADJP (JJ=H ))) (. ))),3,85327,"0,0792783033"
(ROOT (S=H (NP (NNP ) (NNPS ) (NNS=H )) (VP=H (VBZ=H ) (NP (NP=H (JJ ) (NN ) (NN=H )) (SBAR (S=H (VP=H (VBP=H ) (ADJP (JJ=H ))))))) (. ))),3,85330,"0,0792810906"
(ROOT (FRAG=H (NP (NP=H (NNS=H )) (PP (IN=H ) (NP (JJ ) (NN=H )))) (: ) (S=H (NP (NNP ) (NNS=H )) (VP=H (VBP=H ) (ADJP (JJ=H )))) (. ))),3,85333,"0,079283878"
(ROOT (S=H (NP (NP=H (DT ) (NN=H )) (CC ) (NP (DT ) (JJ ) (NNS=H ))) (VP=H (VBP=H ) (ADJP (JJ=H ))) (. ))),3,85336,"0,0792866653"
(ROOT (S=H (NP (NNP ) (NNPS ) (NNS=H )) (VP=H (VBZ=H ) (NP (NP=H (JJ ) (NN=H )) (SBAR (S=H (NP (NN ) (NNS=H )) (VP=H (VBP=H ) (ADJP (JJ=H ))))))) (. ))),3,85339,"0,0792894526"
(ROOT (S=H (NP (NP=H (NN ) (NN=H )) (PP (IN=H ) (NP (NNP ) (NNPS ) (NNP=H )))) (VP=H (VBP=H ) (ADJP (JJ=H ))) (. ))),3,85342,"0,07929224"
(ROOT (S=H (NP (NAC (NNP=H ) (PP (IN=H ) (NP (NNP=H )))) (NNS=H )) (VP=H (VBP=H ) (ADJP (JJ=H ))) (. ))),3,85345,"0,0792950273"
(ROOT (S=H (NP (NP=H (NNP ) (NNP=H )) (VP (VBG=H ) (NP (NNP ) (NNS=H )))) (VP=H (VBP=H ) (ADJP (JJ=H ))) (. ))),3,85348,"0,0792978146"
(ROOT (S=H (NP (NP=H (JJ ) (NNS ) (NNS=H )) (PP (IN=H ) (NP (NP=H (NN=H )) (PP (IN=H ) (NP (NN=H )))))) (VP=H (VBP=H ) (ADJP (JJ=H ))) (. ))),3,85351,"0,079300602"
(ROOT (S=H (NP (NP=H (NNP ) (NNP=H )) (VP (VBG=H ) (NP (NN ) (NN ) (NNS=H )) (PP (IN=H ) (NP (NN=H ))))) (VP=H (VBP=H ) (ADJP (JJ=H ))) (. ))),3,85354,"0,0793033893"
(ROOT (S=H (NP (NP=H (NN ) (NN=H )) (PP (VBN=H ) (PP (IN=H ) (NP (JJ ) (NNS=H ))))) (VP=H (VBP=H ) (ADJP (JJ=H ))) (. ))),3,85357,"0,0793061766"
(ROOT (S=H (NP (DT ) (CD ) (NNS ) (NNS=H )) (VP=H (VBP=H ) (ADJP (JJ=H ))) (. ))),3,85360,"0,079308964"
(ROOT (S=H (NP (DT ) (NNS ) (NN=H )) (VP=H (VBP=H ) (ADJP (JJ=H ))) (. ))),3,85363,"0,0793117513"
(ROOT (S=H (NP (NP=H (DT ) (NNP=H )) (PP (IN=H ) (NP (NNP ) (NNP ) (NNS=H )))) (VP=H (VBP=H ) (ADJP (JJ=H ))) (. ))),3,85366,"0,0793145386"
(ROOT (S=H (NP (NP=H (DT ) (NNP ) (NNP=H )) (NP (CD ) (NNS=H ))) (VP=H (VBP=H ) (ADJP (JJ=H ))) (. ))),3,85369,"0,079317326"
(ROOT (S=H (NP (DT ) (NNP ) (CC ) (NNP ) (NN ) (NNS=H )) (VP=H (VBP=H ) (ADJP (JJ=H ))) (. ))),3,85372,"0,0793201133"
(ROOT (S=H (NP (NP=H (DT ) (JJ ) (NN=H )) (PP (IN=H ) (NP (NNP ) (NNS=H )))) (VP=H (VBP=H ) (ADJP (JJ=H ))) (. ))),3,85375,"0,0793229006"
(ROOT (S=H (NP (NP=H (DT ) (NNP=H )) (PP (IN=H ) (NP (DT ) (NNPS=H )))) (VP=H (VBP=H ) (ADJP (JJ=H ))) (. ))),3,85378,"0,079325688"
(ROOT (S=H (NP (DT ) (NNP ) (CC ) (NNP ) (NNP ) (NNS=H )) (VP=H (VBP=H ) (ADJP (JJ=H ))) (. ))),3,85381,"0,0793284753"
(ROOT (S=H (NP (DT ) (NP=H (NNP=H )) (CC ) (NP (DT ) (NNP ) (NNS=H ))) (VP=H (VBP=H ) (ADJP (JJ=H ))) (. ))),3,85384,"0,0793312627"
(ROOT (S=H (NP (NP (DT ) (NN=H )) (PRN (-LRB- ) (NP=H (CD ) (NN ) (NN=H )) (-RRB- )) (NNS=H )) (VP=H (VBP=H ) (ADJP (JJ=H ))) (. ))),3,85387,"0,07933405"
(ROOT (S=H (NP (NP (DT ) (NNPS=H )) (PRN (-LRB- ) (NP=H (NNP=H )) (-RRB- )) (NNS=H )) (VP=H (VBP=H ) (ADJP (JJ=H ))) (. ))),3,85390,"0,0793368373"
(ROOT (S=H (NP (PRP=H )) (NP (NNP ) (NNPS ) (NNPS ) (NNS=H )) (VP=H (VBP=H ) (ADJP (JJ=H ))) (. ))),3,85393,"0,0793396247"
(ROOT (NP=H (NP=H (NNP ) (NNP=H )) (: ) (NP (NP=H (NNP ) (NNP ) (NNP ) (NNP=H )) (SBAR (S=H (NP (NNS=H )) (VP=H (VBP=H ) (ADJP (JJ=H )))))) (. ))),3,85396,"0,079342412"
(ROOT (S=H (NP (NP=H (NNP ) (NNPS ) (NN=H )) (CC ) (NP (NN=H ))) (VP=H (VBP=H ) (ADJP (JJ=H ))) (. ))),3,85399,"0,0793451993"
(ROOT (S=H (NP (NNP ) (NNP ) (NNP ) (NN=H ) (CC ) (NNS )) (VP=H (VBP=H ) (ADJP (JJ=H ))) (. ))),3,85402,"0,0793479867"
(ROOT (S=H (NP (NAC (NNP=H ) (CD )) (NNS=H )) (VP=H (VBP=H ) (ADJP (JJ=H ))) (. ))),3,85405,"0,079350774"
(ROOT (S=H (NP (NP=H (NNP ) (NNPS ) (NNP=H )) (NP (JJ ) (NNS=H ))) (VP=H (VBP=H ) (ADJP (JJ=H ))) (. ))),3,85408,"0,0793535613"
(ROOT (S=H (NP (NP=H (NNP ) (NNPS ) (NNP=H )) (PP (IN=H ) (NP (DT ) (NNP ) (NNS=H )))) (VP=H (VBP=H ) (ADJP (JJ=H ))) (. ))),3,85411,"0,0793563487"
(ROOT (S=H (NP (NP=H (NNP ) (NNPS ) (NNP=H )) (PP (IN=H ) (NP (DT ) (NNP ) (NNP=H )))) (VP=H (VBP=H ) (ADJP (JJ=H ))) (. ))),3,85414,"0,079359136"
(ROOT (S=H (NP (NP=H (NNP ) (NNPS ) (NNP ) (NNP ) (NNS=H )) (PP (IN=H ) (NP (DT ) (NNP ) (NNP=H )))) (VP=H (VBP=H ) (ADJP (JJ=H ))) (. ))),3,85417,"0,0793619233"
(ROOT (S=H (NP (NNP ) (NNPS ) (NNP ) (NNP=H )) (VP=H (VBP=H ) (SBAR (S=H (NP (NN ) (NNS=H )) (VP=H (VBP=H ) (ADJP (JJ=H )))))) (. ))),3,85420,"0,0793647107"
(ROOT (S=H (NP (NNP ) (NNP ) (NN ) (CC ) (NN ) (NN ) (NN=H )) (VP=H (VBP=H ) (ADJP (JJ=H ))) (. ))),3,85423,"0,079367498"
(ROOT (S=H (NP (NP=H (NNP ) (NNP ) (NN ) (NN=H )) (CC ) (NP (NN ) (NN ) (NNS=H ))) (VP=H (VBP=H ) (ADJP (JJ=H ))) (. ))),3,85426,"0,0793702853"
(ROOT (S=H (NP (NP=H (NNP=H )) (PP (IN=H ) (NP (NNP=H ) (CC ) (NNP ))) (PP (IN=H ) (NP (NNP ) (NNS=H )))) (VP=H (VBP=H ) (ADJP (JJ=H ))) (. ))),3,85429,"0,0793730727"
(ROOT (S=H (NP (NP=H (NNP=H )) (PP (IN=H ) (NP (NP=H (NNP=H )) (PP (IN=H ) (NP (ADJP (NNP=H ) (NNP )) (NNS=H )))))) (VP=H (VBP=H ) (ADJP (JJ=H ))) (. ))),3,85432,"0,07937586"
(ROOT (S=H (NP (NP=H (JJ ) (NN ) (NN=H )) (PRN (-LRB- ) (NP=H (NNS=H )) (-RRB- ))) (VP=H (VBP=H ) (ADJP (JJ=H ))) (. ))),3,85435,"0,0793786473"
(ROOT (S=H (NP (NNP=H )) (VP=H (VBD=H ) (SBAR (S=H (NP (NP=H (NP=H (NNS=H )) (PP (IN=H ) (NP (NP=H (NNS=H )) (PP (IN=H ) (NP (NNP=H )))))) (PRN (-LRB- ) (NNP ) (NN=H ) (-RRB- ))) (VP=H (VBP=H ) (ADJP (JJ=H )))))) (. ))),3,85438,"0,0793814347"
(ROOT (S=H (NP (NP=H (NP=H (NNP ) (NNP ) (NNP=H )) (NP (JJ ) (NNS=H ))) (CC ) (NP (NP=H (NNS=H )) (PP (IN=H ) (NP (DT ) (NNP ) (NNP=H ))))) (VP=H (VBP=H ) (ADJP (JJ=H ))) (. ))),3,85441,"0,079384222"
(ROOT (S=H (NP (NP=H (NNP ) (NNP ) (NN ) (NN=H )) (NP (JJ ) (NNS=H ))) (VP=H (VBP=H ) (ADJP (JJ=H ))) (. ))),3,85444,"0,0793870093"
(ROOT (FRAG=H (NP (NP=H (NNS=H )) (PP (IN=H ) (NP (JJ ) (NN=H )))) (: ) (S=H (NP (NNP ) (IN ) (NNP ) (NNP=H )) (VP=H (VBP=H ) (ADJP (JJ=H )))) (. ))),3,85447,"0,0793897967"
(ROOT (FRAG=H (NP (NNP=H )) (: ) (S=H (NP (NNP ) (NNP ) (NNS=H )) (VP=H (VBP=H ) (ADJP (JJ=H )))) (. ))),3,85450,"0,079392584"
(ROOT (S=H (NP (NN ) (CC ) (NNPS ) (NNS=H )) (VP=H (VBP=H ) (ADJP (JJ=H ))) (. ))),3,85453,"0,0793953714"
(ROOT (S=H (NP (NP=H (NNP ) (NNP=H )) (PP (IN=H ) (NP (JJ ) (NNP ) (NNP ) (NNS=H )))) (VP=H (VBP=H ) (ADJP (JJ=H ))) (. ))),3,85456,"0,0793981587"
(ROOT (FRAG=H (NP (NNP=H )) (: ) (S=H (NP (NP=H (NNP ) (NNP ) (NN ) (NNS=H )) (PP (TO=H ) (NP (NNS=H )))) (VP=H (VBP=H ) (ADJP (JJ=H )))) (. ))),3,85459,"0,079400946"
(ROOT (S=H (NP (NP=H (NP (NNS ) (POS=H )) (NNP=H )) (PP (IN=H ) (NP (NNP ) (JJ ) (NN ) (NNS=H )))) (VP=H (VBP=H ) (ADJP (JJ=H ))) (. ))),3,85462,"0,0794037334"
(ROOT (S=H (PP (IN=H ) (PP (IN=H ) (NP (NNP=H )))) (NP (NNS=H )) (VP=H (VBP=H ) (ADJP (JJ=H ))) (. ))),3,85465,"0,0794065207"
(ROOT (S=H (NP (NP=H (NNP=H ) (. )) (NP (NN ) (NNS=H ))) (VP=H (VBP=H ) (ADJP (JJ=H ))) (. ))),3,85468,"0,079409308"
"(ROOT (S=H (NP (NP=H (JJ ) (NNS ) (, ) (NNS=H ) (CC ) (NNS )) (PP (IN=H ) (NP (NN ) (NNS=H )))) (VP=H (VBP=H ) (ADJP (JJ=H ))) (. )))",3,85471,"0,0794120954"
(ROOT (S=H (NP (NP (NNP ) (NNP ) (NNP ) (POS=H )) (NNS ) (NNS=H )) (VP=H (VBP=H ) (ADJP (JJ=H ))) (. ))),3,85474,"0,0794148827"
"(ROOT (S=H (NP (NP=H (NNP=H )) (PP (IN=H ) (NP (NNP ) (, ) (NNP ) (NNP ) (NN ) (NNS=H )))) (VP=H (VBP=H ) (ADJP (JJ=H ))) (. )))",3,85477,"0,07941767"
(ROOT (S=H (NP (NP=H (NNP ) (NNP ) (NN=H )) (CC ) (NP (NN ) (NNS=H ))) (VP=H (VBP=H ) (ADJP (JJ=H ))) (. ))),3,85480,"0,0794204574"
(ROOT (S=H (NP (NP=H (CD=H )) (CC ) (NP (DT ) (QP (DT=H )) (NN ) (NNS=H ))) (VP=H (VBP=H ) (ADJP (JJ=H ))) (. ))),3,85483,"0,0794232447"
(ROOT (S=H (NP (NP=H (NNP ) (NNPS ) (JJ ) (NNS=H )) (PP (IN=H ) (NP (DT ) (NNPS=H )))) (VP=H (VBP=H ) (ADJP (JJ=H ))) (. ))),3,85486,"0,079426032"
(ROOT (S=H (NP (NN ) (NN ) (CC ) (JJ ) (NN ) (NNS=H )) (VP=H (VBP=H ) (ADJP (JJ=H ))) (. ))),3,85489,"0,0794288194"
(ROOT (S=H (NP (NP=H (NNP=H )) (PP (IN=H ) (NP (CD ) (JJ ) (NNS=H )))) (VP=H (VBP=H ) (ADJP (JJ=H ))) (. ))),3,85492,"0,0794316067"
(ROOT (S=H (NP (PRP=H )) (VP=H (VBP=H ) (NP (NP=H (DT ) (NN=H )) (SBAR (S=H (NP (NNS=H )) (VP=H (VBP=H ) (ADJP (JJ=H ))))))) (. ))),3,85495,"0,079434394"
(ROOT (S=H (NP (NP=H (NN=H )) (PP (IN=H ) (NP (NNP ) (NN ) (NNS=H )))) (VP=H (VBP=H ) (ADJP (JJ=H ))) (. ))),3,85498,"0,0794371814"
(ROOT (S=H (NP (NP=H (NNP ) (NNP=H )) (PP (NNP=H ) (NP (NNS=H )))) (VP=H (VBP=H ) (ADJP (JJ=H ))) (. ))),3,85501,"0,0794399687"
(ROOT (S=H (NP (NP=H (NNP ) (NNP ) (NNP=H )) (CC ) (NP (DT ) (NNPS=H ))) (VP=H (VBP=H ) (ADJP (JJ=H ))) (. ))),3,85504,"0,079442756"
(ROOT (S=H (NP (NP=H (NNP ) (NNP=H )) (PP (IN=H ) (NP (NP (NNP ) (POS=H )) (NNS=H )))) (VP=H (VBP=H ) (ADJP (JJ=H ))) (. ))),3,85507,"0,0794455434"
(ROOT (S=H (NP (NNP=H )) (VP=H (VBD=H ) (SBAR (S=H (NP (NP=H (NNS=H )) (PP (IN=H ) (NP (NNP ) (NNP=H ) (CC ) (NNP )))) (VP=H (VBP=H ) (ADJP (JJ=H )))))) (. ))),3,85510,"0,0794483307"
(ROOT (S=H (NP (NNP=H )) (VP=H (VBD=H ) (SBAR (S=H (NP (NP=H (NNS=H )) (PP (IN=H ) (NP (NP=H (DT ) (NNP=H )) (PP (IN=H ) (NP (NNP=H )))))) (VP=H (VBP=H ) (ADJP (JJ=H )))))) (. ))),3,85513,"0,079451118"
(ROOT (S=H (NP (NP=H (NNP=H ) (. )) (NP (JJ ) (NNS=H ))) (VP=H (VBP=H ) (ADJP (JJ=H ))) (. ))),3,85516,"0,0794539054"
(ROOT (S=H (NP (NNP=H )) (NP-TMP (DT ) (JJ ) (JJ ) (NNS=H )) (VP=H (VBP=H ) (ADJP (JJ=H ))) (. ))),3,85519,"0,0794566927"
(ROOT (S=H (NP (NP=H (NNP ) (NNP=H )) (PP (IN=H ) (NP (NP=H (NNP ) (NNP ) (NNS=H )) (PP (IN=H ) (NP (NNS=H )))))) (VP=H (VBP=H ) (ADJP (JJ=H ))) (. ))),3,85522,"0,0794594801"
(ROOT (S=H (NP (NNP=H )) (PP (IN=H ) (NP (DT ) (NN ) (NNS=H ))) (VP=H (VBP=H ) (ADJP (JJ=H ))) (. ))),3,85525,"0,0794622674"
(ROOT (S=H (NP (NP=H (NP (NNS ) (POS=H )) (NNP=H )) (PP (IN=H ) (NP (NNP ) (JJ ) (NNS=H )))) (VP=H (VBP=H ) (ADJP (JJ=H ))) (. ))),3,85528,"0,0794650547"
(ROOT (S=H (NP (NP=H (NNP ) (NNP=H )) (PP (TO=H ) (NP (DT ) (NNP ) (NNPS ) (NNP=H )))) (VP=H (VBP=H ) (ADJP (JJ=H ))) (. ))),3,85531,"0,0794678421"
"(ROOT (S=H (NP (NP=H (JJ ) (JJ ) (NN ) (NN=H )) (, ) (NP (CD ) (NN ) (NNS=H ))) (VP=H (VBP=H ) (ADJP (JJ=H ))) (. )))",3,85534,"0,0794706294"
(ROOT (S=H (NP (NP=H (JJ=H )) (PP (IN=H ) (NP (DT ) (NNP ) (NNPS=H )))) (VP=H (VBP=H ) (ADJP (JJ=H ))) (. ))),3,85537,"0,0794734167"
(ROOT (S=H (NP (NP=H (NN=H )) (PP (IN=H ) (NP (NP=H (NNP ) (NNS=H )) (PP (IN=H ) (NP (NN=H )))))) (VP=H (VBP=H ) (ADJP (JJ=H ))) (. ))),3,85540,"0,0794762041"
(ROOT (S=H (NP (NP=H (NN ) (CC ) (NNS ) (NNS=H )) (PP (IN=H ) (NP (NN=H )))) (VP=H (VBP=H ) (ADJP (JJ=H ))) (. ))),3,85543,"0,0794789914"
(ROOT (S=H (NP (NP=H (NN=H )) (PP (IN=H ) (NP (DT ) (NNP ) (NN ) (NNS=H )))) (VP=H (VBP=H ) (ADJP (JJ=H ))) (. ))),3,85546,"0,0794817787"
(ROOT (S=H (NP (NP=H (NNP=H )) (PP (IN=H ) (NP (NP=H (JJ ) (NNS=H )) (PP (IN=H ) (NP (DT ) (NNP ) (NNP=H )))))) (VP=H (VBP=H ) (ADJP (JJ=H ))) (. ))),3,85549,"0,0794845661"
(ROOT (S=H (NP (NP=H (NNP ) (JJ ) (NN=H )) (CC ) (NP (NN ) (NN ) (NNS=H ))) (VP=H (VBP=H ) (ADJP (JJ=H ))) (. ))),3,85552,"0,0794873534"
"(ROOT (S=H (PP (ADVP (RB=H )) (IN=H ) (NP (NNP ) (NNPS=H ))) (, ) (NP (NNP=H )) (VP=H (VBP=H ) (ADJP (JJ=H ))) (. )))",3,85555,"0,0794901407"
(ROOT (S=H (NP (NP=H (JJ ) (NN ) (NNS ) (NNS=H )) (PP (IN=H ) (NP (NN=H )))) (VP=H (VBP=H ) (ADJP (JJ=H ))) (. ))),3,85558,"0,0794929281"
"(ROOT (S=H (NP (NAC (NNP=H ) (NNP ) (, ) (NNP )) (NNP ) (NNP ) (NNP=H )) (ADVP (RB=H )) (VP=H (VBP=H ) (ADJP (JJ=H ))) (. )))",3,85561,"0,0794957154"
(ROOT (S=H (NP (NP=H (NNP ) (NNP=H )) (CC ) (NP (DT ) (JJ ) (NN ) (NNS=H ))) (VP=H (VBP=H ) (ADJP (JJ=H ))) (. ))),3,85564,"0,0794985027"
(ROOT (S=H (NP (NP=H (NNP ) (NNP=H )) (PP (IN=H ) (NP (DT ) (NNP ) (NNPS=H )))) (VP=H (VBP=H ) (SBAR (S=H (NP (NNS=H )) (VP=H (VBP=H ) (ADJP (JJ=H )))))) (. ))),3,85567,"0,0795012901"
(ROOT (S=H (NP (NP=H (NNP=H )) (PP (IN=H ) (NP (DT ) (NNP ) (NNPS ) (NN=H )))) (VP=H (VBD=H ) (SBAR (S=H (NP (NNS=H )) (VP=H (VBP=H ) (ADJP (JJ=H )))))) (. ))),3,85570,"0,0795040774"
"(ROOT (S=H (PP (NP (NNP ) (, ) (NNP ) (CC ) (NNP ) (NNP ) (NNP ) (NNS=H )) (IN=H ) (NP (NNP ) (NNP=H ))) (, ) (NP (NNP=H )) (VP=H (VBP=H ) (ADJP (JJ=H ))) (. )))",3,85573,"0,0795068647"
(ROOT (S=H (NP (NP=H (NP (NNS ) (POS=H )) (NNP=H )) (PP (IN=H ) (NP (NNP ) (NN ) (NN ) (NNS=H )))) (VP=H (VBP=H ) (ADJP (JJ=H ))) (. ))),3,85576,"0,0795096521"
(ROOT (S=H (NP (NNP=H )) (VP=H (VBD=H ) (NP (NP=H (NNS=H )) (SBAR (S=H (NP (CD ) (NNP ) (NNPS=H )) (VP=H (VBP=H ) (ADJP (JJ=H ))))))) (. ))),3,85579,"0,0795124394"
(ROOT (S=H (NP (NP=H (JJ ) (NNS ) (NN ) (NN=H )) (PP (IN=H ) (NP (DT ) (NNP ) (NNPS=H )))) (VP=H (VBP=H ) (ADJP (JJ=H ))) (. ))),3,85582,"0,0795152267"
"(ROOT (S=H (S (NP (NNP=H )) (VP=H (VBN=H ) (PP (IN=H ) (NP (NNP ) (NNPS=H ))))) (, ) (NP (NNP=H )) (VP=H (VBP=H ) (ADJP (JJ=H ))) (. )))",3,85585,"0,0795180141"
(ROOT (S=H (NP (DT ) (NN=H ) (S (VP=H (TO=H ) (VP (VB=H ) (NP (NNS=H )))))) (VP=H (VBP=H ) (ADJP (JJ=H ))) (. ))),3,85588,"0,0795208014"
(ROOT (S=H (NP (NP=H (NNP=H )) (PP (IN=H ) (NP (NP=H (NP=H (NNP=H )) (PRN (-LRB- ) (NP=H (NNP=H )) (-RRB- ))) (NP (JJ ) (NN ) (NN ) (NNS=H ))))) (VP=H (VBP=H ) (ADJP (JJ=H ))) (. ))),3,85591,"0,0795235887"
"(ROOT (S=H (S (VP=H (VBG=H ) (NP (NNS=H ) (CC ) (NNS )) (PP (IN=H ) (NP (NNP ) (NNP=H ))))) (, ) (NP (NNP=H )) (VP=H (VBP=H ) (ADJP (JJ=H ))) (. )))",3,85594,"0,0795263761"
(ROOT (S=H (NP (NP=H (NNP ) (NNP ) (JJ ) (NN=H )) (VP (VBG=H ) (NP (NNS=H )))) (VP=H (VBP=H ) (ADJP (JJ=H ))) (. ))),3,85597,"0,0795291634"
(ROOT (S=H (NP (NP=H (NNP ) (NNP=H )) (NP (JJR ) (NNP ) (NNS=H ))) (VP=H (VBP=H ) (ADJP (JJ=H ))) (. ))),3,85600,"0,0795319508"
(ROOT (S=H (NP (NP (JJ ) (NNS ) (POS=H )) (NNP ) (NNP ) (NNS=H )) (VP=H (VBP=H ) (ADJP (JJ=H ))) (. ))),3,85603,"0,0795347381"
(ROOT (S=H (NP (NP=H (NNP ) (NNP=H )) (PP (IN=H ) (NP (NP=H (DT ) (NN=H )) (PP (IN=H ) (NP (NNP ) (NNPS=H )))))) (VP=H (VBP=H ) (ADJP (JJ=H ))) (. ))),3,85606,"0,0795375254"
"(ROOT (S=H (NP (NP=H (NNP=H )) (PP (IN=H ) (NP (NP=H (NNPS ) (NNP=H )) (, ) (NP (NNP ) (NNP ) (NNP=H ))))) (VP=H (VBP=H ) (ADJP (JJ=H ))) (. )))",3,85609,"0,0795403128"
(ROOT (S=H (NP (NP (NNP ) (NNP ) (POS=H )) (NNP ) (CC ) (NNP ) (NNP=H )) (VP=H (VBP=H ) (ADJP (JJ=H ))) (. ))),3,85612,"0,0795431001"
"(ROOT (S=H (NP (NP=H (JJ ) (NN ) (NN=H )) (, ) (NP (NP=H (JJ ) (NN ) (NNS=H )) (NP (NNS=H )))) (VP=H (VBP=H ) (ADJP (JJ=H ))) (. )))",3,85615,"0,0795458874"
"(ROOT (S=H (NP (NP=H (JJ ) (NNS ) (NNS=H )) (PP (IN=H ) (NP (NNP ) (, ) (NNP=H )))) (VP=H (VBP=H ) (ADJP (JJ=H ))) (. )))",3,85618,"0,0795486748"
(ROOT (S=H (NP (NP=H (NP (NNP ) (POS=H )) (NNS ) (NNS=H )) (PP (IN=H ) (NP (DT ) (NNP ) (NNP=H )))) (VP=H (VBP=H ) (ADJP (JJ=H ))) (. ))),3,85621,"0,0795514621"
(ROOT (S=H (NP (NP=H (NNP ) (NNP=H )) (PP (IN=H ) (NP (NNP ) (CD ) (NNS=H )))) (VP=H (VBP=H ) (ADJP (JJ=H ))) (. ))),3,85624,"0,0795542494"
(ROOT (S=H (NP (NNP=H )) (VP=H (VBD=H ) (SBAR (S=H (NP (NNS=H )) (VP=H (VBP=H ) (SBAR (S=H (NP (JJ ) (NN=H )) (VP=H (VBP=H ) (ADJP (JJ=H ))))))))) (. ))),3,85627,"0,0795570368"
(ROOT (S=H (NP (NNP=H )) (VP=H (VBD=H ) (NP (NP=H (NNS=H )) (SBAR (S=H (NP (JJ ) (NNS=H )) (VP=H (VBP=H ) (ADJP (JJ=H ))))))) (. ))),3,85630,"0,0795598241"
(ROOT (S=H (NP (NP=H (NNP=H )) (PP (IN=H ) (NP (NNP ) (NNS=H ) (CC ) (NNS )))) (VP=H (VBP=H ) (SBAR (S=H (NP (NNS=H )) (VP=H (VBP=H ) (ADJP (JJ=H )))))) (. ))),3,85633,"0,0795626114"
(ROOT (S=H (NP (NNP=H )) (VP=H (VBD=H ) (SBAR (S=H (NP (JJ ) (NN ) (NN ) (NNS=H )) (VP=H (VBP=H ) (ADJP (JJ=H )))))) (. ))),3,85636,"0,0795653988"
(ROOT (S=H (NP (NNP=H )) (VP=H (VBD=H ) (NP (NP=H (NNS=H )) (SBAR (S=H (NP (NP=H (NN ) (NN ) (NNS=H )) (ADJP (JJ ) (JJ=H ))) (VP=H (VBP=H ) (ADJP (JJ=H ))))))) (. ))),3,85639,"0,0795681861"
"(ROOT (S=H (S (NP=H (NP=H (NNP ) (NNP=H )) (PP (IN=H ) (NP (NNP=H ))))) (, ) (NP (NNP ) (NNS=H )) (VP=H (VBP=H ) (ADJP (JJ=H ))) (. )))",3,85642,"0,0795709734"
(ROOT (S=H (NP (NNP=H )) (VP=H (VBD=H ) (NP (NP=H (NNS=H )) (SBAR (S=H (NP (NNP ) (NN=H )) (VP=H (VBD=H ) (SBAR (S=H (NP (NN=H )) (VP=H (VBP=H ) (ADJP (JJ=H )))))))))) (. ))),3,85645,"0,0795737608"
(ROOT (S=H (NP (NNP ) (NNP ) (CC ) (NN ) (NN ) (NNS=H )) (VP=H (VBP=H ) (ADJP (JJ=H ))) (. ))),3,85648,"0,0795765481"
(ROOT (S=H (NP (NP=H (JJ ) (NN=H )) (PP (IN=H ) (NP (DT ) (JJ ) (NNS=H )))) (VP=H (VBP=H ) (ADJP (JJ=H ))) (. ))),3,85651,"0,0795793354"
(ROOT (S=H (NP (NNP ) (CC ) (NNP ) (NNPS ) (NN=H )) (VP=H (VBZ=H ) (SBAR (S=H (VP=H (VBP=H ) (ADJP (JJ=H )))))) (. ))),3,85654,"0,0795821228"
(ROOT (S=H (NP (NP=H (NNP ) (NNPS ) (NNP=H )) (CC ) (NP (NNP ) (NNP ) (NNS=H ))) (VP=H (VBP=H ) (ADJP (JJ=H ))) (. ))),3,85657,"0,0795849101"
(ROOT (S=H (NP (NP (JJ ) (NNS ) (NNS ) (POS=H )) (NNS=H )) (VP=H (VBP=H ) (ADJP (JJ=H ))) (. ))),3,85660,"0,0795876974"
(ROOT (FRAG=H (NP (NP=H (NNS=H )) (PP (IN=H ) (NP (NNP=H )))) (: ) (S=H (NP (NNP=H )) (VP=H (VBP=H ) (ADJP (JJ=H )))) (. ))),3,85663,"0,0795904848"
(ROOT (S=H (NP (NP (NNS ) (POS=H )) (NNP ) (NNS=H )) (VP=H (VBP=H ) (ADJP (JJ=H ))) (. ))),3,85666,"0,0795932721"
(ROOT (S=H (NP (NNP=H )) (PRN (-LRB- ) (NP=H (NNP=H )) (-RRB- )) (NP (NNP ) (NNS=H )) (VP=H (VBP=H ) (ADJP (JJ=H ))) (. ))),3,85669,"0,0795960595"
"(ROOT (S=H (NP (NP=H (NNP ) (NNP=H )) (PP (IN=H ) (NP (NP=H (NNP ) (NNPS=H )) (PP (IN=H ) (NP (NP=H (NP=H (NNP ) (NNP=H )) (PRN (-LRB- ) (NP=H (NN=H )) (-RRB- ))) (, ) (NP (NNP ) (NNP=H ))))))) (VP=H (VBP=H ) (ADJP (JJ=H ))) (. )))",3,85672,"0,0795988468"
(ROOT (S=H (NP (NP=H (NN=H )) (PP (TO=H ) (NP (JJ ) (NNS=H )))) (VP=H (VBP=H ) (ADJP (JJ=H ))) (. ))),3,85675,"0,0796016341"
"(ROOT (S=H (NP (NAC (NNP=H ) (, ) (NNP ) (, )) (NNP=H )) (VP=H (VBP=H ) (ADJP (JJ=H ))) (. )))",3,85678,"0,0796044215"
(ROOT (S=H (NP (NP=H (NNP ) (NNP ) (NNPS ) (JJ ) (NNS=H )) (PP (IN=H ) (NP (DT ) (NNP ) (NNPS=H )))) (VP=H (VBP=H ) (ADJP (JJ=H ))) (. ))),3,85681,"0,0796072088"
(ROOT (S=H (NP (NP=H (JJ ) (NN=H )) (PP (IN=H ) (NP (NNP ) (NNPS ) (NNP=H )))) (VP=H (VBP=H ) (ADJP (JJ=H ))) (. ))),3,85684,"0,0796099961"
(ROOT (S=H (NP (NP=H (NNP ) (NNP=H )) (PP (IN=H ) (NP (NP=H (DT ) (NNP ) (NNS=H )) (PP (IN=H ) (NP (NNP ) (NNP=H )))))) (VP=H (VBP=H ) (ADJP (JJ=H ))) (. ))),3,85687,"0,0796127835"
(ROOT (S=H (NP (NNP=H )) (VP=H (VBD=H ) (NP (NP=H (NNS=H )) (SBAR (S=H (NP (NP=H (NN ) (NN ) (NNS=H )) (PRN (-LRB- ) (NP=H (NNP=H )) (-RRB- ))) (VP=H (VBP=H ) (ADJP (JJ=H ))))))) (. ))),3,85690,"0,0796155708"
(ROOT (S=H (NP (NNP=H )) (VP=H (VBD=H ) (NP (NP=H (NNS=H )) (SBAR (S=H (NP (NP=H (NP=H (NN ) (NN ) (NNS=H )) (PRN (-LRB- ) (NP=H (NNP=H )) (-RRB- ))) (ADJP (JJ ) (JJ=H ))) (VP=H (VBP=H ) (ADJP (JJ=H ))))))) (. ))),3,85693,"0,0796183581"
(ROOT (S=H (NP (NP=H (NN=H )) (PP (IN=H ) (NP (NNS ) (NN=H )))) (VP=H (VBP=H ) (ADJP (JJ=H ))) (. ))),3,85696,"0,0796211455"
(ROOT (S=H (NP (CD ) (NNP ) (NNP ) (NNPS ) (NNPS ) (NNS=H )) (VP=H (VBP=H ) (ADJP (JJ=H ))) (. ))),3,85699,"0,0796239328"
"(ROOT (S=H (S (NP=H (NP=H (NNS=H ) (CC ) (NNS )) (PP (IN=H ) (NP (NNP ) (NN=H ))))) (, ) (NP (NNP ) (NNP=H )) (VP=H (VBP=H ) (ADJP (JJ=H ))) (. )))",3,85702,"0,0796267201"
(ROOT (S=H (NP (NP=H (NNP ) (NNPS ) (NNP ) (NNS=H )) (VP (VBG=H ) (NP (NN=H )))) (VP=H (VBP=H ) (ADJP (JJ=H ))) (. ))),3,85705,"0,0796295075"
(ROOT (S=H (NP (NP=H (NNP ) (NNP ) (NNP=H )) (PP (IN=H ) (NP (NNPS=H ) (CC ) (NNPS )))) (VP=H (VBP=H ) (ADJP (JJ=H ))) (. ))),3,85708,"0,0796322948"
(ROOT (S=H (NP (NNP=H )) (VP=H (VBD=H ) (SBAR (S=H (NP (JJ ) (NN ) (NNS=H )) (VP=H (VBP=H ) (ADJP (JJ=H )))))) (. ))),3,85711,"0,0796350821"
(ROOT (S=H (PP (IN=H ) (NP (NP=H (NNP=H )) (PP (IN=H ) (NP (NNP=H ))))) (NP (NNS=H )) (VP=H (VBP=H ) (ADJP (JJ=H ))) (. ))),3,85714,"0,0796378695"
(ROOT (S=H (NP (NP=H (NNP=H ) (CD )) (PP (IN=H ) (NP (NP=H (NNP ) (NN=H ) (CD )) (PP (IN=H ) (NP (NP=H (DT ) (JJ ) (NN=H )) (PP (IN=H ) (NP (NNP ) (NNPS=H )))))))) (VP=H (VBP=H ) (ADJP (JJ=H ))) (. ))),3,85717,"0,0796406568"
(ROOT (S=H (NP (NP=H (NNP ) (NNPS ) (NNP ) (NNP ) (NNP=H )) (PP (IN=H ) (NP (NN ) (NNS=H )))) (VP=H (VBP=H ) (ADJP (JJ=H ))) (. ))),3,85720,"0,0796434441"
(ROOT (S=H (NP (NP (NNS ) (POS=H )) (NNP ) (NNP ) (NNP ) (NNS=H )) (VP=H (VBP=H ) (ADJP (JJ=H ))) (. ))),3,85723,"0,0796462315"
(ROOT (NP=H (NP=H (NP=H (NNS=H )) (PP (IN=H ) (NP (JJ ) (NN=H )))) (: ) (NP (NP=H (NP=H (NNP=H )) (PP (IN=H ) (NP (NNP=H )))) (: ) (S (NP (NNP ) (NNP=H )) (VP=H (VBP=H ) (ADJP (JJ=H ))))) (. ))),3,85726,"0,0796490188"
(ROOT (S=H (NP (NP (NNP ) (NNP ) (POS=H )) (NNPS ) (NNP ) (NNP=H )) (VP=H (VBP=H ) (ADJP (JJ=H ))) (. ))),3,85729,"0,0796518061"
"(ROOT (S=H (S (NP (JJ ) (NNS=H )) (VP=H (VBN=H ) (PP (IN=H ) (NP (NNP=H ))))) (, ) (NP (NNP ) (NNP=H )) (VP=H (VBP=H ) (ADJP (JJ=H ))) (. )))",3,85732,"0,0796545935"
(ROOT (S=H (NP (NP=H (NNP ) (NNP ) (NNP=H )) (PP (IN=H ) (NP (JJS ) (NNP ) (NNP ) (NNS=H )))) (VP=H (VBP=H ) (ADJP (JJ=H ))) (. ))),3,85735,"0,0796573808"
(ROOT (S=H (NP (NNP=H )) (VP=H (VBD=H ) (SBAR (S=H (NP (NP=H (NNS=H )) (PP (IN=H ) (NP (NP=H (NNS=H )) (PP (IN=H ) (NP (DT ) (NNP ) (NNP=H )))))) (VP=H (VBP=H ) (ADJP (JJ=H )))))) (. ))),3,85738,"0,0796601682"
(ROOT (S=H (NP (NNP ) (NNP ) (NNS ) (NN ) (NNP ) (NNP=H )) (VP=H (VBP=H ) (ADJP (JJ=H ))) (. ))),3,85741,"0,0796629555"
(ROOT (S=H (NP (NP=H (JJ ) (NN ) (NN=H )) (VP (VBG=H ) (PP (IN=H ) (NP (DT ) (CD ) (NNPS ) (NNPS=H ))))) (VP=H (VBP=H ) (ADJP (JJ=H ))) (. ))),3,85744,"0,0796657428"
(ROOT (S=H (NP (NP=H (NNS ) (CC ) (NNS ) (NNS=H )) (VP (VBG=H ) (NP (NN=H )))) (VP=H (VBP=H ) (ADJP (JJ=H ))) (. ))),3,85747,"0,0796685302"
(ROOT (S=H (NP (DT ) (NNP=H )) (VP=H (VBZ=H ) (SBAR (S=H (NP (JJ ) (NNS=H )) (VP=H (VBP=H ) (ADJP (JJ=H )))))) (. ))),3,85750,"0,0796713175"
(ROOT (S=H (NP (NP=H (NNP ) (NNP=H )) (CC ) (NP (DT ) (JJ ) (NNS ) (NNS=H ))) (VP=H (VBP=H ) (ADJP (JJ=H ))) (. ))),3,85753,"0,0796741048"
(ROOT (S=H (NP (NP=H (NNP ) (NNP ) (NNP=H )) (PP (IN=H ) (NP (DT ) (NNP ) (NNP ) (NNS=H )))) (VP=H (VBP=H ) (ADJP (JJ=H ))) (. ))),3,85756,"0,0796768922"
(ROOT (S=H (NP (NP=H (NNP ) (NNPS ) (JJ ) (NNS=H )) (PP (IN=H ) (NP (NN=H ) (CC ) (NN )))) (VP=H (VBP=H ) (ADJP (JJ=H ))) (. ))),3,85759,"0,0796796795"
(ROOT (S=H (NP (PRP=H )) (VP=H (VBP=H ) (NP (NP=H (DT ) (JJ ) (NNS=H )) (SBAR (S=H (VP=H (VBP=H ) (ADJP (JJ=H ))))))) (. ))),3,85762,"0,0796824668"
(ROOT (S=H (NP (NP=H (JJ ) (NN=H )) (PP (IN=H ) (NP (NP=H (DT ) (NNP ) (NNPS=H )) (PP (IN=H ) (NP (NNP=H )))))) (VP=H (VBP=H ) (ADJP (JJ=H ))) (. ))),3,85765,"0,0796852542"
(ROOT (FRAG=H (NP (NN=H )) (: ) (S=H (NP (NNP ) (NNP=H )) (VP=H (VBP=H ) (ADJP (JJ=H )))) (. ))),3,85768,"0,0796880415"
(ROOT (S=H (NP (NP=H (NNP ) (NNPS ) (NNP=H )) (PP (IN=H ) (NP (NP=H (DT ) (NN=H )) (PP (IN=H ) (NP (NP=H (NNP ) (NNP=H )) (CC ) (NP (NNP ) (NNP=H ))))))) (VP=H (VBP=H ) (ADJP (JJ=H ))) (. ))),3,85771,"0,0796908288"
"(ROOT (S=H (S (NP (NNP=H )) (VP=H (VBD=H ) (NP (JJ ) (NN ) (NNS=H )) (PP (IN=H ) (NP (NNP ) (NNP=H ))))) (, ) (NP (NNP ) (NNP=H )) (VP=H (VBP=H ) (ADJP (JJ=H ))) (. )))",3,85774,"0,0796936162"
"(ROOT (S=H (S (NP (NNP=H )) (VP=H (VBD=H ) (NP (JJ ) (NN ) (NNS=H )) (PP (IN=H ) (NP (NNP ) (NNP=H ))))) (, ) (NP (NNP ) (NNP=H )) (VP=H (VBD=H ) (SBAR (S=H (NP (NN=H )) (VP=H (VBP=H ) (ADJP (JJ=H )))))) (. )))",3,85777,"0,0796964035"
"(ROOT (S=H (S (NP (NNP=H )) (VP=H (VBD=H ) (NP (JJ ) (NN ) (NNS=H )) (PP (IN=H ) (NP (NNP ) (NNP=H ))))) (, ) (NP (NNP ) (NNP ) (JJ ) (NN=H )) (VP=H (VBP=H ) (ADJP (JJ=H ))) (. )))",3,85780,"0,0796991908"
(ROOT (S=H (S=H (NP (NNP=H )) (VP=H (VBZ=H ) (PP (IN=H ) (NP (NN=H ))))) (: ) (S (NP (NNS=H )) (VP=H (VBP=H ) (ADJP (JJ=H )))) (. ))),3,85783,"0,0797019782"
(ROOT (NP=H (NP=H (NNP ) (NNP=H )) (: ) (S (NP (JJ ) (NNS=H )) (VP=H (VBP=H ) (ADJP (JJ=H )))) (. ))),3,85786,"0,0797047655"
(ROOT (S=H (NP (NP=H (NNP=H )) (CC ) (NP (DT ) (JJ ) (NN ) (NNS=H ))) (VP=H (VBP=H ) (ADJP (JJ=H ))) (. ))),3,85789,"0,0797075528"
(ROOT (S=H (NP (NP=H (NNP ) (NNP=H )) (PP (IN=H ) (NP (NP=H (JJ ) (NN ) (NNS=H )) (SBAR (WHNP=H (WP=H )) (S (VP=H (VBD=H ) (ADJP (JJ=H )))))))) (VP=H (VBP=H ) (ADJP (JJ=H ))) (. ))),3,85792,"0,0797103402"
(ROOT (S=H (NP (NP=H (NN=H )) (PP (IN=H ) (NP (JJ ) (NN ) (NNS=H )))) (VP=H (VBP=H ) (ADJP (JJ=H ))) (. ))),3,85795,"0,0797131275"
(ROOT (S=H (NP (NP=H (JJ ) (NN ) (CC ) (NN ) (NNS=H )) (PP (IN=H ) (NP (DT ) (NNP ) (NNPS=H )))) (VP=H (VBP=H ) (ADJP (JJ=H ))) (. ))),3,85798,"0,0797159148"
(ROOT (S=H (NP (NP (NNP ) (NNS ) (POS=H )) (NN=H )) (VP=H (VBP=H ) (ADJP (JJ=H ))) (. ))),3,85801,"0,0797187022"
(ROOT (S=H (NP (NNP ) (NNP=H )) (SBAR=H (IN=H ) (S (NP (NNS=H )) (VP=H (VBP=H ) (ADJP (JJ=H ))))) (. ))),3,85804,"0,0797214895"
(ROOT (S=H (PP (IN=H ) (NP (NNP=H ))) (NP (JJ ) (NNS=H )) (VP=H (VBP=H ) (ADJP (JJ=H ))) (. ))),3,85807,"0,0797242768"
(ROOT (S=H (NP (NP=H (NNP ) (NNP=H )) (PP (IN=H ) (NP (NP=H (DT ) (NNP ) (NNPS=H )) (PP (TO=H ) (NP (NNP=H )))))) (VP=H (VBP=H ) (ADJP (JJ=H ))) (. ))),3,85810,"0,0797270642"
(ROOT (S=H (NP (NNP ) (NNP ) (NNP=H )) (PRN (-LRB- ) (NP=H (NNP=H )) (-RRB- )) (NP (JJ ) (NNS=H )) (VP=H (VBP=H ) (ADJP (JJ=H ))) (. ))),3,85813,"0,0797298515"
(ROOT (S=H (NP (JJ ) (ADJP (JJ=H ) (PP (IN=H ) (NP (NP=H (DT ) (NN=H )) (PP (IN=H ) (NP (DT ) (NNP ) (NNP ) (NNP ) (NNPS ) (NNP=H )))))) (NN ) (NNS=H )) (VP=H (VBP=H ) (ADJP (JJ=H ))) (. ))),3,85816,"0,0797326389"
"(ROOT (S=H (NP (NP=H (NNP=H )) (PP (IN=H ) (NP (NNP ) (, ) (NNP ) (NNP ) (NNS=H ) (CC ) (NNS )))) (VP=H (VBP=H ) (ADJP (JJ=H ))) (. )))",3,85819,"0,0797354262"
"(ROOT (S=H (NP (NP (NNP ) (NNP ) (NNP ) (NNP=H )) (PRN (-LRB- ) (NP=H (NNP=H )) (, ) (NP (NNP ) (NNP=H )) (-RRB- )) (NNS=H )) (VP=H (VBP=H ) (ADJP (JJ=H ))) (. )))",3,85822,"0,0797382135"
(ROOT (S=H (NP (NP=H (NNP ) (NNPS ) (NNP ) (NNP=H )) (PP (IN=H ) (NP (NNP ) (NNP=H )))) (VP=H (VBP=H ) (ADJP (JJ=H ))) (. ))),3,85825,"0,0797410009"
(ROOT (NP=H (NP=H (NN=H )) (: ) (S (NP (NNP ) (NN ) (NNS=H )) (VP=H (VBP=H ) (ADJP (JJ=H )))) (. ))),3,85828,"0,0797437882"
(ROOT (S=H (NP (NP=H (NNP=H )) (PP (IN=H ) (NP (NP=H (JJ ) (JJ ) (NNS=H )) (PP (IN=H ) (NP (NN=H )))))) (VP=H (VBP=H ) (ADJP (JJ=H ))) (. ))),3,85831,"0,0797465755"
(ROOT (S=H (NP (NP=H (NNP ) (NN=H )) (PP (IN=H ) (NP (DT ) (NNP ) (NNS=H )))) (VP=H (VBP=H ) (ADJP (JJ=H ))) (. ))),3,85834,"0,0797493629"
(ROOT (NP=H (NP=H (NNP=H )) (: ) (S (NP (NP=H (NNP ) (NNP ) (NNS=H )) (PP (IN=H ) (NP (NN=H )))) (VP=H (VBP=H ) (ADJP (JJ=H )))) (. ))),3,85837,"0,0797521502"
(ROOT (NP=H (NP=H (NNP=H )) (: ) (S (NP (NP=H (NNP ) (NNP ) (NNP=H )) (PP (IN=H ) (NP (NNP=H )))) (VP=H (VBP=H ) (ADJP (JJ=H )))) (. ))),3,85840,"0,0797549375"
(ROOT (S=H (NP (NP (NNP ) (NNP ) (NNPS ) (NNP ) (POS=H )) (NN ) (NN ) (NNS=H )) (VP=H (VBP=H ) (ADJP (JJ=H ))) (. ))),3,85843,"0,0797577249"
(ROOT (S=H (NP (JJ ) (PRN (: ) (NP=H (NNP=H )) (: )) (JJ ) (NNS=H )) (VP=H (VBP=H ) (ADJP (JJ=H ))) (. ))),3,85846,"0,0797605122"
(ROOT (S=H (NP (NP=H (NNP ) (NNPS ) (NNP ) (NNP=H )) (PP (IN=H ) (NP (NN ) (NNS=H )))) (VP=H (VBP=H ) (ADJP (JJ=H ))) (. ))),3,85849,"0,0797632995"
(ROOT (S=H (NP (ADJP (JJ=H ) (NP (CD ) (NNS=H ))) (NN ) (NNS=H )) (VP=H (VBP=H ) (ADJP (JJ=H ))) (. ))),3,85852,"0,0797660869"
(ROOT (S=H (NP (NNP ) (NNP ) (NNP ) (NNPS ) (NN=H )) (VP=H (VBP=H ) (SBAR (S=H (NP (NNS=H )) (VP=H (VBP=H ) (ADJP (JJ=H )))))) (. ))),3,85855,"0,0797688742"
(ROOT (S=H (NP (NP=H (NNP=H )) (PP (IN=H ) (NP (DT ) (NNP ) (NN ) (NN ) (NNS=H )))) (VP=H (VBP=H ) (ADJP (JJ=H ))) (. ))),3,85858,"0,0797716615"
(ROOT (S=H (NP (NP=H (JJ ) (NN ) (NN=H )) (VP (VBG=H ) (NP (NNS=H )))) (VP=H (VBP=H ) (ADJP (JJ=H ))) (. ))),3,85861,"0,0797744489"
"(ROOT (S=H (NP (NNP ) (NNP=H )) (PRN (-LRB- ) (NP=H (NNP=H )) (-RRB- )) (, ) (NP (JJ ) (NN ) (NNS=H )) (VP=H (VBP=H ) (ADJP (JJ=H ))) (. )))",3,85864,"0,0797772362"
(ROOT (S=H (NP (NP (JJ ) (NN ) (NN=H )) (PRN (-LRB- ) (NP=H (NN=H )) (-RRB- )) (NNS=H )) (VP=H (VBD=H ) (SBAR (IN=H ) (S (NP (NNP ) (NNP=H )) (VP=H (VBP=H ) (ADJP (JJ=H )))))) (. ))),3,85867,"0,0797800235"
(ROOT (S=H (NP (NP (NNP ) (NNP ) (NNPS=H )) (PRN (-LRB- ) (NP=H (NNP ) (NNP=H )) (-RRB- )) (NNS=H )) (VP=H (VBP=H ) (ADJP (JJ=H ))) (. ))),3,85870,"0,0797828109"
(ROOT (S=H (NP (NP (NNP ) (NNPS=H )) (PRN (-LRB- ) (NP=H (NN ) (NN=H )) (-RRB- )) (NNS=H )) (VP=H (VBP=H ) (ADJP (JJ=H ))) (. ))),3,85873,"0,0797855982"
(ROOT (FRAG=H (NP (NNP ) (NNP=H )) (: ) (S=H (NP (NN ) (NN ) (NNS=H )) (VP=H (VBP=H ) (ADJP (JJ=H )))) (. ))),3,85876,"0,0797883855"
(ROOT (S=H (NP (NP (NNP ) (NNS ) (POS=H )) (NN ) (NN ) (NN ) (NNS=H )) (VP=H (VBP=H ) (ADJP (JJ=H ))) (. ))),3,85879,"0,0797911729"
"(ROOT (S=H (S (NP=H (NP (NNP ) (NNP ) (POS=H )) (NN=H ))) (, ) (NP (NNP=H )) (VP=H (VBP=H ) (ADJP (JJ=H ))) (. )))",3,85882,"0,0797939602"
(ROOT (S=H (NP (NP=H (NP (NNP ) (POS=H )) (NN=H )) (PP (IN=H ) (NP (DT ) (CD ) (NNPS ) (NNPS=H )))) (VP=H (VBP=H ) (ADJP (JJ=H ))) (. ))),3,85885,"0,0797967476"
(ROOT (S=H (NP (NP=H (NNP ) (NNP=H )) (PP (IN=H ) (NP (NP=H (NNS=H )) (PP (IN=H ) (NP (NNP ) (NNS=H )))))) (VP=H (VBP=H ) (ADJP (JJ=H ))) (. ))),3,85888,"0,0797995349"
(ROOT (S=H (NP (NNP=H )) (VP=H (VBZ=H ) (NP (NP=H (DT ) (NN=H )) (SBAR (S=H (NP (NNS=H )) (VP=H (VBP=H ) (ADJP (JJ=H ))))))) (. ))),3,85891,"0,0798023222"
(ROOT (S=H (NP (NP=H (JJ ) (NNS ) (CC ) (NN ) (NNS=H )) (PP (IN=H ) (NP (NNP=H )))) (VP=H (VBP=H ) (ADJP (JJ=H ))) (. ))),3,85894,"0,0798051096"
(ROOT (S=H (NP (NP=H (JJ ) (NNS ) (NNS=H )) (PP (IN=H ) (NP (NNP ) (NNP=H ) (CC ) (NNP )))) (VP=H (VBP=H ) (ADJP (JJ=H ))) (. ))),3,85897,"0,0798078969"
(ROOT (S=H (NP (NP (DT ) (NNP ) (NNP ) (NNS ) (POS=H )) (NN=H )) (VP=H (VBP=H ) (ADJP (JJ=H ))) (. ))),3,85900,"0,0798106842"
(ROOT (S=H (NP (NP=H (NN=H )) (PP (IN=H ) (NP (NP=H (NN ) (NN=H )) (PP (IN=H ) (NP (DT ) (NNP ) (NNPS=H )))))) (VP=H (VBP=H ) (ADJP (JJ=H ))) (. ))),3,85903,"0,0798134716"
(ROOT (S=H (NP (NP (NNP ) (NNP ) (POS=H )) (JJ ) (NP (NN ) (NNS ) (POS=H )) (NN=H )) (VP=H (VBP=H ) (ADJP (JJ=H ))) (. ))),3,85906,"0,0798162589"
(ROOT (NP=H (NP=H (CD=H )) (: ) (S (NP (NP (NNP ) (NNP ) (NNP ) (NNP ) (NNS ) (POS=H )) (NN ) (NN ) (NN=H )) (VP=H (VBP=H ) (ADJP (JJ=H )))) (. ))),3,85909,"0,0798190462"
(ROOT (S=H (NP (NAC (NAC=H (NNP=H ) (DT ) (JJ )) (PRN (-LRB- ) (NP=H (NN=H )) (-RRB- ))) (NNS=H )) (VP=H (VBP=H ) (ADJP (JJ=H ))) (. ))),3,85912,"0,0798218336"
(ROOT (S=H (NP (NP=H (NNP=H )) (PP (IN=H ) (NP (JJ ) (PRN (-LRB- ) (NP=H (NN=H )) (-RRB- )) (NNS=H )))) (VP=H (VBP=H ) (ADJP (JJ=H ))) (. ))),3,85915,"0,0798246209"
(ROOT (S=H (NP (NP (NNP ) (NNP=H )) (PRN (-LRB- ) (NP=H (NP=H (CD=H )) (: ) (NP (NNP=H ))) (-RRB- )) (NNS=H )) (VP=H (VBP=H ) (ADJP (JJ=H ))) (. ))),3,85918,"0,0798274082"
(ROOT (S=H (NP (NNP ) (NNP=H )) (PRN (-LRB- ) (NP=H (NNP ) (NNP=H )) (-RRB- )) (NP (JJ ) (NNS=H )) (VP=H (VBP=H ) (ADJP (JJ=H ))) (. ))),3,85921,"0,0798301956"
"(ROOT (S=H (S (VP=H (VBG=H ) (PP (IN=H ) (NP (NNP ) (NNP=H ))))) (, ) (NP (NNP ) (NNP=H )) (VP=H (VBP=H ) (ADJP (JJ=H ))) (. )))",3,85924,"0,0798329829"
(ROOT (S=H (NP (NNP=H )) (VP=H (VBD=H ) (SBAR (S=H (NP (NNS ) (NNP=H ) (CC ) (NNP )) (PRN (-LRB- ) (NP=H (NN=H ) (CD )) (-RRB- )) (VP=H (VBP=H ) (ADJP (JJ=H )))))) (. ))),3,85927,"0,0798357702"
(ROOT (S=H (NP (NNP=H )) (VP=H (VBD=H ) (NP (NP=H (NNS=H )) (SBAR (S=H (NP (NP=H (NP=H (NNP=H ) (CC ) (NNP )) (PRN (-LRB- ) (NP=H (NN=H ) (CD )) (-RRB- ))) (ADJP (JJ ) (JJ=H ))) (VP=H (VBP=H ) (ADJP (JJ=H ))))))) (. ))),3,85930,"0,0798385576"
(ROOT (S=H (NP (NP=H (NNP=H )) (VP (VBG=H ) (NP (NP=H (NNS=H )) (PP (IN=H ) (NP (NNP=H ) (CC ) (NNP )))))) (VP=H (VBP=H ) (ADJP (JJ=H ))) (. ))),3,85933,"0,0798413449"
(ROOT (S=H (NP (JJ ) (PRN (-LRB- ) (NN=H ) (-RRB- )) (JJ ) (NNS=H )) (VP=H (VBP=H ) (ADJP (JJ=H ))) (. ))),3,85936,"0,0798441322"
(ROOT (S=H (NP (NP=H (NP=H (CD=H )) (PRN (-LRB- ) (X=H (SYM=H )) (-RRB- ))) (PRN (-LRB- ) (NP=H (CD=H )) (-RRB- ))) (VP=H (VBD=H ) (SBAR (S=H (NP (NNS=H )) (VP=H (VBP=H ) (ADJP (JJ=H )))))) (. ))),3,85939,"0,0798469196"
(ROOT (S=H (NP (NP (NNP ) (NNP ) (NNP ) (NN ) (NNS ) (POS=H )) (NN ) (NNS=H )) (VP=H (VBP=H ) (ADJP (JJ=H ))) (. ))),3,85942,"0,0798497069"
(ROOT (S=H (NP (NP=H (NP (NNS ) (POS=H )) (NNS=H )) (PP (IN=H ) (NP (NNP ) (NNP=H )))) (VP=H (VBP=H ) (ADJP (JJ=H ))) (. ))),3,85945,"0,0798524942"
(ROOT (S=H (NP (JJ ) (PRN (: ) (NP=H (NNP=H )) (: )) (NNS=H )) (VP=H (VBP=H ) (ADJP (JJ=H ))) (. ))),3,85948,"0,0798552816"
(ROOT (S=H (NP (NP=H (NNP ) (NNP=H ) (. )) (NP (NN ) (NNS=H ))) (VP=H (VBP=H ) (ADJP (JJ=H ))) (. ))),3,85951,"0,0798580689"
(ROOT (S=H (NP (NNP ) (NNP ) (NN=H )) (VP=H (VBD=H ) (SBAR (S=H (NP (NN ) (NN ) (NNS=H )) (VP=H (VBP=H ) (ADJP (JJ=H )))))) (. ))),3,85954,"0,0798608563"
(ROOT (NP=H (NP=H (NNS=H ) (CC ) (NNS )) (: ) (S (NP (NNP ) (NN=H )) (VP=H (VBP=H ) (ADJP (JJ=H )))) (. ))),3,85957,"0,0798636436"
"(ROOT (S=H (NP (NNP ) (NNP ) (, ) (NNP=H )) (VP=H (VBP=H ) (SBAR (S=H (NP (NNS=H )) (VP=H (VBP=H ) (ADJP (JJ=H )))))) (. )))",3,85960,"0,0798664309"
(ROOT (S=H (NP (ADJP (NNP=H ) (NNP )) (JJ ) (NN ) (NN ) (NNS=H )) (VP=H (VBP=H ) (ADJP (JJ=H ))) (. ))),3,85963,"0,0798692183"
(ROOT (NP=H (NP=H (NNS=H )) (: ) (S (NP (JJ ) (NNS=H )) (VP=H (VBP=H ) (ADJP (JJ=H )))) (. ))),3,85966,"0,0798720056"
"(ROOT (S=H (NP (NNP ) (, ) (NNP=H ) (CC ) (NNP )) (VP=H (VBP=H ) (SBAR (S=H (NP (NNS=H )) (VP=H (VBP=H ) (ADJP (JJ=H )))))) (. )))",3,85969,"0,0798747929"
"(ROOT (S=H (NP (NP=H (NNP ) (, ) (NNP=H ) (CC ) (NNP )) (NP (NN ) (NNS=H ))) (VP=H (VBP=H ) (ADJP (JJ=H ))) (. )))",3,85972,"0,0798775803"
(ROOT (S=H (NP (NP (NNP ) (NNP=H )) (PRN (-LRB- ) (NP=H (NP=H (CD=H )) (: ) (NP (CD ) (NNS=H ))) (-RRB- )) (NNS=H )) (VP=H (VBP=H ) (ADJP (JJ=H ))) (. ))),3,85975,"0,0798803676"
(ROOT (S=H (NP (NP (NNS=H )) (PRN (-LRB- ) (NP=H (NNP ) (NN=H )) (-RRB- )) (NNS=H )) (VP=H (VBP=H ) (ADJP (JJ=H ))) (. ))),3,85978,"0,0798831549"
(ROOT (S=H (NP (NNP ) (FW ) (NNP=H )) (VP=H (VBP=H ) (SBAR (S=H (NP (NNS=H )) (VP=H (VBP=H ) (ADJP (JJ=H )))))) (. ))),3,85981,"0,0798859423"
(ROOT (S=H (NP (NP=H (NNP ) (NNPS ) (NNP ) (NNP ) (NNS=H )) (PP (VBG=H ) (NP (DT ) (NNP ) (NNP ) (NNP=H )))) (VP=H (VBP=H ) (ADJP (JJ=H ))) (. ))),3,85984,"0,0798887296"
(ROOT (S=H (NP (NP=H (JJ ) (NNS ) (NN ) (NN=H )) (PP (IN=H ) (NP (NNP ) (NNP=H )))) (VP=H (VBP=H ) (ADJP (JJ=H ))) (. ))),3,85987,"0,0798915169"
(ROOT (S=H (NP (NP=H (NNP ) (NNPS ) (NNP ) (NNP ) (NNS=H )) (PP (VBG=H ) (NP (DT ) (NNP ) (NNP=H )))) (VP=H (VBP=H ) (ADJP (JJ=H ))) (. ))),3,85990,"0,0798943043"
(ROOT (S=H (NP (NP=H (NNP ) (NNPS ) (NNP ) (NNP ) (NNS=H )) (PP (VBG=H ) (NP (DT ) (NNP ) (NNPS=H )))) (VP=H (VBP=H ) (ADJP (JJ=H ))) (. ))),3,85993,"0,0798970916"
(ROOT (S=H (NP (NP=H (NNP ) (NNP ) (NNP=H )) (PP (IN=H ) (NP (NP=H (NNP ) (NNS=H )) (PP (IN=H ) (NP (NN=H )))))) (VP=H (VBP=H ) (ADJP (JJ=H ))) (. ))),3,85996,"0,0798998789"
(ROOT (S=H (NP (NP=H (CD ) (NN=H )) (CC ) (NP (NN ) (NN ) (NNS=H ))) (VP=H (VBP=H ) (ADJP (JJ=H ))) (. ))),3,85999,"0,0799026663"
(ROOT (S=H (NP (NP=H (NP (NNP ) (NNP ) (NNP ) (NNS ) (POS=H )) (NN ) (NN ) (NNS=H )) (PP (IN=H ) (NP (DT ) (NN=H )))) (VP=H (VBP=H ) (ADJP (JJ=H ))) (. ))),3,86002,"0,0799054536"
(ROOT (NP=H (NP=H (NNP ) (NNP ) (NNP ) (NNP ) (NNP=H )) (: ) (S (NP (NP (NNP ) (POS=H )) (ADJP (QP=H (CD=H ) (CD ))) (NN ) (NN=H )) (VP=H (VBP=H ) (ADJP (JJ=H )))) (. ))),3,86005,"0,0799082409"
(ROOT (S=H (NP (NP=H (NNP ) (NNP ) (NNP ) (NNP=H )) (PP (IN=H ) (NP (DT ) (NNP ) (NNPS ) (NN ) (NN=H )))) (VP=H (VBP=H ) (ADJP (JJ=H ))) (. ))),3,86008,"0,0799110283"
(ROOT (S=H (NP (NP=H (NNP ) (NNPS ) (NNP=H )) (VP (VBG=H ) (NP (JJ ) (NNS=H )))) (VP=H (VBP=H ) (ADJP (JJ=H ))) (. ))),3,86011,"0,0799138156"
"(ROOT (S=H (NP (NP=H (NNP ) (, ) (NNP ) (, ) (NNP=H ) (CC ) (NNP )) (NP (NNS=H ))) (VP=H (VBP=H ) (ADJP (JJ=H ))) (. )))",3,86014,"0,0799166029"
(ROOT (NP=H (NP=H (NNP=H ) (CC ) (NNP )) (: ) (S (NP (NNP ) (NNPS ) (NNS=H )) (VP=H (VBP=H ) (ADJP (JJ=H )))) (. ))),3,86017,"0,0799193903"
"(ROOT (S=H (S (NP=H (NP=H (NNP=H )) (ADJP (NN=H ) (CD )))) (, ) (NP (NNP=H )) (VP=H (VBP=H ) (ADJP (JJ=H ))) (. )))",3,86020,"0,0799221776"
"(ROOT (S=H (S (VP=H (VBG=H ) (NP (NN=H ) (CD )))) (, ) (NP (NNP=H )) (VP=H (VBP=H ) (ADJP (JJ=H ))) (. )))",3,86023,"0,0799249649"
(ROOT (S=H (NP (NP=H (NNP=H )) (VP (VBG=H ) (PP (IN=H ) (NP (DT ) (NNP ) (NNP ) (NNPS=H ))))) (VP=H (VBP=H ) (ADJP (JJ=H ))) (. ))),3,86026,"0,0799277523"
(ROOT (S=H (NP (NP=H (NNP ) (NNP=H )) (CC ) (NP (DT ) (NNS=H ))) (VP=H (VBP=H ) (ADJP (JJ=H ))) (. ))),3,86029,"0,0799305396"
"(ROOT (S=H (S (VP=H (VBG=H ) (NP (ADJP (NNP ) (NN=H )) (NNS=H )))) (, ) (NP (NNP=H )) (VP=H (VBP=H ) (ADJP (JJ=H ))) (. )))",3,86032,"0,079933327"
"(ROOT (S=H (S (ADVP (RB=H )) (NP=H (NN=H ) (CD ))) (, ) (NP (NNP=H )) (VP=H (VBP=H ) (ADJP (JJ=H ))) (. )))",3,86035,"0,0799361143"
(ROOT (S=H (NP (NP (NNS ) (POS=H )) (JJ ) (NNP ) (PRN (-LRB- ) (NP=H (NNP ) (NNP=H )) (-RRB- )) (NNP=H )) (VP=H (VBP=H ) (ADJP (JJ=H ))) (. ))),3,86038,"0,0799389016"
(ROOT (S=H (NP (NP=H (NNP ) (NNPS ) (NNP=H )) (PP (IN=H ) (NP (DT ) (NNP ) (JJ ) (NN=H )))) (VP=H (VBP=H ) (ADJP (JJ=H ))) (. ))),3,86041,"0,079941689"
(ROOT (S=H (NP (JJ ) (NN=H )) (VP=H (VBZ=H ) (SBAR (S=H (NP (JJ ) (NNS=H )) (VP=H (VBP=H ) (ADJP (JJ=H )))))) (. ))),3,86044,"0,0799444763"
(ROOT (S=H (NP (NP=H (NNP ) (NNP ) (NNP=H )) (PP (IN=H ) (NP (NNP ) (NNP ) (NN ) (NNS=H )))) (VP=H (VBP=H ) (ADJP (JJ=H ))) (. ))),3,86047,"0,0799472636"
(ROOT (S=H (NP (NNP ) (CC ) (NNP ) (NNPS ) (NN ) (NN=H )) (VP=H (VBP=H ) (ADJP (JJ=H ))) (. ))),3,86050,"0,079950051"
(ROOT (NP=H (NP=H (NNP ) (NNP=H )) (PRN (-LRB- ) (NP=H (NNP=H )) (-RRB- )) (: ) (NP (NP=H (JJ ) (NNS=H )) (SBAR (S=H (VP=H (VBP=H ) (ADJP (JJ=H )))))) (. ))),3,86053,"0,0799528383"
(ROOT (S=H (NP (NP=H (NNP ) (NNP ) (NNP ) (NNS ) (NNS=H )) (PP (IN=H ) (NP (NN=H )))) (VP=H (VBP=H ) (ADJP (JJ=H ))) (. ))),3,86056,"0,0799556256"
(ROOT (S=H (NP (NP=H (NNP ) (NNP=H ) (. )) (NP (JJ ) (NNS=H ))) (VP=H (VBP=H ) (ADJP (JJ=H ))) (. ))),3,86059,"0,079958413"
(ROOT (S=H (NP (ADJP (JJ=H ) (PP (IN=H ) (NP (NNP=H )))) (NN ) (NNS=H )) (VP=H (VBP=H ) (ADJP (JJ=H ))) (. ))),3,86062,"0,0799612003"
"(ROOT (S=H (S (ADVP (RB=H )) (NP=H (NNP ) (NNP=H ))) (, ) (NP (NNP=H )) (VP=H (VBP=H ) (ADJP (JJ=H ))) (. )))",3,86065,"0,0799639876"
(ROOT (S=H (NP (NNP ) (. ) (NNP=H )) (VP=H (VBP=H ) (SBAR (S=H (NP (NNS=H )) (VP=H (VBP=H ) (ADJP (JJ=H )))))) (. ))),3,86068,"0,079966775"
(ROOT (S=H (NP (NP=H (CD=H )) (PP (IN=H ) (NP (NNPS=H )))) (VP=H (VBP=H ) (ADJP (JJ=H ))) (. ))),3,86071,"0,0799695623"
(ROOT (S=H (NP (NNP ) (CC ) (NNP ) (NNP=H )) (VP=H (VBP=H ) (SBAR (S=H (NP (NNS=H )) (VP=H (VBP=H ) (ADJP (JJ=H )))))) (. ))),3,86074,"0,0799723496"
(ROOT (S=H (NP (NP=H (NNP=H )) (CC ) (NP (NP (NNP ) (NNS ) (POS=H )) (NN ) (NNS=H ))) (VP=H (VBP=H ) (ADJP (JJ=H ))) (. ))),3,86077,"0,079975137"
(ROOT (S=H (NP (NP=H (JJ ) (NN ) (NN ) (NN=H )) (PP (IN=H ) (NP (DT ) (NNP ) (NNPS=H )))) (VP=H (VBP=H ) (ADJP (JJ=H ))) (. ))),3,86080,"0,0799779243"
(ROOT (S=H (NP (NP (JJ ) (NNP ) (NNP ) (NNPS ) (POS=H )) (NNP ) (NNS=H )) (VP=H (VBP=H ) (ADJP (JJ=H ))) (. ))),3,86083,"0,0799807116"
(ROOT (S=H (NP (NP=H (NNP=H )) (PP (IN=H ) (NP (NP=H (DT ) (NNP=H )) (PP (IN=H ) (NP (NNP ) (NNPS=H )))))) (VP=H (VBP=H ) (ADJP (JJ=H ))) (. ))),3,86086,"0,079983499"
(ROOT (S=H (NP (NP (NNP ) (NNPS ) (POS=H )) (JJ ) (NNP ) (NNS=H )) (VP=H (VBP=H ) (ADJP (JJ=H ))) (. ))),3,86089,"0,0799862863"
(ROOT (S=H (NP (NP=H (NNP ) (NNP=H )) (PP (IN=H ) (NP (NP=H (NN=H )) (PP (IN=H ) (NP (NNP ) (NNS=H )))))) (VP=H (VBP=H ) (ADJP (JJ=H ))) (. ))),3,86092,"0,0799890736"
(ROOT (S=H (NP (NP (NNP ) (NNP ) (NNP=H )) (PRN (-LRB- ) (NP=H (NNP=H ) (CC ) (NNP )) (-RRB- )) (NNS=H )) (VP=H (VBP=H ) (ADJP (JJ=H ))) (. ))),3,86095,"0,079991861"
(ROOT (S=H (NP (NP=H (NNP=H )) (PP (IN=H ) (NP (NNPS ) (NNS=H )))) (VP=H (VBP=H ) (ADJP (JJ=H ))) (. ))),3,86098,"0,0799946483"
(ROOT (S=H (NP (NP=H (NNP=H )) (PP (IN=H ) (NP (NP=H (NN=H )) (PP (IN=H ) (NP (NNP ) (NNS=H )))))) (VP=H (VBP=H ) (ADJP (JJ=H ))) (. ))),3,86101,"0,0799974357"
(ROOT (S=H (NP (NP=H (NNP=H )) (PP (IN=H ) (NP (ADJP (JJ=H ) (CC ) (JJ )) (PRN (-LRB- ) (NP=H (NNP=H )) (-RRB- )) (NNS=H )))) (VP=H (VBP=H ) (ADJP (JJ=H ))) (. ))),3,86104,"0,080000223"
(ROOT (S=H (NP (NP=H (NNP ) (NNP ) (NNP ) (NNP=H )) (PP (IN=H ) (NP (NNP ) (CC ) (NNP ) (NNS=H )))) (VP=H (VBP=H ) (ADJP (JJ=H ))) (. ))),3,86107,"0,0800030103"
(ROOT (S=H (NP (NP (NNP ) (NNPS ) (POS=H )) (NNP ) (PRN (-LRB- ) (NP=H (NNP=H )) (-RRB- )) (NNP=H )) (VP=H (VBP=H ) (ADJP (JJ=H ))) (. ))),3,86110,"0,0800057977"
(ROOT (S=H (NP (NNP ) (NNP=H ) (PRP )) (VP=H (VBP=H ) (SBAR (S=H (NP (NN ) (NNS ) (NNS=H )) (VP=H (VBP=H ) (ADJP (JJ=H )))))) (. ))),3,86113,"0,080008585"
(ROOT (S=H (NP (NP=H (NN=H )) (PP (IN=H ) (NP (DT ) (NNP ) (NNP ) (NNPS ) (NN ) (NNS=H )))) (VP=H (VBP=H ) (ADJP (JJ=H ))) (. ))),3,86116,"0,0800113723"
(ROOT (S=H (NP (NP=H (NP (NNS ) (POS=H )) (NNP ) (NNP=H )) (PP (IN=H ) (NP (NNP ) (NNS=H )))) (VP=H (VBP=H ) (ADJP (JJ=H ))) (. ))),3,86119,"0,0800141597"
(ROOT (NP=H (NP=H (NP=H (NNP=H )) (PP (IN=H ) (NP (DT ) (NNP=H )))) (: ) (NP (NP=H (NNP ) (NNP=H )) (SBAR (S=H (NP (NNS=H )) (VP=H (VBP=H ) (ADJP (JJ=H )))))) (. ))),3,86122,"0,080016947"
(ROOT (S=H (NP (NP (JJ ) (NNP ) (NNP=H )) (PRN (-LRB- ) (NP=H (NNP=H )) (-RRB- )) (NNS=H )) (VP=H (VBP=H ) (ADJP (JJ=H ))) (. ))),3,86125,"0,0800197343"
(ROOT (S=H (NP (NP=H (JJ ) (NNP ) (NNP ) (NN=H )) (PP (IN=H ) (NP (DT ) (NNP ) (NNPS=H )))) (VP=H (VBP=H ) (ADJP (JJ=H ))) (. ))),3,86128,"0,0800225217"
(ROOT (S=H (NP (NP (JJ ) (NN=H )) (PRN (-LRB- ) (NP=H (NNP=H )) (-RRB- )) (NNS=H )) (VP=H (VBP=H ) (ADJP (JJ=H ))) (. ))),3,86131,"0,080025309"
(ROOT (NP=H (NP=H (NP=H (NNP ) (NNP=H )) (PP (IN=H ) (NP (NNP=H )))) (: ) (NP (NP=H (NNP ) (NNP=H )) (SBAR (S=H (NP (NNS=H )) (VP=H (VBP=H ) (ADJP (JJ=H )))))) (. ))),3,86134,"0,0800280963"
(ROOT (S=H (NP (NP=H (NNP=H )) (PP (IN=H ) (NP (NP=H (DT ) (NN=H )) (PP (IN=H ) (NP (DT ) (NNP ) (NNS=H )))))) (VP=H (VBP=H ) (ADJP (JJ=H ))) (. ))),3,86137,"0,0800308837"
(ROOT (S=H (NP (NP=H (JJ ) (ADJP (JJ=H ) (PRT (RP=H ))) (NN=H )) (PRN (-LRB- ) (NP=H (JJ ) (NNS=H )) (-RRB- ))) (VP=H (VBP=H ) (SBAR (S=H (VP=H (VBP=H ) (ADJP (JJ=H )))))) (. ))),3,86140,"0,080033671"
(ROOT (S=H (NP (NP=H (JJ ) (ADJP (JJ=H ) (PRT (RP=H ))) (NN=H )) (PRN (-LRB- ) (NP=H (NP=H (NNPS=H )) (PP (IN=H ) (NP (JJ ) (JJ ) (NN=H )))) (-RRB- ))) (VP=H (VBP=H ) (SBAR (S=H (VP=H (VBP=H ) (ADJP (JJ=H )))))) (. ))),3,86143,"0,0800364583"
(ROOT (S=H (NP (NP (NNP ) (NNS ) (POS=H )) (JJ ) (NN ) (NNS=H )) (VP=H (VBP=H ) (ADJP (JJ=H ))) (. ))),3,86146,"0,0800392457"
(ROOT (S=H (NP (NP=H (NNP ) (NNP=H )) (PP (IN=H ) (NP (DT ) (CD ) (NNP ) (NNP ) (NNS=H )))) (VP=H (VBP=H ) (ADJP (JJ=H ))) (. ))),3,86149,"0,080042033"
(ROOT (S=H (NP (NAC (NNP=H ) (PP (IN=H ) (NP (NNP ) (NNP=H )))) (NNP ) (NNP=H )) (VP=H (VBP=H ) (ADJP (JJ=H ))) (. ))),3,86152,"0,0800448203"
"(ROOT (S=H (NP (NP (NNP ) (NNP=H )) (PRN (-LRB- ) (NP=H (NNP=H )) (, ) (NP (JJ=H )) (-RRB- )) (NNS=H )) (VP=H (VBP=H ) (ADJP (JJ=H ))) (. )))",3,86155,"0,0800476077"
(ROOT (S=H (NP (NP=H (NNP ) (NN=H ) (CC ) (NNS )) (PP (IN=H ) (NP (NNP=H )))) (VP=H (VBP=H ) (ADJP (JJ=H ))) (. ))),3,86158,"0,080050395"
(ROOT (S=H (NP (NP=H (NN=H )) (PP (IN=H ) (NP (NP=H (DT ) (NNP ) (NNP ) (NNPS=H )) (PP (IN=H ) (NP (NN=H )))))) (VP=H (VBP=H ) (ADJP (JJ=H ))) (. ))),3,86161,"0,0800531823"
(ROOT (S=H (NP (NP=H (NNP ) (NNPS ) (NNP=H )) (PP (IN=H ) (NP (NNP=H ) (CD )))) (VP=H (VBP=H ) (ADJP (JJ=H ))) (. ))),3,86164,"0,0800559697"
(ROOT (NP=H (NP=H (NNP=H ) (CC ) (NNP )) (: ) (S (NP (NNP=H )) (VP=H (VBP=H ) (ADJP (JJ=H )))) (. ))),3,86167,"0,080058757"
(ROOT (FRAG=H (NP (NNP=H )) (: ) (S=H (NP (NP=H (NNP ) (NNS=H )) (PP (IN=H ) (NP (NN=H )))) (VP=H (VBP=H ) (ADJP (JJ=H )))) (. ))),3,86170,"0,0800615444"
"(ROOT (S=H (NP (NP=H (NNP ) (NNP=H )) (PP (IN=H ) (NP (NP=H (NNP ) (NNPS ) (NNP=H )) (PP (IN=H ) (NP (NP=H (NNP ) (NNP ) (NNP=H )) (, ) (NP (NNP=H ))))))) (VP=H (VBP=H ) (ADJP (JJ=H ))) (. )))",3,86173,"0,0800643317"
(ROOT (S=H (NP (NP=H (NP=H (NNP=H )) (PP (IN=H ) (NP (DT ) (NNP ) (NNPS=H )))) (PRN (-LRB- ) (NP=H (NNP ) (NNP=H )) (-RRB- ))) (VP=H (VBP=H ) (ADJP (JJ=H ))) (. ))),3,86176,"0,080067119"
(ROOT (S=H (NP (NNP ) (NNP ) (NNP ) (NNP ) (CC ) (NNP ) (NNP ) (NNS=H )) (VP=H (VBP=H ) (ADJP (JJ=H ))) (. ))),3,86179,"0,0800699064"
(ROOT (S=H (NP (JJ ) (NNP ) (NNP ) (NNPS ) (NNP=H )) (VP=H (VBP=H ) (ADJP (JJ=H ))) (. ))),3,86182,"0,0800726937"
"(ROOT (S=H (S (VP=H (VBN=H ) (NP (NP=H (NNS=H )) (PP (IN=H ) (NP (NP (NNP ) (NNP ) (POS=H )) (NNP=H )))))) (, ) (NP (NNP=H )) (VP=H (VBP=H ) (ADJP (JJ=H ))) (. )))",3,86185,"0,080075481"
"(ROOT (S=H (S (NP (NNP=H )) (VP=H (VBZ=H ) (PP (IN=H ) (NP (NP (NNP ) (NNP ) (POS=H )) (NNP=H ))))) (, ) (NP (NNP=H )) (VP=H (VBP=H ) (ADJP (JJ=H ))) (. )))",3,86188,"0,0800782684"
(ROOT (NP=H (NP=H (NNP=H )) (: ) (NP (NP=H (NP (NNP ) (NNP ) (POS=H )) (NNS=H )) (SBAR (S=H (NP (NP (NNS ) (POS=H )) (NN=H )) (VP=H (VBP=H ) (ADJP (JJ=H )))))) (. ))),3,86191,"0,0800810557"
(ROOT (S=H (NP (NP (NNP ) (NN ) (NNS ) (POS=H )) (NN ) (CC ) (NN ) (NNS=H )) (VP=H (VBP=H ) (ADJP (JJ=H ))) (. ))),3,86194,"0,080083843"
(ROOT (S=H (NP (NP=H (NNP=H )) (CC ) (NP (NP=H (NN ) (NNS=H )) (PP (IN=H ) (NP (NNP ) (NNP=H ))))) (VP=H (VBP=H ) (ADJP (JJ=H ))) (. ))),3,86197,"0,0800866304"
(ROOT (S=H (NP (NP=H (NNP ) (NNP ) (NNP=H )) (PP (IN=H ) (NP (NNP ) (CC ) (NNP ) (NNPS=H )))) (VP=H (VBP=H ) (ADJP (JJ=H ))) (. ))),3,86200,"0,0800894177"
"(ROOT (S=H (PP (ADVP (RB=H )) (IN=H ) (NP (NNP ) (CC ) (NNP ) (NNP=H ))) (, ) (NP (NNP=H )) (VP=H (VBP=H ) (ADJP (JJ=H ))) (. )))",3,86203,"0,080092205"
(ROOT (S=H (NP (NP=H (NNP ) (NNP=H )) (PP (IN=H ) (NP (NP=H (NP=H (NNP=H )) (PRN (-LRB- ) (NP=H (NP=H (CD=H )) (: ) (NP (CD=H ))) (-RRB- ))) (NP (NP=H (NNS=H )) (PP (IN=H ) (NP (DT ) (NNP ) (NNP ) (JJ ) (NN=H ))))))) (VP=H (VBP=H ) (ADJP (JJ=H ))) (. ))),3,86206,"0,0800949924"
(ROOT (S=H (NP (NP=H (NNP=H )) (PP (IN=H ) (NP (NP=H (DT ) (NN=H )) (PP (IN=H ) (NP (NP=H (NNP ) (NNS=H )) (PP (IN=H ) (NP (DT ) (ADJP (NP (CD=H )) (JJ=H )) (JJ ) (NN=H )))))))) (VP=H (VBP=H ) (ADJP (JJ=H ))) (. ))),3,86209,"0,0800977797"
"(ROOT (S=H (S (VP=H (VBN=H ) (NP (NP=H (NNS=H )) (PP (IN=H ) (NP (NNP ) (CC ) (NNP ) (NNP=H )))))) (, ) (NP (NNP=H )) (VP=H (VBP=H ) (ADJP (JJ=H ))) (. )))",3,86212,"0,080100567"
"(ROOT (S=H (S (NP=H (NP=H (JJ ) (NNS=H )) (PP (IN=H ) (NP (NNP ) (CC ) (NNP ) (NNP=H ))))) (, ) (NP (NNP=H )) (VP=H (VBP=H ) (ADJP (JJ=H ))) (. )))",3,86215,"0,0801033544"
"(ROOT (S=H (S (NP (NNP=H )) (VP=H (VBZ=H ) (PP (IN=H ) (NP (NNP ) (CC ) (NNP ) (NNP=H ))))) (, ) (NP (NNP=H )) (VP=H (VBP=H ) (ADJP (JJ=H ))) (. )))",3,86218,"0,0801061417"
(ROOT (NP=H (NP=H (CD=H )) (: ) (S (NP (NP=H (CD ) (NNS=H )) (PP (IN=H ) (NP (NNP=H )))) (VP=H (VBP=H ) (ADJP (JJ=H )))) (. ))),3,86221,"0,080108929"
"(ROOT (S=H (NP (NP=H (NNP=H )) (PP (IN=H ) (NP (NP=H (NNP ) (NNPS ) (NNP=H )) (, ) (NP (NNP ) (NNP=H ))))) (VP=H (VBP=H ) (ADJP (JJ=H ))) (. )))",3,86224,"0,0801117164"
"(ROOT (S=H (NP (NP=H (NNP ) (NNP ) (NNP=H )) (, ) (NP (NP=H (NNP ) (NNP=H )) (NP (JJ ) (NNS=H )))) (VP=H (VBP=H ) (ADJP (JJ=H ))) (. )))",3,86227,"0,0801145037"
(ROOT (S=H (NP (NNP ) (NNP ) (NNP ) (CC ) (NNP ) (NNP ) (NNP ) (NNP=H )) (VP=H (VBP=H ) (ADJP (JJ=H ))) (. ))),3,86230,"0,080117291"
(ROOT (S=H (NP (NP=H (NNP=H )) (PP (IN=H ) (NP (NNP ) (NNP ) (CC ) (NNP ) (NNPS=H )))) (VP=H (VBP=H ) (ADJP (JJ=H ))) (. ))),3,86233,"0,0801200784"
(ROOT (S=H (NP (NNS ) (NNS ) (NNS=H )) (VP=H (VBP=H ) (ADJP (JJ=H ))) (. ))),3,86236,"0,0801228657"
(ROOT (S=H (NP (NP=H (NNP ) (NNP ) (NNP ) (NNP=H )) (PP (IN=H ) (NP (NNP ) (NNP ) (NN ) (NNS=H )))) (VP=H (VBP=H ) (ADJP (JJ=H ))) (. ))),3,86239,"0,080125653"
(ROOT (NP=H (NP=H (NNP=H )) (: ) (S (NP (NP (NNP ) (NNP ) (NNP ) (NNS ) (POS=H )) (NN=H )) (VP=H (VBP=H ) (ADJP (JJ=H )))) (. ))),3,86242,"0,0801284404"
(ROOT (NP=H (NP=H (NNP ) (NNP=H )) (: ) (NP (NP=H (NNP ) (NNP ) (NNPS=H )) (SBAR (S=H (NP (NP (NNS ) (POS=H )) (NN ) (NNS=H )) (VP=H (VBP=H ) (ADJP (JJ=H )))))) (. ))),3,86245,"0,0801312277"
(ROOT (S=H (NP (NNP ) (NNP ) (NNP ) (CC ) (NNP ) (NNP ) (NNP ) (NNS=H )) (VP=H (VBP=H ) (ADJP (JJ=H ))) (. ))),3,86248,"0,0801340151"
(ROOT (S=H (NP (NP (DT ) (NN=H )) (PRN (-LRB- ) (NP=H (NNP ) (NN=H )) (-RRB- )) (NNS=H )) (VP=H (VBP=H ) (ADJP (JJ=H ))) (. ))),3,86251,"0,0801368024"
(ROOT (NP=H (NP=H (NNP=H )) (: ) (S (NP (NP=H (NNP ) (NNP=H )) (PRN (-LRB- ) (NP=H (NP=H (CD=H )) (: ) (NP (CD=H ))) (-RRB- ))) (VP=H (VBP=H ) (ADJP (JJ=H )))) (. ))),3,86254,"0,0801395897"
(ROOT (S=H (NP (ADJP (ADJP=H (NNP=H )) (PRN (-LRB- ) (NN=H ) (-RRB- ))) (NN=H )) (VP=H (VBP=H ) (ADJP (JJ=H ))) (. ))),3,86257,"0,0801423771"
(ROOT (S=H (NP (ADJP (ADJP=H (NNP=H )) (PRN (-LRB- ) (NN=H ) (-RRB- ))) (JJ ) (NNS=H )) (VP=H (VBP=H ) (ADJP (JJ=H ))) (. ))),3,86260,"0,0801451644"
(ROOT (S=H (S (VP=H (VBG=H ) (NP (JJ ) (NNS=H )))) (NP (NN ) (NNS=H )) (VP=H (VBP=H ) (ADJP (JJ=H ))) (. ))),3,86263,"0,0801479517"
(ROOT (S=H (NP (NP=H (JJ ) (JJ ) (NN=H )) (PP (IN=H ) (NP (NP=H (DT ) (JJ ) (NNS=H )) (PP (IN=H ) (NP (NNP=H ) (CC ) (NNP )))))) (VP=H (VBP=H ) (ADJP (JJ=H ))) (. ))),3,86266,"0,0801507391"
"(ROOT (S=H (ADVP (NP (JJ ) (NN=H )) (RB=H )) (, ) (NP (JJ ) (NN ) (NNS=H )) (VP=H (VBP=H ) (ADJP (JJ=H ))) (. )))",3,86269,"0,0801535264"
(ROOT (S=H (NP (NP=H (JJ ) (NN=H )) (PP (IN=H ) (NP (NNP ) (NN ) (NN ) (NNS=H )))) (VP=H (VBP=H ) (ADJP (JJ=H ))) (. ))),3,86272,"0,0801563137"
"(ROOT (S=H (NP (NP (NNP ) (NNP ) (NNP=H )) (PRN (-LRB- ) (NP=H (NNP=H )) (, ) (NP (NNP ) (NNP=H )) (-RRB- )) (NNS=H )) (VP=H (VBP=H ) (ADJP (JJ=H ))) (. )))",3,86275,"0,0801591011"
(ROOT (S=H (NP (NNP=H )) (PRN (-LRB- ) (NP=H (NNP=H )) (-RRB- )) (NP (NNS=H ) (CC ) (NNS )) (VP=H (VBP=H ) (ADJP (JJ=H ))) (. ))),3,86278,"0,0801618884"
(ROOT (S=H (NP (NP=H (NNP=H )) (VP (ADVP (RB=H )) (VBN=H ) (PP (IN=H ) (NP (NNS=H ))))) (VP=H (VBP=H ) (ADJP (JJ=H ))) (. ))),3,86281,"0,0801646757"
(ROOT (S=H (NP (NP=H (NNP=H )) (VP (ADVP (RB=H )) (VBN=H ) (PP (IN=H ) (NP (NNS=H ))) (PP (IN=H ) (NP (NN=H ))))) (VP=H (VBP=H ) (ADJP (JJ=H ))) (. ))),3,86284,"0,0801674631"
(ROOT (S=H (NP (NP=H (NNP=H )) (VP (ADVP (RB=H )) (VBN=H ) (PP (IN=H ) (NP (NP (NNS ) (POS=H )) (NNS=H ))))) (VP=H (VBP=H ) (ADJP (JJ=H ))) (. ))),3,86287,"0,0801702504"
(ROOT (NP=H (NP=H (NNP ) (NNP=H )) (: ) (NP (NP=H (NNP ) (NNPS=H )) (SBAR (S=H (NP (NN=H )) (VP=H (VBP=H ) (ADJP (JJ=H )))))) (. ))),3,86290,"0,0801730377"
(ROOT (S=H (NP (NP=H (DT ) (NNP ) (NNP=H )) (PP (IN=H ) (NP (NNP ) (NNPS ) (NNP=H )))) (VP=H (VBP=H ) (ADJP (JJ=H ))) (. ))),3,86293,"0,0801758251"
(ROOT (NP=H (NP=H (NNP=H )) (: ) (S (NP (NP (NNP ) (NNP ) (NNP ) (NNP ) (NNS ) (POS=H )) (NN ) (NNS=H )) (VP=H (VBP=H ) (ADJP (JJ=H )))) (. ))),3,86296,"0,0801786124"
(ROOT (NP=H (NP=H (NNP ) (NNS=H )) (: ) (S (NP (NN=H )) (VP=H (VBP=H ) (ADJP (JJ=H )))) (. ))),3,86299,"0,0801813997"
(ROOT (S=H (NP (NP=H (NNP=H )) (CC ) (NP (NNP ) (NNPS ) (NN=H ))) (VP=H (VBP=H ) (ADJP (JJ=H ))) (. ))),3,86302,"0,0801841871"
(ROOT (S=H (NP (NP=H (NNP ) (NNPS ) (NNP ) (NNP ) (NN=H )) (PP (IN=H ) (NP (NN ) (NN ) (NN=H )))) (VP=H (VBP=H ) (ADJP (JJ=H ))) (. ))),3,86305,"0,0801869744"
(ROOT (S=H (NP (NP (NNP=H )) (PRN (-LRB- ) (NP=H (NP=H (NN=H )) (CC ) (NP (NN=H ))) (-RRB- )) (NNS=H )) (PP (IN=H ) (NP (NN=H ))) (VP=H (VBP=H ) (ADJP (JJ=H ))) (. ))),3,86308,"0,0801897617"
(ROOT (S=H (NP (NP=H (NNP ) (NNP ) (NNP ) (NNPS ) (JJ ) (NNS=H )) (PP (IN=H ) (NP (NNP=H )))) (VP=H (VBP=H ) (ADJP (JJ=H ))) (. ))),3,86311,"0,0801925491"
"(ROOT (S=H (S (NP=H (NP=H (NNS=H ) (CC ) (NNS )) (PP (IN=H ) (NP (NNP ) (CC ) (NNP ) (NNP=H ))))) (, ) (NP (NNP=H )) (VP=H (VBP=H ) (ADJP (JJ=H ))) (. )))",3,86314,"0,0801953364"
(ROOT (S=H (NP (NP=H (NNP=H )) (PP (IN=H ) (NP (NP=H (DT ) (NNP ) (NNP ) (NNP=H )) (PP (IN=H ) (NP (NNP ) (NNPS=H )))))) (VP=H (VBP=H ) (ADJP (JJ=H ))) (. ))),3,86317,"0,0801981238"
(ROOT (S=H (NP (NP=H (NNP ) (NNPS ) (NNP ) (NNS=H )) (VP (VBG=H ) (NP (JJ ) (NNS=H )))) (VP=H (VBP=H ) (ADJP (JJ=H ))) (. ))),3,86320,"0,0802009111"
(ROOT (S=H (NP (NP (JJ ) (JJ ) (NNS ) (POS=H )) (NN ) (NN ) (NNS=H )) (VP=H (VBP=H ) (ADJP (JJ=H ))) (. ))),3,86323,"0,0802036984"
(ROOT (S=H (NP (CD ) (NNP ) (NNP ) (NNPS ) (NNP ) (NNP ) (NN=H )) (VP=H (VBP=H ) (ADJP (JJ=H ))) (. ))),3,86326,"0,0802064858"
(ROOT (S=H (NP (NP=H (NNP ) (NNPS ) (NNP=H )) (PRN (-LRB- ) (NP=H (NP=H (NN=H )) (CC ) (NP (NN=H ))) (-RRB- ))) (VP=H (VBP=H ) (ADJP (JJ=H ))) (. ))),3,86329,"0,0802092731"
(ROOT (S=H (NP (NP=H (NP=H (NNP ) (NNPS ) (NNP=H )) (PRN (-LRB- ) (NP=H (NP=H (NN=H )) (CC ) (NP (NN=H ))) (-RRB- ))) (PP (IN=H ) (NP (NN=H )))) (VP=H (VBP=H ) (ADJP (JJ=H ))) (. ))),3,86332,"0,0802120604"
(ROOT (S=H (NP (NP=H (NNP ) (NNPS ) (NNP ) (NNS=H )) (VP (VBG=H ) (NP (NNS=H )))) (VP=H (VBP=H ) (ADJP (JJ=H ))) (. ))),3,86335,"0,0802148478"
(ROOT (S=H (NP (NNP=H )) (VP=H (VBD=H ) (SBAR (S=H (NP (NP=H (NNS=H )) (PP (IN=H ) (NP (NP=H (NNS=H ) (CC ) (NNS )) (PP (IN=H ) (NP (NNP=H )))))) (VP=H (VBP=H ) (ADJP (JJ=H )))))) (. ))),3,86338,"0,0802176351"
(ROOT (S=H (NP (NP=H (NNP ) (NNP=H )) (PP (IN=H ) (NP (JJS ) (NNP ) (NNP ) (NNP ) (NNS=H )))) (VP=H (VBP=H ) (ADJP (JJ=H ))) (. ))),3,86341,"0,0802204224"
(ROOT (S=H (NP (NNP=H )) (VP=H (VBD=H ) (SBAR (S=H (NP (NP=H (NNS=H )) (PP (IN=H ) (NP (NNP ) (NNP ) (NN ) (NNS=H )))) (VP=H (VBP=H ) (ADJP (JJ=H )))))) (. ))),3,86344,"0,0802232098"
(ROOT (S=H (NP (NP=H (NN=H )) (PP (IN=H ) (NP (NP=H (DT ) (CD ) (NNPS=H )) (PP (IN=H ) (NP (NP=H (DT ) (NNP ) (NNPS=H )) (PP (IN=H ) (NP (NNP=H )))))))) (VP=H (VBP=H ) (ADJP (JJ=H ))) (. ))),3,86347,"0,0802259971"
(ROOT (S=H (NP (NP (JJ ) (NNS=H )) (PRN (-LRB- ) (NP=H (NP=H (NN=H )) (CC ) (NP (NN=H ))) (-RRB- )) (NNS=H )) (VP=H (VBP=H ) (ADJP (JJ=H ))) (. ))),3,86350,"0,0802287844"
(ROOT (S=H (NP (NNP=H )) (VP=H (VBD=H ) (SBAR (S=H (NP (NP=H (NNS=H )) (PP (IN=H ) (NP (NP=H (NNS=H )) (PP (IN=H ) (NP (NNP=H ) (CC ) (NNP )))))) (VP=H (VBP=H ) (ADJP (JJ=H )))))) (. ))),3,86353,"0,0802315718"
(ROOT (S=H (NP (NP (NP (NNP=H )) (PP (IN=H ) (NP (NNP ) (NNP ) (NNS=H ))) (POS=H )) (NN=H )) (VP=H (VBP=H ) (ADJP (JJ=H ))) (. ))),3,86356,"0,0802343591"
(ROOT (S=H (NP (NP=H (NNP=H )) (PP (VBN=H ) (PP (IN=H ) (NP (JJ ) (NNS=H ) (CC ) (NNS ))))) (VP=H (VBP=H ) (ADJP (JJ=H ))) (. ))),3,86359,"0,0802371464"
(ROOT (S=H (S (VP=H (VBG=H ) (NP (NP (NNP ) (NNS ) (POS=H )) (NN=H )))) (VP=H (VBP=H ) (ADJP (JJ=H ))) (. ))),3,86362,"0,0802399338"
"(ROOT (S=H (S (VP=H (VBG=H ) (PP (IN=H ) (NP (DT ) (NNP ) (NNP=H ))))) (, ) (NP (NNP=H )) (VP=H (VBP=H ) (ADJP (JJ=H ))) (. )))",3,86365,"0,0802427211"
(ROOT (S=H (NP (NP=H (NNP=H )) (VP (VBG=H ) (PP (IN=H ) (NP (DT ) (CD ) (NNPS ) (NNPS=H ))))) (VP=H (VBP=H ) (ADJP (JJ=H ))) (. ))),3,86368,"0,0802455084"
(ROOT (S=H (NP (NP (JJ ) (NNS ) (POS=H )) (NNP ) (PRN (-LRB- ) (NP=H (CD=H )) (-RRB- )) (NNP=H )) (VP=H (VBP=H ) (ADJP (JJ=H ))) (. ))),3,86371,"0,0802482958"
(ROOT (S=H (NP (NP (NNP=H ) (CD )) (PRN (-LRB- ) (NP=H (NNP ) (NNP=H )) (-RRB- )) (NNS=H )) (VP=H (VBP=H ) (ADJP (JJ=H ))) (. ))),3,86374,"0,0802510831"
(ROOT (NP=H (NP=H (CD=H )) (: ) (S (NP (CD ) (NNP ) (NNP ) (NN=H )) (VP=H (VBP=H ) (ADJP (JJ=H )))) (. ))),3,86377,"0,0802538704"
(ROOT (NP=H (NP=H (NNP=H )) (: ) (NP (NP=H (NNP ) (NNPS=H )) (SBAR (S=H (NP (NN ) (NN ) (NNS=H )) (VP=H (VBP=H ) (ADJP (JJ=H )))))) (. ))),3,86380,"0,0802566578"
(ROOT (S=H (NP (NAC (NAC=H (NNP=H ) (PP (IN=H ) (NP (NNP=H )))) (PRN (-LRB- ) (NP=H (NNP=H )) (-RRB- ))) (NNS=H )) (VP=H (VBP=H ) (ADJP (JJ=H ))) (. ))),3,86383,"0,0802594451"
(ROOT (S=H (NP (NP=H (JJ ) (NN=H )) (PP (IN=H ) (NP (DT ) (NNP ) (NNP ) (NNPS ) (NNP=H )))) (VP=H (VBP=H ) (ADJP (JJ=H ))) (. ))),3,86386,"0,0802622325"
(ROOT (S=H (NP (NP (NNP=H )) (PRN (-LRB- ) (ADJP=H (JJ=H )) (-RRB- )) (NNS=H )) (VP=H (VBP=H ) (ADJP (JJ=H ))) (. ))),3,86389,"0,0802650198"
(ROOT (S=H (NP (NP=H (NNP ) (NN=H )) (PP (IN=H ) (NP (DT ) (NNP ) (NNP ) (NNP ) (NNPS=H )))) (VP=H (VBP=H ) (ADJP (JJ=H ))) (. ))),3,86392,"0,0802678071"
(ROOT (S=H (NP (NP (NNP=H ) (CD )) (PRN (-LRB- ) (NP=H (NNP=H )) (-RRB- )) (NNS=H )) (VP=H (VBP=H ) (ADJP (JJ=H ))) (. ))),3,86395,"0,0802705945"
(ROOT (S=H (NP (NP=H (NNP ) (NNP ) (NNP ) (NNP ) (NN=H )) (PP (IN=H ) (NP (NN ) (NN ) (NNS=H )))) (VP=H (VBP=H ) (ADJP (JJ=H ))) (. ))),3,86398,"0,0802733818"
(ROOT (S=H (NP (NP=H (JJ ) (NN ) (NN ) (NN=H )) (PP (IN=H ) (NP (NN ) (NN ) (NNS=H )))) (VP=H (VBP=H ) (ADJP (JJ=H ))) (. ))),3,86401,"0,0802761691"
(ROOT (S=H (NP (ADJP (ADJP=H (QP=H (CD=H ) (CD ))) (PRN (-LRB- ) (NP=H (NNP=H )) (-RRB- ))) (NN ) (NNS=H )) (VP=H (VBP=H ) (ADJP (JJ=H ))) (. ))),3,86404,"0,0802789565"
(ROOT (S=H (NP (NP=H (NNP ) (NNPS ) (NNP ) (NNS=H )) (PP (IN=H ) (NP (NNS=H )))) (VP=H (VBP=H ) (ADJP (JJ=H ))) (. ))),3,86407,"0,0802817438"
(ROOT (NP=H (NP=H (CD=H )) (: ) (S (NP (CD ) (JJ ) (NNP ) (NNP ) (NN=H )) (VP=H (VBP=H ) (SBAR (S=H (NP (NNS=H )) (VP=H (VBP=H ) (ADJP (JJ=H ))))))) (. ))),3,86410,"0,0802845311"
(ROOT (S=H (NP (NP=H (NP (NNP ) (POS=H )) (NNS ) (NNS=H )) (PP (IN=H ) (NP (NNP ) (NNP=H )))) (VP=H (VBP=H ) (ADJP (JJ=H ))) (. ))),3,86413,"0,0802873185"
(ROOT (S=H (NP (NP (JJ ) (NN ) (NNS ) (POS=H )) (NN=H )) (VP=H (VBZ=H ) (SBAR (S=H (NP (NNS=H )) (VP=H (VBP=H ) (ADJP (JJ=H )))))) (. ))),3,86416,"0,0802901058"
(ROOT (NP=H (NP=H (CD=H )) (: ) (NP (NP=H (CD ) (JJ ) (NNP ) (NNP ) (NN ) (NNS=H )) (SBAR (S=H (VP=H (VBP=H ) (ADJP (JJ=H )))))) (. ))),3,86419,"0,0802928931"
(ROOT (S=H (NP (NP=H (NNP=H )) (PP (IN=H ) (NP (NP=H (DT ) (JJ ) (NNPS=H )) (PP (IN=H ) (NP (NNP=H )))))) (VP=H (VBP=H ) (ADJP (JJ=H ))) (. ))),3,86422,"0,0802956805"
(ROOT (S=H (NP (NP (NNP ) (NNP ) (NNP=H )) (PRN (-LRB- ) (NP=H (JJ ) (NN ) (NN=H )) (-RRB- )) (NNS=H )) (VP=H (VBP=H ) (ADJP (JJ=H ))) (. ))),3,86425,"0,0802984678"
(ROOT (S=H (NP (NP=H (NNP ) (NNPS ) (NN=H )) (CC ) (NP (NP=H (NN ) (NN=H )) (NP (CD ) (: ) (CD=H )))) (VP=H (VBP=H ) (ADJP (JJ=H ))) (. ))),3,86428,"0,0803012551"
(ROOT (S=H (NP (NP=H (NNP ) (NN=H )) (PP (IN=H ) (NP (NP=H (NNS=H )) (PP (IN=H ) (NP (NN=H )))))) (VP=H (VBP=H ) (ADJP (JJ=H ))) (. ))),3,86431,"0,0803040425"
(ROOT (NP=H (NP=H (NNP ) (NNPS=H )) (: ) (S (NP (JJ ) (NNS=H )) (VP=H (VBP=H ) (ADJP (JJ=H )))) (. ))),3,86434,"0,0803068298"
(ROOT (NP=H (NP=H (NNP=H ) (CC ) (NNP )) (: ) (S (NP (NNP ) (NN ) (NNS=H )) (VP=H (VBP=H ) (ADJP (JJ=H )))) (. ))),3,86437,"0,0803096171"
(ROOT (NP=H (NP=H (NNP=H )) (: ) (S (NP (NP=H (NNP ) (NNP=H )) (CC ) (NP (JJ ) (NN=H ))) (VP=H (VBP=H ) (ADJP (JJ=H )))) (. ))),3,86440,"0,0803124045"
(ROOT (NP=H (NP=H (NNP=H )) (: ) (NP (NP=H (NNP=H ) (CC ) (NNP )) (SBAR (S=H (NP (NN=H )) (VP=H (VBP=H ) (ADJP (JJ=H )))))) (. ))),3,86443,"0,0803151918"
(ROOT (NP=H (NP=H (NP=H (NNP ) (NNP=H )) (PP (IN=H ) (NP (DT ) (NNP=H )))) (: ) (S (NP (NNP ) (NN ) (NNS=H )) (VP=H (VBP=H ) (ADJP (JJ=H )))) (. ))),3,86446,"0,0803179791"
(ROOT (NP=H (NP=H (NNP ) (NNP ) (NNP=H )) (: ) (S (NP (NNP ) (NN ) (NNS=H )) (VP=H (VBP=H ) (ADJP (JJ=H )))) (. ))),3,86449,"0,0803207665"
(ROOT (NP=H (NP=H (NNP=H )) (: ) (S (NP (NP=H (NNP=H )) (PP (IN=H ) (NP (NNP ) (NN ) (NNS=H )))) (VP=H (VBP=H ) (ADJP (JJ=H )))) (. ))),3,86452,"0,0803235538"
(ROOT (NP=H (NP=H (NNP=H )) (: ) (NP (NP=H (NNP ) (NNPS=H )) (SBAR (S=H (NP (JJ ) (NNS=H )) (VP=H (VBP=H ) (ADJP (JJ=H )))))) (. ))),3,86455,"0,0803263411"
(ROOT (S=H (NP (NP (JJ ) (NN ) (NNS ) (POS=H )) (NN ) (NN ) (NN ) (NN ) (NNS=H )) (VP=H (VBP=H ) (ADJP (JJ=H ))) (. ))),3,86458,"0,0803291285"
(ROOT (S=H (ADVP (RB=H )) (NP (NP (NNP ) (NNS ) (POS=H )) (NN ) (NN ) (NNS=H )) (VP=H (VBP=H ) (ADJP (JJ=H ))) (. ))),3,86461,"0,0803319158"
(ROOT (S=H (NP (NP=H (NNP=H ) (CD )) (PP (IN=H ) (NP (DT ) (NNP ) (NNPS ) (NNP=H )))) (VP=H (VBP=H ) (ADJP (JJ=H ))) (. ))),3,86464,"0,0803347032"
(ROOT (S=H (NP (NP (NNP ) (NNP ) (POS=H )) (JJ ) (NP (NNS ) (NNS ) (POS=H )) (NN=H )) (VP=H (VBP=H ) (ADJP (JJ=H ))) (. ))),3,86467,"0,0803374905"
(ROOT (S=H (NP (NP=H (NNP=H )) (PP (IN=H ) (NP (NP=H (DT ) (NNP ) (NNS=H )) (PP (TO=H ) (NP (NNP=H )))))) (VP=H (VBP=H ) (ADJP (JJ=H ))) (. ))),3,86470,"0,0803402778"
(ROOT (S=H (NP (NP=H (NNP ) (PRN (-LRB- ) (NNP ) (NN=H ) (-RRB- )) (NNP=H )) (VP (VBG=H ) (NP (JJ ) (NN ) (NN ) (NNS=H )))) (VP=H (VBP=H ) (ADJP (JJ=H ))) (. ))),3,86473,"0,0803430652"
(ROOT (S=H (NP (NP=H (NNP ) (NNPS ) (NNP ) (NN ) (NNS=H )) (PP (IN=H ) (NP (NNP=H )))) (VP=H (VBP=H ) (ADJP (JJ=H ))) (. ))),3,86476,"0,0803458525"
(ROOT (S=H (NP (NP (DT ) (NN=H )) (PRN (-LRB- ) (NP=H (JJ ) (NN ) (NN=H )) (-RRB- )) (NNS=H )) (VP=H (VBP=H ) (ADJP (JJ=H ))) (. ))),3,86479,"0,0803486398"
(ROOT (S=H (NP (NP=H (NNP ) (NNP ) (NNP ) (NNP=H )) (PP (IN=H ) (NP (NP=H (NN ) (NNS=H )) (PP (IN=H ) (NP (NNP=H )))))) (VP=H (VBP=H ) (ADJP (JJ=H ))) (. ))),3,86482,"0,0803514272"
"(ROOT (S=H (S (NP (NNP=H )) (VP=H (VBN=H ) (PP (IN=H ) (NP (NNP ) (NNP=H ))))) (, ) (NP (NNP ) (NNP=H )) (VP=H (VBP=H ) (ADJP (JJ=H ))) (. )))",3,86485,"0,0803542145"
(ROOT (S=H (NP (NP=H (CD ) (: ) (CD=H )) (SBAR (S=H (NP (NP (JJ ) (NNS ) (POS=H )) (NN ) (NN ) (NNS=H )) (VP=H (VBZ=H ))))) (VP=H (VBP=H ) (ADJP (JJ=H ))) (. ))),3,86488,"0,0803570018"
(ROOT (S=H (NP (NP=H (NNP ) (NNP ) (NNP ) (NN=H )) (PP (IN=H ) (NP (NN ) (NN ) (NNS=H )))) (VP=H (VBP=H ) (ADJP (JJ=H ))) (. ))),3,86491,"0,0803597892"
(ROOT (S=H (NP (NP (CD ) (NNS ) (POS=H )) (NNP ) (NNP ) (NNP ) (NN=H )) (VP=H (VBP=H ) (SBAR (S=H (NP (NNS=H )) (VP=H (VBP=H ) (ADJP (JJ=H )))))) (. ))),3,86494,"0,0803625765"
(ROOT (S=H (NP (NNP=H )) (VP=H (VBD=H ) (SBAR (S=H (NP (NP=H (JJ ) (NNS=H )) (PP (IN=H ) (NP (DT ) (NNP ) (NNPS=H )))) (VP=H (VBP=H ) (ADJP (JJ=H )))))) (. ))),3,86497,"0,0803653638"
"(ROOT (S=H (S (NP (NNP ) (NN=H )) (VP=H (VBN=H ) (PP (IN=H ) (NP (NNP ) (NNP=H ))))) (, ) (NP (NNP=H )) (VP=H (VBP=H ) (ADJP (JJ=H ))) (. )))",3,86500,"0,0803681512"
(ROOT (S=H (NP (NNP ) (NN=H )) (VP=H (VBZ=H ) (SBAR (S=H (NP (NNPS=H )) (VP=H (VBP=H ) (ADJP (JJ=H )))))) (. ))),3,86503,"0,0803709385"
(ROOT (S=H (NP (CD ) (NNP ) (NNPS ) (NN ) (NN=H )) (VP=H (VBD=H ) (SBAR (S=H (NP (JJ ) (NNS=H )) (VP=H (VBP=H ) (ADJP (JJ=H )))))) (. ))),3,86506,"0,0803737258"
(ROOT (S=H (NP (NP=H (NN=H )) (VP (VBG=H ) (PP (IN=H ) (NP (DT ) (CD ) (NNP ) (NNP ) (NNS=H ))))) (VP=H (VBP=H ) (ADJP (JJ=H ))) (. ))),3,86509,"0,0803765132"
"(ROOT (S=H (S (NP (NNP ) (NN=H )) (VP=H (VBN=H ) (PP (IN=H ) (NP (NNP=H ))))) (, ) (NP (NNP=H )) (VP=H (VBP=H ) (ADJP (JJ=H ))) (. )))",3,86512,"0,0803793005"
"(ROOT (S=H (S (NP (NNP=H )) (VP=H (VBD=H ) (NP (NP=H (NNP ) (NNP=H )) (PP (IN=H ) (NP (DT ) (NNP=H )))))) (, ) (NP (NN=H ) (CD )) (VP=H (VBP=H ) (ADJP (JJ=H ))) (. )))",3,86515,"0,0803820878"
"(ROOT (S=H (S (NP (JJ ) (NNS=H )) (VP=H (VBZ=H ))) (, ) (NP (JJ ) (NN ) (NNS=H )) (VP=H (VBP=H ) (ADJP (JJ=H ))) (. )))",3,86518,"0,0803848752"
(ROOT (NP=H (NP=H (CD=H )) (: ) (NP (NP=H (CD=H )) (SBAR (S=H (NP (NP (NNP ) (NNP ) (POS=H )) (NNPS ) (NNP=H )) (VP=H (VBP=H ) (ADJP (JJ=H )))))) (. ))),3,86521,"0,0803876625"
(ROOT (S=H (NP (NP=H (NNP ) (NNP=H )) (PP (IN=H ) (NP (JJ ) (VBG ) (NNS=H )))) (VP=H (VBP=H ) (ADJP (JJ=H ))) (. ))),3,86524,"0,0803904498"
(ROOT (S=H (S=H (NP (NNP ) (NNP=H )) (VP=H (VBD=H ) (NP (NNS=H )) (PP (IN=H ) (NP (NP=H (CD ) (: ) (CD=H )) (PP (TO=H ) (NP (CD=H ))))))) (: ) (S (NP (CD=H )) (VP=H (VBP=H ) (ADJP (JJ=H )))) (. ))),3,86527,"0,0803932372"
"(ROOT (S=H (PP (ADVP (RB=H )) (IN=H ) (NP (NNPS ) (NNP=H ))) (, ) (NP (NNP ) (NNP=H )) (VP=H (VBP=H ) (ADJP (JJ=H ))) (. )))",3,86530,"0,0803960245"
(ROOT (S=H (NP (NP (NNP ) (NNP=H )) (PRN (-LRB- ) (NP=H (JJ ) (JJ ) (NN=H )) (-RRB- )) (NNS=H )) (VP=H (VBP=H ) (ADJP (JJ=H ))) (. ))),3,86533,"0,0803988119"
(ROOT (S=H (S=H (NP (NNP ) (NNP ) (NNP=H )) (VP=H (VBZ=H ))) (CC ) (S (NP (NP=H (NNS=H )) (PP (IN=H ) (NP (NNP=H )))) (VP=H (VBP=H ) (ADJP (JJ=H )))) (. ))),3,86536,"0,0804015992"
(ROOT (NP=H (NP=H (CD=H )) (: ) (S (NP (CD ) (JJ ) (JJ ) (NN=H )) (VP=H (VBP=H ) (ADJP (JJ=H )))) (. ))),3,86539,"0,0804043865"
(ROOT (NP=H (NP=H (CD=H )) (: ) (S (NP (NP=H (CD ) (NN=H )) (CC ) (NP (NNP ) (NNP ) (NNP=H ))) (VP=H (VBP=H ) (ADJP (JJ=H )))) (. ))),3,86542,"0,0804071739"
"(ROOT (S=H (S (NP=H (NP=H (NNS=H )) (PP (IN=H ) (NP (NP (NNP ) (NNP ) (POS=H )) (NN=H ))))) (, ) (NP (NNP ) (NNP=H )) (VP=H (VBP=H ) (ADJP (JJ=H ))) (. )))",3,86545,"0,0804099612"
(ROOT (S=H (NP (ADJP (JJ ) (NN=H )) (JJ ) (NN ) (NNS=H )) (VP=H (VBP=H ) (ADJP (JJ=H ))) (. ))),3,86548,"0,0804127485"
"(ROOT (S=H (S (NP (NNP=H )) (VP=H (VBD=H ) (NP (NP=H (NNP ) (NNP=H )) (PP (IN=H ) (NP (DT ) (NNP=H )))))) (, ) (NP (NP=H (NN=H ) (CD )) (ADJP (JJ ) (JJ=H ))) (VP=H (VBP=H ) (ADJP (JJ=H ))) (. )))",3,86551,"0,0804155359"
"(ROOT (S=H (S (VP=H (VB=H ) (NP (JJ ) (NNS=H )))) (, ) (NP (CD=H )) (VP=H (VBP=H ) (ADJP (JJ=H ))) (. )))",3,86554,"0,0804183232"
(ROOT (S=H (PP (IN=H ) (NP (NNPS=H ) (CC ) (NNPS ))) (NP (NNS=H )) (VP=H (VBP=H ) (ADJP (JJ=H ))) (. ))),3,86557,"0,0804211105"
(ROOT (S=H (NP (NP=H (NNPS ) (NNPS=H )) (NP (NN ) (NNS=H ))) (VP=H (VBP=H ) (ADJP (JJ=H ))) (. ))),3,86560,"0,0804238979"
(ROOT (S=H (NP (NP (DT ) (NNPS=H )) (PRN (-LRB- ) (NP=H (JJ ) (NN ) (NN=H )) (-RRB- )) (NNS=H )) (VP=H (VBP=H ) (ADJP (JJ=H ))) (. ))),3,86563,"0,0804266852"
(ROOT (S=H (NP (CD ) (NNP ) (NNP ) (NNP ) (NNPS ) (NN ) (NN=H )) (VP=H (VBP=H ) (ADJP (JJ=H ))) (. ))),3,86566,"0,0804294725"
(ROOT (S=H (NP (NP=H (NNP ) (NNP ) (NNPS ) (NNP=H )) (NP (CD ) (NNS=H ))) (VP=H (VBP=H ) (ADJP (JJ=H ))) (. ))),3,86569,"0,0804322599"
(ROOT (S=H (NP (NP=H (NNP ) (NNP=H )) (SBAR (S=H (NP (NNS=H )) (VP=H (VBD=H ) (PP (IN=H ) (NP (NNP=H ))))))) (VP=H (VBP=H ) (ADJP (JJ=H ))) (. ))),3,86572,"0,0804350472"
(ROOT (S=H (NP (NP=H (CD=H )) (CC ) (NP (CD ) (NNS=H ))) (VP=H (VBP=H ) (ADJP (JJ=H ))) (. ))),3,86575,"0,0804378345"
(ROOT (S=H (NP (NP=H (CD=H )) (PP (IN=H ) (NP (JJ ) (NN ) (NN ) (JJ ) (NNS=H )))) (VP=H (VBP=H ) (ADJP (JJ=H ))) (. ))),3,86578,"0,0804406219"
(ROOT (NP=H (NP=H (NNP=H )) (: ) (NP (NP=H (NNP ) (NNPS=H )) (SBAR (S=H (NP (NP (NNS ) (POS=H )) (NN=H )) (VP=H (VBP=H ) (ADJP (JJ=H )))))) (. ))),3,86581,"0,0804434092"
(ROOT (S=H (NP (NP=H (NNP ) (NNP=H )) (PP (IN=H ) (NP (NP=H (NNP ) (NNP ) (NNS=H )) (PP (IN=H ) (NP (NNP ) (NNP ) (NNP=H )))))) (VP=H (VBP=H ) (ADJP (JJ=H ))) (. ))),3,86584,"0,0804461965"
(ROOT (S=H (NP (NNP ) (NNP ) (NNPS ) (NNPS ) (NN=H )) (VP=H (VBP=H ) (SBAR (S=H (NP (NNS=H )) (VP=H (VBP=H ) (ADJP (JJ=H )))))) (. ))),3,86587,"0,0804489839"
(ROOT (S=H (NP (NP=H (NNP=H )) (PP (IN=H ) (NP (NNS=H ) (CC ) (NNS )))) (VP=H (VBP=H ) (ADJP (JJ=H ))) (. ))),3,86590,"0,0804517712"
(ROOT (S=H (NP (NNP ) (JJ ) (NNS ) (CC ) (NN ) (NNS=H )) (VP=H (VBP=H ) (ADJP (JJ=H ))) (. ))),3,86593,"0,0804545585"
(ROOT (S=H (NP (NP=H (NNP ) (NNP=H )) (PP (TO=H ) (NP (NNP ) (NN ) (NNS=H )))) (VP=H (VBP=H ) (ADJP (JJ=H ))) (. ))),3,86596,"0,0804573459"
(ROOT (S=H (NP (NP=H (NNP=H )) (PP (IN=H ) (NP (NP=H (NNP ) (NNPS=H )) (PP (IN=H ) (NP (NNP ) (NNP=H )))))) (VP=H (VBP=H ) (ADJP (JJ=H ))) (. ))),3,86599,"0,0804601332"
(ROOT (S=H (NP (NP=H (NNP=H )) (VP (VBN=H ) (PP (IN=H ) (NP (NNS=H ))) (PP (IN=H ) (NP (NNP ) (NNP=H ))))) (VP=H (VBP=H ) (ADJP (JJ=H ))) (. ))),3,86602,"0,0804629206"
(ROOT (S=H (NP (NAC (NNP=H ) (PP (IN=H ) (NP (NNP ) (NNP ) (NNP ) (NNP ) (NNP=H )))) (NNS=H )) (VP=H (VBP=H ) (ADJP (JJ=H ))) (. ))),3,86605,"0,0804657079"
(ROOT (S=H (NP (NNPS ) (NNP ) (NNP ) (NNP ) (NNP=H )) (VP=H (VBP=H ) (ADJP (JJ=H ))) (. ))),3,86608,"0,0804684952"
(ROOT (S=H (NP (NP (NNP=H ) (CC ) (NNP )) (PRN (-LRB- ) (NP=H (NN=H )) (-RRB- )) (NNS=H )) (VP=H (VBP=H ) (ADJP (JJ=H ))) (. ))),3,86611,"0,0804712826"
"(ROOT (S=H (NP (NP=H (NNP ) (NNP ) (NNP ) (JJ ) (NN=H )) (, ) (NP (NP=H (CD ) (NNS=H )) (PP (IN=H ) (NP (NN=H ))))) (VP=H (VBP=H ) (ADJP (JJ=H ))) (. )))",3,86614,"0,0804740699"
(ROOT (S=H (NP (NP=H (NNP ) (NNP ) (NNP ) (CC ) (NNP ) (NNP=H )) (PP (IN=H ) (NP (NNP=H )))) (VP=H (VBP=H ) (ADJP (JJ=H ))) (. ))),3,86617,"0,0804768572"
(ROOT (S=H (NP (NP=H (NNP ) (NNP=H )) (VP (VBG=H ) (NP (NN ) (NNS=H )) (PP (IN=H ) (S (VP=H (VBG=H )))))) (VP=H (VBP=H ) (ADJP (JJ=H ))) (. ))),3,86620,"0,0804796446"
(ROOT (NP=H (NP=H (NNP=H )) (: ) (S (NP (NP=H (NNP ) (NNP ) (NNS=H )) (PP (IN=H ) (NP (DT ) (NNP ) (NNP=H )))) (VP=H (VBP=H ) (ADJP (JJ=H )))) (. ))),3,86623,"0,0804824319"
(ROOT (NP=H (NP=H (NNP=H )) (: ) (S (NP (NNP ) (NNP ) (CC ) (NNP ) (NNS=H )) (VP=H (VBP=H ) (ADJP (JJ=H )))) (. ))),3,86626,"0,0804852192"
(ROOT (S=H (NP (NP=H (NP (JJ ) (NN ) (NNS ) (POS=H )) (NN ) (NN ) (NN=H )) (PP (IN=H ) (NP (DT ) (NN ) (NN ) (NNS=H )))) (VP=H (VBP=H ) (ADJP (JJ=H ))) (. ))),3,86629,"0,0804880066"
(ROOT (S=H (NP (ADJP (JJ ) (NN=H )) (JJ ) (NN ) (NN ) (NNS=H )) (VP=H (VBP=H ) (ADJP (JJ=H ))) (. ))),3,86632,"0,0804907939"
(ROOT (S=H (NP (NP=H (NNP ) (NNP ) (NNP ) (NNP=H )) (PP (IN=H ) (NP (DT ) (NNP ) (NNPS ) (NN=H )))) (VP=H (VBZ=H ) (SBAR (S=H (NP (NNS=H )) (VP=H (VBP=H ) (ADJP (JJ=H )))))) (. ))),3,86635,"0,0804935812"
(ROOT (S=H (NP (NP=H (NNP ) (NNPS ) (NNP ) (NNP ) (NNS=H )) (PP (IN=H ) (NP (NNP ) (NN=H )))) (VP=H (VBP=H ) (ADJP (JJ=H ))) (. ))),3,86638,"0,0804963686"
"(ROOT (S=H (S (NP (NNP ) (NNP ) (NNP=H )) (VP=H (VBZ=H ) (PP (IN=H ) (NP (NNP=H ))))) (, ) (NP (NNP ) (NNP=H )) (VP=H (VBP=H ) (ADJP (JJ=H ))) (. )))",3,86641,"0,0804991559"
"(ROOT (S=H (S (NP (NNP ) (NNP ) (NNP=H )) (VP=H (VBZ=H ) (PP (IN=H ) (NP (NNP=H ))))) (, ) (NP (NP=H (NP=H (NNP=H )) (PRN (-LRB- ) (NP=H (NNP=H )) (-RRB- ))) (PRN (-LRB- ) (NP=H (NNP=H )) (-RRB- ))) (VP=H (VBP=H ) (ADJP (JJ=H ))) (. )))",3,86644,"0,0805019432"
"(ROOT (S=H (S (VP=H (VB=H ) (PP (IN=H ) (NP (NNP ) (NNP=H ))))) (, ) (NP (NNP ) (NNP=H )) (VP=H (VBP=H ) (ADJP (JJ=H ))) (. )))",3,86647,"0,0805047306"
(ROOT (S=H (NP (NP (NNP ) (NNS ) (POS=H )) (JJ ) (JJ ) (NN ) (NNS=H )) (VP=H (VBP=H ) (ADJP (JJ=H ))) (. ))),3,86650,"0,0805075179"
(ROOT (NP=H (NP=H (NP=H (NNP=H )) (PP (IN=H ) (NP (DT ) (NNP=H )))) (: ) (NP (NP=H (NNP ) (NNP=H )) (SBAR (S=H (NP (NN=H )) (VP=H (VBP=H ) (ADJP (JJ=H )))))) (. ))),3,86653,"0,0805103052"
(ROOT (S=H (NP (NP (NAC (NNP=H ) (PP (IN=H ) (NP (NNP ) (NNP=H )))) (NNS ) (POS=H )) (NN=H )) (VP=H (VBD=H ) (SBAR (S=H (NP (NNS=H )) (VP=H (VBP=H ) (ADJP (JJ=H )))))) (. ))),3,86656,"0,0805130926"
(ROOT (S=H (NP (NP=H (NNP=H )) (VP (VBG=H ) (NP (NN ) (NNS=H )) (PP (IN=H ) (NP (NN=H ))))) (VP=H (VBP=H ) (ADJP (JJ=H ))) (. ))),3,86659,"0,0805158799"
(ROOT (S=H (NP (NP (NP (NAC (NNP=H ) (PP (IN=H ) (NP (NNP ) (NNP=H )))) (NNS ) (POS=H )) (NN=H )) (NNS=H )) (VP=H (VBP=H ) (ADJP (JJ=H ))) (. ))),3,86662,"0,0805186672"
(ROOT (S=H (NP (NP=H (NNP=H )) (PP (IN=H ) (NP (NP (NNP ) (NNP ) (NNP ) (POS=H )) (NN ) (NN ) (NNS=H )))) (VP=H (VBP=H ) (ADJP (JJ=H ))) (. ))),3,86665,"0,0805214546"
(ROOT (NP=H (NP=H (NP=H (JJ ) (NNS=H )) (PP (IN=H ) (NP (DT ) (NNP=H )))) (: ) (NP (NP=H (NNP ) (NNP=H )) (SBAR (S=H (NP (NN=H )) (VP=H (VBP=H ) (ADJP (JJ=H )))))) (. ))),3,86668,"0,0805242419"
(ROOT (NP=H (NP=H (NP=H (NNP ) (NNS=H )) (PP (IN=H ) (NP (DT ) (NNP=H )))) (: ) (NP (NP=H (NNP ) (NNP=H )) (SBAR (S=H (NP (NN=H )) (VP=H (VBP=H ) (ADJP (JJ=H )))))) (. ))),3,86671,"0,0805270292"
(ROOT (S=H (NP (NP=H (NNP ) (NNP ) (CC ) (NNP ) (NNS=H )) (PP (TO=H ) (NP (NNP=H )))) (VP=H (VBP=H ) (ADJP (JJ=H ))) (. ))),3,86674,"0,0805298166"
(ROOT (S=H (NP-TMP (JJ ) (NNP=H )) (NP (NP=H (CD=H )) (PRN (-LRB- ) (NP=H (NN ) (NNS=H )) (-RRB- ))) (VP=H (VBP=H ) (ADJP (JJ=H ))) (. ))),3,86677,"0,0805326039"
(ROOT (NP=H (NP=H (CD=H )) (: ) (NP (NP=H (CD ) (NNS=H )) (SBAR (S=H (NP (NP (NNS ) (POS=H )) (NN ) (NNS ) (NN=H )) (VP=H (VBP=H ) (ADJP (JJ=H )))))) (. ))),3,86680,"0,0805353913"
(ROOT (NP=H (NP=H (NNP ) (NNP ) (NNP ) (NNP=H )) (: ) (S (NP (NNP=H )) (VP=H (VBP=H ) (ADJP (JJ=H )))) (. ))),3,86683,"0,0805381786"
(ROOT (S=H (NP (NP (NNP ) (NNP ) (NNP ) (NNP=H )) (PRN (-LRB- ) (FRAG=H (ADJP=H (JJ=H )) (: )) (-RRB- )) (NNS=H )) (VP=H (VBP=H ) (ADJP (JJ=H ))) (. ))),3,86686,"0,0805409659"
(ROOT (S=H (NP (NNP=H ) (CC ) (NNP )) (VP=H (VBP=H ) (SBAR (S=H (NP (JJ ) (NN ) (NNS=H )) (VP=H (VBP=H ) (ADJP (JJ=H )))))) (. ))),3,86689,"0,0805437533"
(ROOT (S=H (NP (NP=H (NNP=H )) (PP (IN=H ) (NP (NP=H (NNP ) (NNS=H )) (PP (IN=H ) (NP (NP=H (DT ) (NN=H )) (PP (IN=H ) (NP (NNP=H ) (CC ) (NNP )))))))) (VP=H (VBP=H ) (ADJP (JJ=H ))) (. ))),3,86692,"0,0805465406"
(ROOT (S=H (NP (NP=H (NNP=H )) (PP (IN=H ) (NP (NP=H (NNP ) (JJ ) (NNS=H )) (PP (IN=H ) (NP (NP=H (DT ) (NN=H )) (PP (IN=H ) (NP (NNP ) (NNPS=H )))))))) (VP=H (VBP=H ) (ADJP (JJ=H ))) (. ))),3,86695,"0,0805493279"
(ROOT (S=H (NP (NP (NNP ) (NNP ) (FW ) (NNP=H )) (PRN (-LRB- ) (NP=H (NN=H )) (-RRB- )) (NNS=H )) (VP=H (VBP=H ) (ADJP (JJ=H ))) (. ))),3,86698,"0,0805521153"
(ROOT (S=H (NP (NP (NNP ) (NNP ) (FW ) (NNP=H )) (PRN (-LRB- ) (ADJP=H (JJ=H )) (-RRB- )) (NNS=H )) (VP=H (VBP=H ) (ADJP (JJ=H ))) (. ))),3,86701,"0,0805549026"
(ROOT (S=H (NP (NP=H (NN ) (NNS ) (NNS=H )) (PP (IN=H ) (NP (DT ) (CD ) (NNP ) (NNPS=H )))) (VP=H (VBP=H ) (ADJP (JJ=H ))) (. ))),3,86704,"0,0805576899"
(ROOT (S=H (NP (NP=H (NNP=H )) (PP (IN=H ) (NP (NP=H (DT ) (NNP ) (NNPS=H )) (PP (IN=H ) (NP (JJ ) (NN=H )))))) (VP=H (VBP=H ) (ADJP (JJ=H ))) (. ))),3,86707,"0,0805604773"
(ROOT (S=H (NP (NP=H (NNP=H )) (PP (IN=H ) (NP (NP=H (NNP ) (NNS=H )) (PP (IN=H ) (NP (JJ ) (NNS=H )))))) (VP=H (VBP=H ) (ADJP (JJ=H ))) (. ))),3,86710,"0,0805632646"
(ROOT (S=H (NP (NP=H (NNP ) (NNPS ) (NNP ) (NNS=H )) (PP (IN=H ) (NP (JJ ) (NNS=H )))) (VP=H (VBP=H ) (ADJP (JJ=H ))) (. ))),3,86713,"0,0805660519"
(ROOT (S=H (ADVP (RB=H )) (NP (NP (NNP ) (NNS ) (POS=H )) (NN ) (NNS=H )) (VP=H (VBP=H ) (ADJP (JJ=H ))) (. ))),3,86716,"0,0805688393"
"(ROOT (S=H (NP (NP=H (NNP ) (NNP ) (NNP=H )) (PP (IN=H ) (NP (NP=H (NNP ) (NNP=H )) (, ) (NP (NNP ) (NNS=H ))))) (VP=H (VBP=H ) (ADJP (JJ=H ))) (. )))",3,86719,"0,0805716266"
(ROOT (S=H (NP (NP (DT ) (NNP ) (NNP ) (NNP=H )) (PRN (-LRB- ) (NP=H (NP=H (CD=H )) (: ) (NP (CD=H ))) (-RRB- )) (NNS=H )) (VP=H (VBP=H ) (ADJP (JJ=H ))) (. ))),3,86722,"0,0805744139"
(ROOT (S=H (NP (NNP=H )) (VP=H (VBZ=H ) (SBAR (S=H (NP (NP=H (NNS=H )) (VP (VBG=H ) (NP (NN=H )) (PP (IN=H ) (NP (NNP ) (NNP=H ))))) (VP=H (VBP=H ) (ADJP (JJ=H )))))) (. ))),3,86725,"0,0805772013"
"(ROOT (S=H (NP (NP=H (NNP ) (NNPS ) (NNP ) (NNP=H )) (PP (IN=H ) (NP (NP=H (NNS=H )) (, ) (NP (NNP ) (NNP=H ))))) (VP=H (VBP=H ) (ADJP (JJ=H ))) (. )))",3,86728,"0,0805799886"
(ROOT (S=H (NP (NP (JJ ) (NNP ) (NNP ) (NNPS=H )) (PRN (-LRB- ) (NP=H (CD ) (NN ) (NN=H )) (-RRB- )) (NNS=H )) (VP=H (VBP=H ) (ADJP (JJ=H ))) (. ))),3,86731,"0,0805827759"
(ROOT (NP=H (NP=H (NNP=H )) (: ) (NP (NP=H (NNP ) (NNP=H )) (SBAR (S=H (NP (NP=H (JJ ) (NN=H )) (PP (IN=H ) (NP (NNP ) (NNP=H )))) (VP=H (VBP=H ) (ADJP (JJ=H )))))) (. ))),3,86734,"0,0805855633"
"(ROOT (S=H (S (NP (JJ ) (NNS=H )) (VP=H (VBD=H ) (PP (IN=H ) (NP (DT ) (NNP=H ))))) (, ) (NP (CD ) (NNS=H )) (VP=H (VBP=H ) (ADJP (JJ=H ))) (. )))",3,86737,"0,0805883506"
"(ROOT (S=H (S (VP=H (VBG=H ) (PP (IN=H ) (NP (NP (NNP ) (NNP ) (POS=H )) (NNP=H ))))) (, ) (NP (NNP=H )) (VP=H (VBP=H ) (ADJP (JJ=H ))) (. )))",3,86740,"0,0805911379"
(ROOT (S=H (NP (NNPS ) (CC ) (NN ) (NN ) (NN ) (NNS=H )) (VP=H (VBP=H ) (ADJP (JJ=H ))) (. ))),2,86742,"0,0805929962"
(ROOT (S=H (NP (NNP=H )) (VP=H (VBD=H ) (SBAR (S=H (NP (NP=H (NNS=H )) (PP (IN=H ) (NP (NNS=H ) (CC ) (NN )))) (VP=H (VBP=H ) (ADJP (JJ=H )))))) (. ))),2,86744,"0,0805948544"
(ROOT (S=H (NP (NP=H (NNP ) (NNPS ) (NNP=H )) (PP (IN=H ) (NP (NNPS=H )))) (VP=H (VBP=H ) (ADJP (JJ=H ))) (. ))),2,86746,"0,0805967126"
(ROOT (S=H (NP (NP=H (NN=H )) (PP (IN=H ) (NP (NP=H (NN=H ) (VBG )) (PRN (-LRB- ) (NP=H (NN ) (NNS=H )) (-RRB- ))))) (VP=H (VBP=H ) (ADJP (JJ=H ))) (. ))),2,86748,"0,0805985708"
(ROOT (S=H (NP (NN ) (NN ) (NN ) (NNS ) (NNS=H )) (VP=H (VBP=H ) (ADJP (JJ=H ))) (. ))),2,86750,"0,0806004291"
(ROOT (S=H (NP (JJ ) (PRN (-LRB- ) (NP=H (NNS=H )) (-RRB- )) (NNS=H )) (PP (IN=H ) (NP (NN=H ))) (VP=H (VBP=H ) (ADJP (JJ=H ))) (. ))),2,86752,"0,0806022873"
(ROOT (S=H (NP (NNP ) (NNP ) (NNP=H )) (ADVP (RB=H )) (VP=H (VBP=H ) (SBAR (S=H (NP (NN ) (NNS=H )) (VP=H (VBP=H ) (ADJP (JJ=H )))))) (. ))),2,86754,"0,0806041455"
(ROOT (S=H (`` ) (NP (NNP ) (NNP=H )) ('' ) (VP=H (VBD=H ) (SBAR (S=H (NP (NNS=H )) (VP=H (VBP=H ) (ADJP (JJ=H )))))) (. ))),2,86756,"0,0806060037"
(ROOT (S=H (NP (CD ) (NNP ) (NNPS ) ('' ) (NN=H )) (VP=H (VBP=H ) (ADJP (JJ=H ))) (. ))),2,86758,"0,080607862"
(ROOT (S=H (S (VP=H (VBG=H ) (NP (NP (DT ) (NN ) (POS=H )) (NNP ) (NNPS ) (NNS=H )))) (VP=H (VBP=H ) (ADJP (JJ=H ))) (. ))),2,86760,"0,0806097202"
(ROOT (S=H (NP (CD ) (NN ) (NN ) (NN=H )) (VP=H (VBP=H ) (SBAR (S=H (NP (NNS=H )) (VP=H (VBP=H ) (ADJP (JJ=H )))))) (. ))),2,86762,"0,0806115784"
(ROOT (S=H (NP (NP (NNP ) (NNP ) (NNPS=H )) (PRN (-LRB- ) (NP=H (NP (NNP ) (POS=H )) (NNS=H )) (-RRB- )) (NNS=H )) (VP=H (VBP=H ) (ADJP (JJ=H ))) (. ))),2,86764,"0,0806134366"
(ROOT (S=H (NP (CD ) (NNS ) (NN=H )) (VP=H (VBP=H ) (ADJP (JJ=H ))) (. ))),2,86766,"0,0806152948"
(ROOT (S=H (NP (NP=H (DT ) (NN=H )) (PP (IN=H ) (NP (NNP ) (NNP ) (NNS=H )))) (VP=H (VBP=H ) (ADJP (JJ=H ))) (. ))),2,86768,"0,0806171531"
(ROOT (S=H (NP (NP=H (DT ) (NN=H )) (PP (IN=H ) (NP (NN ) (CC ) (NN ) (NNS=H )))) (VP=H (VBP=H ) (ADJP (JJ=H ))) (. ))),2,86770,"0,0806190113"
(ROOT (S=H (NP (NP=H (DT ) (NNP=H )) (PP (IN=H ) (NP (DT ) (NNP ) (NNS=H )))) (VP=H (VBP=H ) (ADJP (JJ=H ))) (. ))),2,86772,"0,0806208695"
(ROOT (S=H (NP (NNP=H )) (VP=H (VBZ=H ) (SBAR (S=H (NP (NP=H (NN ) (NNS=H )) (PP (IN=H ) (NP (NNP=H )))) (VP=H (VBP=H ) (ADJP (JJ=H )))))) (. ))),2,86774,"0,0806227277"
(ROOT (S=H (NP (NP=H (NP (JJ ) (NNS=H )) (NN ) (NNS=H )) (PP (IN=H ) (NP (DT ) (NNP ) (NNPS=H )))) (VP=H (VBP=H ) (ADJP (JJ=H ))) (. ))),2,86776,"0,080624586"
(ROOT (S=H (NP (NP=H (NNP=H )) (PP (IN=H ) (NP (NP=H (JJ ) (JJ ) (NNS=H )) (PP (IN=H ) (NP (DT ) (NNP ) (NNPS=H )))))) (VP=H (VBP=H ) (ADJP (JJ=H ))) (. ))),2,86778,"0,0806264442"
(ROOT (S=H (NP (DT ) (NNP ) (NNPS ) (NNP ) (NNP ) (NNS=H )) (VP=H (VBP=H ) (ADJP (JJ=H ))) (. ))),2,86780,"0,0806283024"
(ROOT (S=H (NP (NP=H (JJ ) (NN=H )) (PP (VBN=H ) (PP (IN=H ) (NP (JJ ) (NNS=H ))))) (VP=H (VBP=H ) (ADJP (JJ=H ))) (. ))),2,86782,"0,0806301606"
(ROOT (S=H (NP (NP=H (NNP ) (NNP ) (CC ) (NNP ) (NNP ) (NNS=H )) (PP (IN=H ) (NP (NN=H )))) (VP=H (VBP=H ) (ADJP (JJ=H ))) (. ))),2,86784,"0,0806320189"
(ROOT (S=H (ADVP (RB=H )) (PP (IN=H ) (NP (DT ) (NNPS ) (NNPS=H ))) (NP (JJ ) (NNS=H )) (VP=H (VBP=H ) (ADJP (JJ=H ))) (. ))),2,86786,"0,0806338771"
(ROOT (S=H (SBAR (IN=H ) (S (NP (DT ) (NNP=H )) (VP=H (VBZ=H )))) (NP (NNS=H )) (VP=H (VBP=H ) (ADJP (JJ=H ))) (. ))),2,86788,"0,0806357353"
(ROOT (S=H (NP (NP=H (NNP=H )) (PP (IN=H ) (NP (NNP ) (NNP ) (JJ ) (NN ) (NNS=H )))) (VP=H (VBP=H ) (ADJP (JJ=H ))) (. ))),2,86790,"0,0806375935"
(ROOT (S=H (NP (NP=H (NNP=H )) (PP (IN=H ) (NP (NP=H (NNP ) (NNP=H )) (PP (IN=H ) (NP (NNP ) (NNPS=H )))))) (VP=H (VBP=H ) (ADJP (JJ=H ))) (. ))),2,86792,"0,0806394517"
(ROOT (S=H (NP (NP=H (NNP ) (NNP=H )) (PP (IN=H ) (NP (NNS ) (NNS ) (NNS=H )))) (VP=H (VBP=H ) (ADJP (JJ=H ))) (. ))),2,86794,"0,08064131"
(ROOT (S=H (S (ADVP (RB=H )) (VP=H (VBN=H ))) (NP (NP (NN=H )) (PRN (-LRB- ) (NP=H (NP=H (NNS=H )) (CC ) (NP (NNS=H ))) (-RRB- )) (NNS=H )) (VP=H (VBP=H ) (ADJP (JJ=H ))) (. ))),2,86796,"0,0806431682"
(ROOT (S=H (S (ADVP (RB=H )) (VP=H (VBN=H ))) (NP (NP (NN=H )) (PRN (-LRB- ) (NP=H (NP=H (NNS=H )) (CC ) (NP (NN=H ))) (-RRB- )) (NNS=H )) (VP=H (VBP=H ) (ADJP (JJ=H ))) (. ))),2,86798,"0,0806450264"
(ROOT (FRAG=H (NP (NNP=H )) (: ) (S=H (NP (NP=H (DT ) (JJ ) (NNP ) (NNS=H )) (PP (IN=H ) (NP (NN=H )))) (VP=H (VBP=H ) (ADJP (JJ=H )))) (. ))),2,86800,"0,0806468846"
(ROOT (S=H (NP (NP=H (NNP ) (NNP ) (NNPS ) (NNP=H )) (PP (IN=H ) (NP (DT ) (NN=H )))) (VP=H (VBP=H ) (ADJP (JJ=H ))) (. ))),2,86802,"0,0806487429"
(ROOT (S=H (NP (NP=H (NNP ) (NNPS ) (NNP=H )) (PP (IN=H ) (NP (DT ) (NN ) (NNS=H )))) (VP=H (VBP=H ) (ADJP (JJ=H ))) (. ))),2,86804,"0,0806506011"
(ROOT (S=H (ADVP (RB=H ) (PP (TO=H ) (NP (DT ) (JJ ) (NN=H )))) (NP (NNS=H )) (VP=H (VBP=H ) (ADJP (JJ=H ))) (. ))),2,86806,"0,0806524593"
(ROOT (S=H (NP (NNP=H )) (VP=H (VBZ=H ) (SBAR (S=H (NP (NP=H (JJ ) (NN ) (NNS=H )) (VP (VBG=H ) (NP (NN=H )) (PP (TO=H ) (NP (NN=H ) (CC ) (NN ))))) (VP=H (VBP=H ) (ADJP (JJ=H )))))) (. ))),2,86808,"0,0806543175"
(ROOT (S=H (NP (NNP=H )) (VP=H (VBZ=H ) (SBAR (S=H (NP (NP=H (JJ ) (NN ) (NNS=H )) (VP (VBG=H ) (NP (NN=H )) (PP (TO=H ) (NP (NN=H ))))) (VP=H (VBP=H ) (ADJP (JJ=H )))))) (. ))),2,86810,"0,0806561758"
(ROOT (S=H (NP (NP=H (NN=H )) (PP (IN=H ) (NP (DT ) (NNPS ) (NNP ) (NN ) (NNS=H )))) (VP=H (VBP=H ) (ADJP (JJ=H ))) (. ))),2,86812,"0,080658034"
(ROOT (FRAG=H (NP (NNP ) (NNP ) (NNP=H )) (: ) (S=H (NP (NNP=H )) (VP=H (VBP=H ) (ADJP (JJ=H )))) (. ))),2,86814,"0,0806598922"
(ROOT (S=H (NP (NP=H (NNP=H )) (CC ) (NP (NP=H (NNS=H )) (PP (IN=H ) (NP (DT ) (NNP ) (NNPS=H ))))) (VP=H (VBP=H ) (ADJP (JJ=H ))) (. ))),2,86816,"0,0806617504"
(ROOT (S=H (NP (NP=H (NNP=H )) (CC ) (NP (NP=H (NNS=H )) (PP (IN=H ) (NP (DT ) (NNPS=H ))))) (VP=H (VBP=H ) (ADJP (JJ=H ))) (. ))),2,86818,"0,0806636087"
(ROOT (S=H (NP (NP=H (JJS=H )) (VP (VBN=H ) (NP (NNP ) (NNP ) (NN ) (NNS=H )))) (VP=H (VBP=H ) (ADJP (JJ=H ))) (. ))),2,86820,"0,0806654669"
(ROOT (S=H (NP (NNP ) (NNP ) (CC ) (NNP ) (NNP ) (NNPS ) (NNP ) (NNP ) (NNS=H )) (VP=H (VBP=H ) (ADJP (JJ=H ))) (. ))),2,86822,"0,0806673251"
(ROOT (S=H (NP (NP=H (NNP=H )) (NP (CD ) (NNP ) (NNP ) (NNS=H ))) (VP=H (VBP=H ) (ADJP (JJ=H ))) (. ))),2,86824,"0,0806691833"
(ROOT (S=H (NP (NP=H (NNP=H )) (NP (CD ) (JJ ) (NN ) (NNS=H ))) (VP=H (VBP=H ) (ADJP (JJ=H ))) (. ))),2,86826,"0,0806710415"
(ROOT (S=H (NP (JJ ) (PRN (-LRB- ) (NP=H (NN=H )) (-RRB- )) (NNS=H )) (PP (IN=H ) (NP (NN=H ))) (VP=H (VBP=H ) (ADJP (JJ=H ))) (. ))),2,86828,"0,0806728998"
(ROOT (S=H (NP (JJ ) (PRN (-LRB- ) (NP=H (NP=H (NN=H )) (CC ) (NP (NN=H ))) (-RRB- )) (NNS=H )) (PP (IN=H ) (NP (NN=H ))) (VP=H (VBP=H ) (ADJP (JJ=H ))) (. ))),2,86830,"0,080674758"
(ROOT (S=H (NP (VBG=H )) (PP (IN=H ) (NP (NNS=H ))) (VP=H (VBP=H ) (ADJP (JJ=H ))) (. ))),2,86832,"0,0806766162"
"(ROOT (S=H (NP (NN ) (, ) (NN ) (, ) (CC ) (NN ) (NN ) (NNS=H )) (VP=H (VBP=H ) (ADJP (JJ=H ))) (. )))",2,86834,"0,0806784744"
(ROOT (S=H (NP (JJ ) (NN=H )) (PRN (-LRB- ) (NP=H (NN=H )) (-RRB- )) (NP (NN ) (NNS=H )) (VP=H (VBP=H ) (ADJP (JJ=H ))) (. ))),2,86836,"0,0806803327"
(ROOT (S=H (NP (NP (NNS=H )) (PRN (-LRB- ) (NP=H (NNP ) (NNP ) (NNP ) (NNP=H )) (-RRB- )) (NNS=H )) (VP=H (VBP=H ) (ADJP (JJ=H ))) (. ))),2,86838,"0,0806821909"
(ROOT (S=H (NP (NP=H (NNP=H )) (PP (IN=H ) (NP (PRP$ ) (NNP ) (NNS=H )))) (VP=H (VBP=H ) (ADJP (JJ=H ))) (. ))),2,86840,"0,0806840491"
(ROOT (S=H (NP (NP=H (NN=H )) (PP (NNP=H ) (NP (NNS=H )))) (VP=H (VBP=H ) (ADJP (JJ=H ))) (. ))),2,86842,"0,0806859073"
(ROOT (FRAG=H (NP (NNP=H )) (: ) (S=H (NP (NN=H )) (VP=H (VBP=H ) (ADJP (JJ=H )))) (. ))),2,86844,"0,0806877656"
(ROOT (S=H (NP (NP (NNP ) (NNPS ) (POS=H )) (NN=H )) (VP=H (VBP=H ) (ADJP (JJ=H ))) (. ))),2,86846,"0,0806896238"
"(ROOT (S=H (NP (NNP ) (NNP ) (NNP=H )) (, ) (ADVP (RB=H )) (NP (NNP ) (NNS=H )) (VP=H (VBP=H ) (ADJP (JJ=H ))) (. )))",2,86848,"0,080691482"
(ROOT (S=H (NP (NNP ) (NNP=H )) (VP=H (VBZ=H ) (SBAR (S=H (NP (NP=H (NNS=H )) (PP (IN=H ) (NP (NN=H )))) (VP=H (VBP=H ) (ADJP (JJ=H )))))) (. ))),2,86850,"0,0806933402"
(ROOT (S=H (NP (NP=H (JJ ) (NN ) (CC ) (NN ) (NNS=H )) (NP (NN ) (NNS=H ))) (VP=H (VBP=H ) (ADJP (JJ=H ))) (. ))),2,86852,"0,0806951984"
(ROOT (S=H (NP (ADJP (JJ=H ) (NP-TMP (NNP=H ) (CD ))) (NNS=H )) (VP=H (VBP=H ) (ADJP (JJ=H ))) (. ))),2,86854,"0,0806970567"
"(ROOT (S=H (NP (NP=H (NNP ) (NNPS ) (NNP=H )) (, ) (NP (NNP=H ))) (VP=H (VBP=H ) (ADJP (JJ=H ))) (. )))",2,86856,"0,0806989149"
"(ROOT (S=H (NP (NP=H (NNP=H )) (, ) (NP (NNP ) (NNP=H )) (CC ) (NP (NNP ) (NNP ) (NNS=H ))) (VP=H (VBP=H ) (ADJP (JJ=H ))) (. )))",2,86858,"0,0807007731"
(ROOT (S=H (NP (NP=H (NNP=H )) (CC ) (NP (NP=H (JJ ) (JJ ) (NN ) (NNS=H )) (PP (IN=H ) (NP (NN=H ))))) (VP=H (VBP=H ) (ADJP (JJ=H ))) (. ))),2,86860,"0,0807026313"
(ROOT (S=H (NP (NP=H (NP=H (NNS ) (CC ) (NN ) (NNS=H )) (PP (IN=H ) (NP (NNP=H )))) (PRN (-LRB- ) (NNP ) (NN=H ) (-RRB- ))) (VP=H (VBP=H ) (ADJP (JJ=H ))) (. ))),2,86862,"0,0807044896"
(ROOT (S=H (NP (NP=H (NNS ) (CC ) (NN ) (NNS=H )) (PP (IN=H ) (NP (DT ) (NNPS=H )))) (VP=H (VBP=H ) (ADJP (JJ=H ))) (. ))),2,86864,"0,0807063478"
(ROOT (S=H (NP (NP=H (NN ) (NNS ) (CC ) (NN ) (NNS=H )) (PP (IN=H ) (NP (NNP=H )))) (VP=H (VBP=H ) (ADJP (JJ=H ))) (. ))),2,86866,"0,080708206"
(ROOT (FRAG=H (NP (JJ ) (NN=H )) (: ) (S=H (NP (NP=H (NNP ) (NNP=H )) (PP (IN=H ) (NP (CD ) (NNS=H )))) (VP=H (VBP=H ) (ADJP (JJ=H )))) (. ))),2,86868,"0,0807100642"
(ROOT (S=H (NP (NP=H (NN=H )) (PRN (-LRB- ) (NP=H (NN ) (NNS=H )) (-RRB- ))) (VP=H (VBP=H ) (ADJP (JJ=H ))) (. ))),2,86870,"0,0807119225"
(ROOT (S=H (NP (NP=H (NNP=H )) (PP (IN=H ) (NP (NP=H (NNS=H )) (PP (IN=H ) (NP (NNS=H )))))) (VP=H (VBP=H ) (ADJP (JJ=H ))) (. ))),2,86872,"0,0807137807"
(ROOT (S=H (NP (NP=H (NNP=H )) (PP (IN=H ) (NP (NP=H (NNS=H )) (PP (IN=H ) (NP (NP=H (NNS=H )) (VP (VBN=H ) (PP (IN=H ) (NP (DT ) (NNP ) (NNP ) (NNP=H ) (CD ))))))))) (VP=H (VBP=H ) (ADJP (JJ=H ))) (. ))),2,86874,"0,0807156389"
(ROOT (S=H (NP (NNP ) (NNP=H )) (VP=H (VBZ=H ) (SBAR (S=H (NP (NP=H (NN ) (NNS=H )) (PP (IN=H ) (NP (DT ) (NNP ) (NNP=H )))) (VP=H (VBP=H ) (ADJP (JJ=H )))))) (. ))),2,86876,"0,0807174971"
(ROOT (S=H (NP (NP=H (NNP ) (NNP ) (JJ ) (NN=H )) (PP (IN=H ) (NP (DT ) (NNPS=H )))) (VP=H (VBP=H ) (ADJP (JJ=H ))) (. ))),2,86878,"0,0807193553"
"(ROOT (S=H (NP (NP=H (NNP=H )) (, ) (NP (NP=H (NNP ) (NNS=H )) (PP (IN=H ) (NP (NN=H ))))) (VP=H (VBP=H ) (ADJP (JJ=H ))) (. )))",2,86880,"0,0807212136"
(ROOT (S=H (NP (NP=H (NNP ) (NNP=H )) (CC ) (NP (PRP$ ) (CD ) (NNP ) (NNP ) (NNS=H ))) (VP=H (VBP=H ) (ADJP (JJ=H ))) (. ))),2,86882,"0,0807230718"
"(ROOT (S=H (S (NP (NNS=H )) (VP=H (VBN=H ) (PP (IN=H ) (NP (NNP ) (NNPS=H ))))) (, ) (NP (NNP ) (NNP=H )) (VP=H (VBP=H ) (ADJP (JJ=H ))) (. )))",2,86884,"0,08072493"
(ROOT (S=H (NP (NNP ) (NNP=H )) (VP=H (VBP=H ) (SBAR (S=H (NP (NP=H (NN ) (NNS=H )) (VP (VBG=H ) (NP (NNS=H )))) (VP=H (VBP=H ) (ADJP (JJ=H )))))) (. ))),2,86886,"0,0807267882"
(ROOT (S=H (NP (NNP=H )) (VP=H (VBD=H ) (SBAR (S=H (NP (NP=H (NN ) (NNS=H )) (PP (IN=H ) (NP (DT ) (NNP ) (NNPS=H )))) (VP=H (VBP=H ) (ADJP (JJ=H )))))) (. ))),2,86888,"0,0807286465"
(ROOT (S=H (NP (NP=H (NNP=H )) (PP (IN=H ) (NP (NP=H (JJ ) (NNS=H )) (PP (IN=H ) (NP (NP=H (NN=H )) (PP (IN=H ) (NP (NNS=H )))))))) (VP=H (VBP=H ) (ADJP (JJ=H ))) (. ))),2,86890,"0,0807305047"
(ROOT (S=H (NP (NP=H (NNS ) (NNS=H )) (PP (IN=H ) (NP (DT ) (NNP ) (NNPS=H )))) (VP=H (VBP=H ) (ADJP (JJ=H ))) (. ))),2,86892,"0,0807323629"
(ROOT (S=H (NP (NP=H (NNP=H )) (PP (IN=H ) (NP (CD ) (NNP ) (NNS=H )))) (VP=H (VBP=H ) (ADJP (JJ=H ))) (. ))),2,86894,"0,0807342211"
(ROOT (S=H (NP (NNP=H )) (VP=H (VBZ=H ) (SBAR (WHNP=H (WP=H )) (S (NP (PRP=H )) (PP (NP (NNP=H )) (IN=H ) (NP (NNS=H ))) (VP=H (VBP=H ) (ADJP (JJ=H )))))) (. ))),2,86896,"0,0807360794"
(ROOT (S=H (NP (NP=H (NNP ) (NNPS ) (NNP=H )) (PP (IN=H ) (NP (NN ) (NN=H ) (CC ) (NN )))) (VP=H (VBP=H ) (ADJP (JJ=H ))) (. ))),2,86898,"0,0807379376"
(ROOT (S=H (NP (NP=H (NNP ) (NNPS ) (NNP=H )) (SBAR (WHNP=H (WP=H )) (S (VP=H (MD=H ) (VP (VB=H ) (PP (IN=H ) (NP (NN ) (NNS=H )))))))) (VP=H (VBP=H ) (ADJP (JJ=H ))) (. ))),2,86900,"0,0807397958"
(ROOT (S=H (NP (NP=H (NNP ) (NNPS ) (NNP=H )) (SBAR (WHNP=H (WP=H )) (S (VP=H (MD=H ) (VP (VB=H )))))) (VP=H (VBP=H ) (ADJP (JJ=H ))) (. ))),2,86902,"0,080741654"
(ROOT (S=H (NP (NP=H (NNP=H )) (PP (TO=H ) (NP (NN ) (NNS=H )))) (VP=H (VBP=H ) (ADJP (JJ=H ))) (. ))),2,86904,"0,0807435122"
(ROOT (S=H (NP (NP=H (NN=H )) (PP (IN=H ) (NP (CD ) (CD ) (NNS=H )))) (VP=H (VBP=H ) (ADJP (JJ=H ))) (. ))),2,86906,"0,0807453705"
"(ROOT (S=H (PP (IN=H ) (NP (NNP ) (NNP=H ))) (, ) (NP (NNP=H )) (VP=H (VBP=H ) (ADJP (JJ=H ))) (. )))",2,86908,"0,0807472287"
(ROOT (S=H (NP (NP=H (NNP ) (NNP=H )) (CC ) (NP (JJ ) (JJ ) (JJ ) (NNS=H ))) (VP=H (VBP=H ) (ADJP (JJ=H ))) (. ))),2,86910,"0,0807490869"
(ROOT (S=H (NP (NP=H (NNP ) (NNP ) (NNP ) (NNP=H )) (NP (JJ ) (JJ ) (NNS=H ))) (VP=H (VBP=H ) (ADJP (JJ=H ))) (. ))),2,86912,"0,0807509451"
(ROOT (S=H (NP-TMP (JJ ) (NN=H )) (NP (NN ) (NN ) (NNS=H )) (VP=H (VBP=H ) (ADJP (JJ=H ))) (. ))),2,86914,"0,0807528034"
"(ROOT (S=H (NP (NNP ) (, ) (NNP=H ) (CC ) (NNP )) (ADVP (RB=H )) (VP=H (VBP=H ) (ADJP (JJ=H ))) (. )))",2,86916,"0,0807546616"
(ROOT (S=H (NP (NP=H (NNP ) (NNP=H )) (PP (IN=H ) (NP (NP=H (DT ) (NNP=H )) (PP (IN=H ) (NP (DT ) (NNPS=H )))))) (VP=H (VBP=H ) (ADJP (JJ=H ))) (. ))),2,86918,"0,0807565198"
(ROOT (S=H (NP (NNP ) (NNS ) (NX=H (NNS=H ))) (VP=H (VBP=H ) (ADJP (JJ=H ))) (. ))),2,86920,"0,080758378"
(ROOT (S=H (NP (NP=H (JJ ) (NN ) (NNS ) (NNS=H )) (PP (IN=H ) (NP (DT ) (NNP ) (NNP=H )))) (VP=H (VBP=H ) (ADJP (JJ=H ))) (. ))),2,86922,"0,0807602363"
(ROOT (S=H (NP (NNS=H )) (SBAR=H (IN=H ) (S (NP (NNP ) (NNS=H )) (VP=H (VBP=H ) (ADJP (JJ=H ))))) (. ))),2,86924,"0,0807620945"
(ROOT (S=H (NP (NP=H (NNP=H )) (SBAR (WHNP=H (WP=H )) (S (NP (NN=H )) (VP=H (VBZ=H ) (PP (TO=H ) (NP (NNS=H ))))))) (VP=H (VBP=H ) (ADJP (JJ=H ))) (. ))),2,86926,"0,0807639527"
(ROOT (FRAG=H (NP (NNP=H )) (: ) (S=H (NP (JJ ) (NNP ) (NNS=H )) (VP=H (VBP=H ) (ADJP (JJ=H )))) (. ))),2,86928,"0,0807658109"
(ROOT (S=H (NP (NP=H (NNP=H )) (PP (IN=H ) (NP (NNP ) (NN ) (CC ) (NN ) (NNS=H )))) (VP=H (VBP=H ) (ADJP (JJ=H ))) (. ))),2,86930,"0,0807676691"
(ROOT (S=H (NP (NP=H (NNP ) (NNS ) (NN=H )) (CC ) (NP (NN=H ))) (VP=H (VBP=H ) (ADJP (JJ=H ))) (. ))),2,86932,"0,0807695274"
(ROOT (S=H (NP (JJ ) (NN ) (CC ) (NN ) (NNS ) (NNS=H )) (VP=H (VBP=H ) (ADJP (JJ=H ))) (. ))),2,86934,"0,0807713856"
(ROOT (S=H (NP (NNP=H )) (VP=H (VBZ=H ) (SBAR (S=H (NP (NNS ) (NNS=H )) (VP=H (VBP=H ) (ADJP (JJ=H )))))) (. ))),2,86936,"0,0807732438"
(ROOT (S=H (NP (NP (NNP ) (NNP ) (NNP ) (IN ) (NNP=H )) (PRN (-LRB- ) (NP=H (NNP=H )) (-RRB- )) (NNS=H )) (VP=H (VBP=H ) (ADJP (JJ=H ))) (. ))),2,86938,"0,080775102"
(ROOT (S=H (NP (NP=H (VBG ) (NNP ) (NN=H )) (PP (IN=H ) (NP (JJS ) (NNS=H )))) (VP=H (VBP=H ) (ADJP (JJ=H ))) (. ))),2,86940,"0,0807769603"
(ROOT (S=H (NP (NP=H (NNP ) (NN ) (NNP=H )) (NP (CD ) (NNS=H ))) (VP=H (VBP=H ) (ADJP (JJ=H ))) (. ))),2,86942,"0,0807788185"
(ROOT (S=H (NP (NP=H (NN=H )) (PP (CC=H ) (NP (DT ) (NNP ) (NNS=H )))) (VP=H (VBP=H ) (ADJP (JJ=H ))) (. ))),2,86944,"0,0807806767"
(ROOT (S=H (NP (NP=H (NNP ) (NN=H )) (PP (IN=H ) (NP (DT ) (NNP ) (NNPS ) (NN=H )))) (VP=H (VBP=H ) (ADJP (JJ=H ))) (. ))),2,86946,"0,0807825349"
(ROOT (S=H (NP (NP=H (NN=H )) (NP (CD ) (NNS=H ))) (VP=H (VBP=H ) (ADJP (JJ=H ))) (. ))),2,86948,"0,0807843932"
"(ROOT (S=H (PP (IN=H ) (NP (NNP ) (NNP=H ))) (, ) (NP (NNP ) (NNP=H )) (VP=H (VBP=H ) (ADJP (JJ=H ))) (. )))",2,86950,"0,0807862514"
"(ROOT (S=H (S (NP=H (NP=H (NNS=H )) (PP (IN=H ) (NP (NP (NNP ) (POS=H )) (NNP ) (NNP=H ))))) (, ) (NP (NNP=H )) (VP=H (VBP=H ) (ADJP (JJ=H ))) (. )))",2,86952,"0,0807881096"
(ROOT (S=H (NP (NNP=H )) (VP=H (VBD=H ) (SBAR (S=H (NP (NNS=H ) (CC ) (NNS )) (VP=H (VBP=H ) (ADJP (JJ=H )))))) (. ))),2,86954,"0,0807899678"
(ROOT (S=H (NP (NP=H (JJ ) (NNP=H )) (PP (IN=H ) (NP (NNP ) (NNPS=H )))) (VP=H (VBP=H ) (ADJP (JJ=H ))) (. ))),2,86956,"0,080791826"
(ROOT (S=H (NP (NP=H (NNP ) (NNPS ) (NN=H )) (PP (IN=H ) (NP (NNP ) (NNP=H )))) (VP=H (VBP=H ) (ADJP (JJ=H ))) (. ))),2,86958,"0,0807936843"
(ROOT (S=H (NP (NNP ) (CC ) (NNP ) (NNPS ) (NNS=H )) (VP=H (VBP=H ) (ADJP (JJ=H ))) (. ))),2,86960,"0,0807955425"
(ROOT (S=H (NP (NP=H (NNP ) (-LRB- ) (NN=H ) (-RRB- )) (PP (IN=H ) (NP (NP=H (NNP ) (NNS=H )) (PP (IN=H ) (NP (NN=H )))))) (VP=H (VBP=H ) (ADJP (JJ=H ))) (. ))),2,86962,"0,0807974007"
(ROOT (S=H (NP (NP=H (NNP=H )) (ADJP (NP (CD ) (NNS=H )) (JJ=H ))) (VP=H (VBP=H ) (ADJP (JJ=H ))) (. ))),2,86964,"0,0807992589"
(ROOT (S=H (NP (NP=H (NNP ) (NNP=H )) (CC ) (NP (DT ) (NNPS ) (NNS=H ))) (VP=H (VBP=H ) (ADJP (JJ=H ))) (. ))),2,86966,"0,0808011172"
(ROOT (S=H (NP (NP=H (NNP=H ) (. )) (NP (CD ) (NNS=H ))) (VP=H (VBP=H ) (ADJP (JJ=H ))) (. ))),2,86968,"0,0808029754"
(ROOT (S=H (NP (NP=H (NNP ) (NNP=H )) (CC ) (NP (NP=H (DT ) (NNP ) (NNP=H )) (PP (IN=H ) (NP (NNP ) (NNS=H ))))) (VP=H (VBP=H ) (ADJP (JJ=H ))) (. ))),2,86970,"0,0808048336"
(ROOT (S=H (NP (NNP=H )) (PRN (-LRB- ) (NP=H (NNP ) (NN=H )) (-RRB- )) (NP (NNP ) (NNPS=H )) (VP=H (VBP=H ) (ADJP (JJ=H ))) (. ))),2,86972,"0,0808066918"
(ROOT (S=H (NP (NP=H (NP=H (NNP=H )) (PRN (-LRB- ) (NNP ) (NN=H ) (-RRB- )) (NP (NN ) (NN ) (NNS=H ))) (PP (IN=H ) (NP (NN=H )))) (VP=H (VBP=H ) (ADJP (JJ=H ))) (. ))),2,86974,"0,0808085501"
(ROOT (S=H (NP (NP=H (NNP ) (-LRB- ) (NN=H ) (-RRB- )) (PP (IN=H ) (NP (DT ) (NNPS=H )))) (VP=H (VBP=H ) (ADJP (JJ=H ))) (. ))),2,86976,"0,0808104083"
(ROOT (S=H (NP (NNP ) (NNP=H )) (VP=H (VBD=H ) (SBAR (S=H (NP (NN ) (CC ) (NN ) (NNS=H )) (VP=H (VBP=H ) (ADJP (JJ=H )))))) (. ))),2,86978,"0,0808122665"
(ROOT (S=H (NP (NP=H (JJ ) (NN=H )) (PP (IN=H ) (NP (DT ) (JJ ) (NNP ) (NNS=H )))) (VP=H (VBP=H ) (ADJP (JJ=H ))) (. ))),2,86980,"0,0808141247"
(ROOT (S=H (NP (NAC (NNP=H ) (CD )) (NNP ) (NNP=H )) (VP=H (VBP=H ) (ADJP (JJ=H ))) (. ))),2,86982,"0,0808159829"
(ROOT (S=H (NP (ADJP (JJ=H ) (PP (IN=H ) (NP (NNS=H )))) (NNS=H )) (VP=H (VBP=H ) (ADJP (JJ=H ))) (. ))),2,86984,"0,0808178412"
(ROOT (S=H (NP (JJ ) (NN=H )) (VP=H (VBP=H ) (SBAR (S=H (NP (JJ ) (NNS=H )) (VP=H (VBP=H ) (ADJP (JJ=H )))))) (. ))),2,86986,"0,0808196994"
(ROOT (S=H (NP (NP=H (JJ ) (NN ) (NN=H )) (VP (VBN=H ) (PP (TO=H ) (NP (DT ) (NNPS=H ))))) (VP=H (VBP=H ) (ADJP (JJ=H ))) (. ))),2,86988,"0,0808215576"
(ROOT (S=H (NP (PRP$ ) (JJ ) (NNS ) (NNS=H )) (VP=H (VBP=H ) (ADJP (JJ=H ))) (. ))),2,86990,"0,0808234158"
(ROOT (S=H (NP (NP=H (NN=H )) (PP (IN=H ) (NP (NP=H (JJ ) (NN=H )) (PP (IN=H ) (NP (DT ) (NNP ) (NNPS=H )))))) (VP=H (VBP=H ) (ADJP (JJ=H ))) (. ))),2,86992,"0,0808252741"
(ROOT (S=H (NP (NP=H (NN=H )) (PP (IN=H ) (NP (NP=H (JJ ) (NNS=H )) (PP (IN=H ) (NP (NNP ) (NNP=H )))))) (VP=H (VBP=H ) (ADJP (JJ=H ))) (. ))),2,86994,"0,0808271323"
(ROOT (S=H (NP (NP=H (NN=H )) (PP (IN=H ) (NP (NP=H (DT ) (NNPS=H )) (PP (IN=H ) (NP (DT ) (NNP ) (NNP=H )))))) (VP=H (VBP=H ) (ADJP (JJ=H ))) (. ))),2,86996,"0,0808289905"
(ROOT (S=H (NP (NP=H (NN=H )) (PP (IN=H ) (NP (NP=H (NP (DT ) (NNS ) (POS=H )) (NNP=H )) (PP (IN=H ) (NP (NNP=H )))))) (VP=H (VBP=H ) (ADJP (JJ=H ))) (. ))),2,86998,"0,0808308487"
(ROOT (S=H (NP (NP=H (NN=H )) (PP (IN=H ) (NP (DT ) (NNPS ) (CC ) (NNP ) (NNP=H )))) (VP=H (VBP=H ) (ADJP (JJ=H ))) (. ))),2,87000,"0,080832707"
(ROOT (S=H (NP (NP=H (NN=H )) (PP (IN=H ) (NP (NP=H (NNS=H )) (PP (IN=H ) (NP (DT ) (NNP ) (NNPS=H )))))) (VP=H (VBP=H ) (ADJP (JJ=H ))) (. ))),2,87002,"0,0808345652"
(ROOT (FRAG=H (NP (NNP=H )) (: ) (S=H (NP (NP=H (NNP=H )) (PP (IN=H ) (NP (DT ) (NNP ) (NNS=H )))) (VP=H (VBP=H ) (ADJP (JJ=H )))) (. ))),2,87004,"0,0808364234"
(ROOT (S=H (NP (PRP=H )) (VP=H (VBD=H ) (SBAR (S=H (NP (DT ) (NNP ) (NNS=H )) (VP=H (VBP=H ) (ADJP (JJ=H )))))) (. ))),2,87006,"0,0808382816"
(ROOT (S=H (NP (PRP=H )) (VP=H (VBD=H ) (SBAR (S=H (NP (NNS=H )) (VP=H (VBP=H ) (ADJP (JJ=H )))))) (. ))),2,87008,"0,0808401398"
(ROOT (S=H (NP (NNP ) (NNP ) (NNP=H )) (VP=H (VBP=H ) (SBAR (S=H (NP (NP=H (NN ) (NNS=H )) (PP (IN=H ) (NP (NN=H )))) (VP=H (VBP=H ) (ADJP (JJ=H )))))) (. ))),2,87010,"0,0808419981"
(ROOT (S=H (PP (IN=H ) (NP (PRP$ ) (NNS=H ))) (NP (NNS=H )) (VP=H (VBP=H ) (ADJP (JJ=H ))) (. ))),2,87012,"0,0808438563"
"(ROOT (S=H (NP (NN ) (, ) (NN ) (, ) (CC ) (NN ) (NNS=H )) (VP=H (VBP=H ) (ADJP (JJ=H ))) (. )))",2,87014,"0,0808457145"
(ROOT (S=H (NP (NP (NNP ) (NNP ) (NNPS ) (POS=H )) (NNP=H )) (VP=H (VBP=H ) (ADJP (JJ=H ))) (. ))),2,87016,"0,0808475727"
(ROOT (S=H (NP (NP=H (JJ ) (NN ) (NN=H )) (PP (IN=H ) (NP (NNP ) (NNS=H )))) (VP=H (VBP=H ) (ADJP (JJ=H ))) (. ))),2,87018,"0,080849431"
(ROOT (S=H (NP (NN ) (NN ) (NNS ) (CC ) (NN ) (NNS=H )) (VP=H (VBP=H ) (ADJP (JJ=H ))) (. ))),2,87020,"0,0808512892"
(ROOT (S=H (NP (NP (NNP ) (POS=H )) (NNP ) (CC ) (NNP ) (NNP=H )) (VP=H (VBP=H ) (ADJP (JJ=H ))) (. ))),2,87022,"0,0808531474"
(ROOT (S=H (NP (NP=H (NN ) (NN=H )) (PP (IN=H ) (NP (NNP ) (NNS=H )))) (VP=H (VBP=H ) (ADJP (JJ=H ))) (. ))),2,87024,"0,0808550056"
(ROOT (S=H (NP (NP (NNP ) (POS=H )) (NN=H )) (VP=H (VBP=H ) (S (VP=H (VBG=H ) (NP (NP=H (NNS=H )) (SBAR (S=H (NP (JJ ) (NNS=H )) (VP=H (VBP=H ) (ADJP (JJ=H ))))))))) (. ))),2,87026,"0,0808568639"
(ROOT (S=H (NP (NP=H (JJ ) (NN=H )) (PP (IN=H ) (NP (DT ) (NNS=H )))) (VP=H (VBP=H ) (ADJP (JJ=H ))) (. ))),2,87028,"0,0808587221"
(ROOT (NP=H (NP=H (NNP=H ) (CC ) (NNP )) (: ) (S (NP (NNP ) (NNP=H )) (VP=H (VBP=H ) (ADJP (JJ=H )))) (. ))),2,87030,"0,0808605803"
(ROOT (NP=H (NP=H (NNP=H ) (CC ) (NNP )) (: ) (S (NP (JJ ) (NNP ) (NNP ) (NNS=H )) (VP=H (VBP=H ) (ADJP (JJ=H )))) (. ))),2,87032,"0,0808624385"
(ROOT (NP=H (NP=H (NNP=H ) (CC ) (NNP )) (: ) (S (NP (NP=H (NNP=H )) (PP (IN=H ) (NP (NNP ) (NNS=H )))) (VP=H (VBP=H ) (ADJP (JJ=H )))) (. ))),2,87034,"0,0808642968"
(ROOT (S=H (NP (NP=H (NNP=H )) (PP (IN=H ) (NP (JJ ) (JJ ) (NN ) (NNS=H )))) (VP=H (VBP=H ) (ADJP (JJ=H ))) (. ))),2,87036,"0,080866155"
(ROOT (S=H (NP (NP=H (NNP=H )) (PP (IN=H ) (NP (NP=H (DT ) (NN ) (NNS=H )) (PP (IN=H ) (NP (NNP=H )))))) (VP=H (VBP=H ) (ADJP (JJ=H ))) (. ))),2,87038,"0,0808680132"
(ROOT (S=H (NP (NNP ) (NNP=H ) (CC ) (NNPS )) (VP=H (VBP=H ) (ADJP (JJ=H ))) (. ))),2,87040,"0,0808698714"
(ROOT (S=H (NP (NP=H (NNP ) (NNP=H )) (PP (IN=H ) (NP (NP=H (DT ) (NN=H )) (PP (IN=H ) (NP (DT ) (NNPS=H )))))) (VP=H (VBP=H ) (ADJP (JJ=H ))) (. ))),2,87042,"0,0808717296"
(ROOT (S=H (NP (NP=H (NNPS ) (NNP=H )) (PP (IN=H ) (NP (NNP=H )))) (VP=H (VBP=H ) (ADJP (JJ=H ))) (. ))),2,87044,"0,0808735879"
(ROOT (S=H (NP (NNP ) (NNP ) (NNP ) (NNP ) (NNP=H )) (SBAR=H (X (SYM=H )) (S=H (NP (NNP ) (NNS=H )) (VP=H (VBP=H ) (ADJP (JJ=H ))))) (. ))),2,87046,"0,0808754461"
(ROOT (S=H (NP (NP (NNP=H )) (PRN (-LRB- ) (NP=H (JJ=H )) (-RRB- )) (NNS=H )) (VP=H (VBP=H ) (ADJP (JJ=H ))) (. ))),2,87048,"0,0808773043"
(ROOT (S=H (NP (NP=H (NN=H )) (CC ) (NP (NNP ) (. ) (NNS=H ))) (VP=H (VBP=H ) (ADJP (JJ=H ))) (. ))),2,87050,"0,0808791625"
(ROOT (S=H (NP (NNS ) (CC ) (NN ) (NN ) (NNS=H )) (VP=H (VBP=H ) (ADJP (JJ=H ))) (. ))),2,87052,"0,0808810208"
(ROOT (S=H (NP (NP=H (PRP=H )) (CC ) (NP (PRP$ ) (NNS=H ))) (VP=H (VBP=H ) (ADJP (JJ=H ))) (. ))),2,87054,"0,080882879"
(ROOT (S=H (NP (NP=H (NNP ) (NNP=H )) (CC ) (NP (NP=H (DT ) (NN=H )) (SBAR (S=H (NP (PRP=H )) (VP=H (VBZ=H ) (NP (NNS=H ))))))) (VP=H (VBP=H ) (ADJP (JJ=H ))) (. ))),2,87056,"0,0808847372"
(ROOT (S=H (NP (NP=H (NNP=H )) (CC ) (NP (NP=H (NNS=H )) (PP (IN=H ) (NP (NP=H (NNP=H )) (PP (IN=H ) (NP (NNP=H ))))))) (VP=H (VBP=H ) (ADJP (JJ=H ))) (. ))),2,87058,"0,0808865954"
(ROOT (S=H (NP (NP=H (NNP=H )) (CC ) (NP (NP=H (NNS=H )) (PP (IN=H ) (NP (NNP ) (NNPS=H ))))) (VP=H (VBP=H ) (ADJP (JJ=H ))) (. ))),2,87060,"0,0808884537"
(ROOT (S=H (NP (NP=H (NNP=H )) (PP (IN=H ) (NP (NP=H (DT ) (NN=H )) (PP (IN=H ) (NP (DT ) (NNP ) (NNPS=H )))))) (VP=H (VBP=H ) (ADJP (JJ=H ))) (. ))),2,87062,"0,0808903119"
(ROOT (S=H (NP (NP=H (NNP=H )) (CC ) (NP (NP=H (NN ) (NNS=H )) (PP (IN=H ) (NP (JJ ) (NN=H ))))) (VP=H (VBP=H ) (ADJP (JJ=H ))) (. ))),2,87064,"0,0808921701"
"(ROOT (S=H (NP (NNP ) (, ) (NNP ) (, ) (CC ) (NNP=H )) (VP=H (VBP=H ) (ADJP (JJ=H ))) (. )))",2,87066,"0,0808940283"
(ROOT (S=H (NP (NP=H (NNP ) (NNPS ) (NNP=H )) (VP (VBG=H ) (NP (NN ) (NN=H )))) (VP=H (VBP=H ) (ADJP (JJ=H ))) (. ))),2,87068,"0,0808958865"
(ROOT (S=H (NP (ADJP (NNP=H ) (NNP )) (JJ ) (NN ) (NN ) (NN ) (NNS=H )) (VP=H (VBP=H ) (ADJP (JJ=H ))) (. ))),2,87070,"0,0808977448"
(ROOT (S=H (NP (ADJP (NNP=H ) (NNP )) (JJ ) (NNS ) (NNS=H )) (VP=H (VBP=H ) (ADJP (JJ=H ))) (. ))),2,87072,"0,080899603"
(ROOT (S=H (NP (NP=H (JJ ) (NN=H )) (PP (IN=H ) (NP (NP=H (DT ) (NNPS=H )) (PP (IN=H ) (NP (NNP ) (NNP ) (NNP=H )))))) (VP=H (VBP=H ) (ADJP (JJ=H ))) (. ))),2,87074,"0,0809014612"
(ROOT (S=H (NP (NP=H (JJ ) (NN=H )) (PP (IN=H ) (NP (NP=H (DT ) (NNP ) (NNPS=H )) (PP (IN=H ) (NP (NNP ) (NNP ) (NNP=H )))))) (VP=H (VBP=H ) (ADJP (JJ=H ))) (. ))),2,87076,"0,0809033194"
(ROOT (S=H (NP (NP=H (JJ ) (NNS ) (CC ) (NN ) (NNS=H )) (VP (VBG=H ) (NP (NN=H )) (PP (TO=H ) (NP (NN=H ) (CC ) (NN ))))) (VP=H (VBP=H ) (ADJP (JJ=H ))) (. ))),2,87078,"0,0809051777"
(ROOT (S=H (NP (NP=H (JJ ) (NNS ) (CC ) (NN ) (NNS=H )) (VP (VBG=H ) (NP (NN=H )) (PP (TO=H ) (NP (NN=H ))))) (VP=H (VBP=H ) (ADJP (JJ=H ))) (. ))),2,87080,"0,0809070359"
(ROOT (S=H (NP (NP=H (NNP=H )) (PP (IN=H ) (NP (DT ) (NNP ) (NNPS ) (NNS=H )))) (VP=H (VBP=H ) (ADJP (JJ=H ))) (. ))),2,87082,"0,0809088941"
(ROOT (S=H (NP (NNP ) (NNP=H )) (VP=H (VBZ=H ) (SBAR (S=H (NP (NNP ) (NNS=H )) (VP=H (VBP=H ) (ADJP (JJ=H )))))) (. ))),2,87084,"0,0809107523"
(ROOT (S=H (S=H (NP (NNP ) (NNP=H )) (VP=H (VBZ=H ))) (CC ) (S (NP (NN ) (NNS=H )) (VP=H (VBP=H ) (ADJP (JJ=H )))) (. ))),2,87086,"0,0809126106"
(ROOT (S=H (NP (NP=H (NNP ) (NNP ) (NNP=H )) (PP (IN=H ) (NP (DT ) (NN ) (NN ) (NNS=H )))) (VP=H (VBP=H ) (ADJP (JJ=H ))) (. ))),2,87088,"0,0809144688"
(ROOT (S=H (NP (NP=H (NNP ) (NNP=H )) (PP (IN=H ) (NP (NNP ) (NNP ) (NNPS ) (NNS=H )))) (VP=H (VBP=H ) (ADJP (JJ=H ))) (. ))),2,87090,"0,080916327"
(ROOT (S=H (NP (NP=H (NNP ) (NNPS ) (NNP=H )) (PP (IN=H ) (NP (NNP ) (NN=H )))) (VP=H (VBP=H ) (ADJP (JJ=H ))) (. ))),2,87092,"0,0809181852"
(ROOT (S=H (NP (NP=H (NNP ) (NNP ) (NNP=H )) (PP (VBG=H ) (NP (NN ) (NN ) (NNS=H )))) (VP=H (VBP=H ) (ADJP (JJ=H ))) (. ))),2,87094,"0,0809200434"
(ROOT (S=H (NP (NAC (NNP=H ) (NNPS ) (PP (IN=H ) (NP (NNP=H )))) (NNS=H )) (VP=H (VBP=H ) (ADJP (JJ=H ))) (. ))),2,87096,"0,0809219017"
(ROOT (S=H (NP (NP=H (NNP ) (NNP=H )) (PP (IN=H ) (NP (NNP ) (NNPS ) (NNS=H ))) (PP (IN=H ) (NP (NN=H )))) (VP=H (VBP=H ) (ADJP (JJ=H ))) (. ))),2,87098,"0,0809237599"
(ROOT (S=H (NP (NNP=H )) (VP=H (VBZ=H ) (SBAR (S=H (NP (NP=H (NNS=H )) (VP (VBG=H ) (NP (NN=H )))) (VP=H (VBP=H ) (ADJP (JJ=H )))))) (. ))),2,87100,"0,0809256181"
(ROOT (S=H (NP (NNP=H )) (VP=H (VBZ=H ) (SBAR (S=H (NP (NP=H (NNS=H )) (VP (VBG=H ) (NP (NN=H )) (PP (TO=H ) (NP (NN=H ) (CC ) (NN ))))) (VP=H (VBP=H ) (ADJP (JJ=H )))))) (. ))),2,87102,"0,0809274763"
(ROOT (S=H (NP (NNP=H )) (VP=H (VBZ=H ) (SBAR (S=H (NP (NP=H (NNS=H )) (VP (VBG=H ) (NP (NN=H )) (PP (TO=H ) (NP (NN=H ))))) (VP=H (VBP=H ) (ADJP (JJ=H )))))) (. ))),2,87104,"0,0809293346"
(ROOT (S=H (NP (ADJP (RB=H ) (PP (IN=H ) (NP (NNP=H )))) (NNS=H )) (VP=H (VBP=H ) (ADJP (JJ=H ))) (. ))),2,87106,"0,0809311928"
(ROOT (S=H (NP (NP=H (NNP ) (NNP=H )) (PP (IN=H ) (NP (DT ) (ADJP (ADJP=H (NN=H )) (PRN (-LRB- ) (NP=H (NNP=H )) (-RRB- ))) (NNP ) (NNP ) (NNS=H )))) (VP=H (VBP=H ) (ADJP (JJ=H ))) (. ))),2,87108,"0,080933051"
(ROOT (S=H (NP (NP=H (NP=H (NNP ) (NNP ) (NNP=H )) (NP (JJ ) (NN ) (NNS=H ))) (VP (VBG=H ) (NP (NNS=H )))) (VP=H (VBP=H ) (ADJP (JJ=H ))) (. ))),2,87110,"0,0809349092"
(ROOT (S=H (NP (NP=H (NNP ) (NNP ) (NNP ) (NNP ) (NNP=H )) (VP (VBG=H ) (NP (NNS=H )))) (VP=H (VBP=H ) (ADJP (JJ=H ))) (. ))),2,87112,"0,0809367675"
(ROOT (S=H (NP (NNP ) (NNP ) (NNP ) (ADJP (NNP=H ) (NNP )) (NNS=H )) (VP=H (VBP=H ) (ADJP (JJ=H ))) (. ))),2,87114,"0,0809386257"
(ROOT (S=H (NP (NP=H (NNP ) (NNP=H )) (SBAR (S=H (NP (JJ ) (NNS=H )) (VP=H (VBD=H ) (PP (IN=H ) (NP (NN=H ))))))) (VP=H (VBP=H ) (ADJP (JJ=H ))) (. ))),2,87116,"0,0809404839"
(ROOT (S=H (NP (NP=H (NNP ) (NNP ) (NNP ) (NNP ) (NNPS ) (NNP=H )) (PRN (-LRB- ) (NP=H (NNP ) (NNP=H )) (-RRB- ))) (VP=H (VBP=H ) (ADJP (JJ=H ))) (. ))),2,87118,"0,0809423421"
(ROOT (S=H (NP (NNP ) (NNP=H )) (VP=H (VBD=H ) (SBAR (S=H (NP (JJ ) (JJ ) (NNS=H )) (VP=H (VBP=H ) (ADJP (JJ=H )))))) (. ))),2,87120,"0,0809442003"
(ROOT (S=H (NP (NP (NNP ) (NNP ) (NNP ) (JJ ) (NNS ) (POS=H )) (NN=H )) (VP=H (VBP=H ) (ADJP (JJ=H ))) (. ))),2,87122,"0,0809460586"
(ROOT (S=H (NP (NN ) (NN=H )) (PRN (-LRB- ) (NP=H (NN=H )) (-RRB- )) (NP (NN ) (NNS=H )) (VP=H (VBP=H ) (ADJP (JJ=H ))) (. ))),2,87124,"0,0809479168"
(ROOT (S=H (ADJP (NNP=H ) (NNP ) (NNP )) (NP (NNS=H )) (VP=H (VBP=H ) (ADJP (JJ=H ))) (. ))),2,87126,"0,080949775"
(ROOT (S=H (NP (NP=H (JJ ) (NN=H )) (PP (IN=H ) (NP (NP=H (NN ) (NNS=H )) (PP (IN=H ) (NP (NN=H )))))) (VP=H (VBP=H ) (ADJP (JJ=H ))) (. ))),2,87128,"0,0809516332"
(ROOT (S=H (PP (IN=H ) (NP (JJ ) (NNS=H ))) (NP (NNS=H )) (VP=H (VBP=H ) (ADJP (JJ=H ))) (. ))),2,87130,"0,0809534915"
(ROOT (S=H (RB ) (NP (NNPS ) (CC ) (NNS ) (NNS=H )) (VP=H (VBP=H ) (ADJP (JJ=H ))) (. ))),2,87132,"0,0809553497"
(ROOT (S=H (NP (NP=H (NNP=H )) (PP (IN=H ) (NP (JJ ) (NNPS=H )))) (VP=H (VBP=H ) (ADJP (JJ=H ))) (. ))),2,87134,"0,0809572079"
(ROOT (S=H (NP (NP=H (NNP=H )) (PP (IN=H ) (NP (NP=H (NNS=H )) (PP (IN=H ) (NP (NN=H ) (CC ) (NN )))))) (VP=H (VBP=H ) (ADJP (JJ=H ))) (. ))),2,87136,"0,0809590661"
(ROOT (S=H (NP (NP=H (NNP=H )) (PP (IN=H ) (NP (NN ) (NNS=H ) (CC ) (NNS )))) (VP=H (VBP=H ) (ADJP (JJ=H ))) (. ))),2,87138,"0,0809609244"
(ROOT (S=H (NP (NP (NNP ) (NNPS=H )) (PRN (-LRB- ) (NP=H (JJ=H )) (-RRB- )) (NNS=H )) (VP=H (VBP=H ) (ADJP (JJ=H ))) (. ))),2,87140,"0,0809627826"
(ROOT (S=H (NP (NP=H (NNP=H )) (CC ) (NP (NP=H (JJ ) (NNS=H )) (PP (IN=H ) (NP (NP=H (NNP=H )) (PP (IN=H ) (NP (NNP=H ))))))) (VP=H (VBP=H ) (ADJP (JJ=H ))) (. ))),2,87142,"0,0809646408"
(ROOT (S=H (NP (NP=H (NP (NNS ) (POS=H )) (NNS=H )) (PP (IN=H ) (NP (DT ) (NN=H )))) (VP=H (VBP=H ) (ADJP (JJ=H ))) (. ))),2,87144,"0,080966499"
(ROOT (S=H (NP (NP=H (NP (NNS ) (POS=H )) (NNP=H )) (PP (IN=H ) (NP (NNP ) (NN ) (CC ) (NN ) (NNS=H )))) (VP=H (VBP=H ) (ADJP (JJ=H ))) (. ))),2,87146,"0,0809683572"
"(ROOT (S=H (S (NP (NNS=H )) (VP=H (VBN=H ) (PP (IN=H ) (NP (NP=H (DT ) (NNP=H )) (PP (IN=H ) (NP (NNP=H ))))))) (, ) (NP (NNP=H )) (VP=H (VBP=H ) (ADJP (JJ=H ))) (. )))",2,87148,"0,0809702155"
"(ROOT (S=H (S (NP (NNS=H )) (VP=H (VBN=H ) (PP (IN=H ) (NP (NN=H ))))) (, ) (NP (NNP=H )) (VP=H (VBP=H ) (ADJP (JJ=H ))) (. )))",2,87150,"0,0809720737"
"(ROOT (S=H (S (NP (NNPS=H )) (VP=H (VBN=H ) (PP (IN=H ) (NP (NNP=H ))))) (, ) (NP (NNP=H )) (VP=H (VBP=H ) (ADJP (JJ=H ))) (. )))",2,87152,"0,0809739319"
(ROOT (S=H (NP (NP=H (NNP ) (NN=H )) (PP (IN=H ) (NP (NP=H (DT ) (JJ ) (NNPS=H )) (PP (IN=H ) (NP (NNP=H )))))) (VP=H (VBP=H ) (ADJP (JJ=H ))) (. ))),2,87154,"0,0809757901"
(ROOT (S=H (NP (NP=H (NNP=H )) (NP (DT ) (NNP ) (JJ ) (NNS=H ))) (VP=H (VBP=H ) (ADJP (JJ=H ))) (. ))),2,87156,"0,0809776484"
(ROOT (S=H (NP (NP=H (NNP=H )) (PP (IN=H ) (NP (NP=H (NP (NNP ) (POS=H )) (JJ ) (NN=H )) (PP (IN=H ) (NP (NNP ) (NNS=H )))))) (VP=H (VBP=H ) (ADJP (JJ=H ))) (. ))),2,87158,"0,0809795066"
(ROOT (S=H (NP (NP=H (NNP=H )) (PP (IN=H ) (NP (NP=H (NN ) (NNS=H )) (PP (IN=H ) (NP (NNP=H )))))) (VP=H (VBP=H ) (ADJP (JJ=H ))) (. ))),2,87160,"0,0809813648"
(ROOT (S=H (NP (NP=H (NNP=H )) (PP (IN=H ) (NP (NP=H (NN ) (NNS=H )) (PP (IN=H ) (NP (DT ) (NNP ) (NNP=H )))))) (VP=H (VBP=H ) (ADJP (JJ=H ))) (. ))),2,87162,"0,080983223"
(ROOT (S=H (NP (NN=H ) (CC ) (NNS )) (VP=H (VBP=H ) (ADJP (JJ=H ))) (. ))),2,87164,"0,0809850813"
(ROOT (S=H (NP (NP=H (NNP=H )) (VP (VBG=H ) (NP (JJ ) (NN ) (NNS=H )))) (VP=H (VBP=H ) (ADJP (JJ=H ))) (. ))),2,87166,"0,0809869395"
"(ROOT (S=H (NP (NNS ) (, ) (NNS=H ) (CC ) (NNS )) (VP=H (VBP=H ) (ADJP (JJ=H ))) (. )))",2,87168,"0,0809887977"
(ROOT (S=H (NP (NP (NNP ) (NNP ) (NNP=H )) (PRN (-LRB- ) (ADJP=H (JJ=H ) (NP-TMP (CD=H ))) (-RRB- )) (NNS=H )) (VP=H (VBP=H ) (ADJP (JJ=H ))) (. ))),2,87170,"0,0809906559"
"(ROOT (S=H (NP (NP=H (NNP ) (NNP=H )) (, ) (NP (NP=H (NNP ) (NNP=H )) (PP (IN=H ) (NP (NNP ) (NNP ) (NNS=H ))))) (VP=H (VBP=H ) (ADJP (JJ=H ))) (. )))",2,87172,"0,0809925141"
(ROOT (S=H (NP (NP=H (ADJP (RB ) (JJ=H )) (NN=H )) (PP (IN=H ) (NP (DT ) (NNP ) (NNPS=H )))) (VP=H (VBP=H ) (ADJP (JJ=H ))) (. ))),2,87174,"0,0809943724"
(ROOT (S=H (NP (NP (NNP=H ) (CC ) (NNP )) (PRN (-LRB- ) (NP=H (NNP=H )) (-RRB- )) (NNS=H )) (VP=H (VBP=H ) (ADJP (JJ=H ))) (. ))),2,87176,"0,0809962306"
(ROOT (S=H (NP (NP=H (NN=H )) (PP (TO=H ) (NP (NNP ) (NNS=H )))) (VP=H (VBP=H ) (ADJP (JJ=H ))) (. ))),2,87178,"0,0809980888"
(ROOT (S=H (NP (NP=H (NN=H )) (PP (IN=H ) (NP (NNPS=H )))) (VP=H (VBP=H ) (ADJP (JJ=H ))) (. ))),2,87180,"0,080999947"
(ROOT (NP=H (NP=H (NP=H (NNP ) (NNP=H )) (NP (NP (CD ) (POS=H )) (ADJP (CD=H )) ('' ) (NNS=H ))) (SBAR (S=H (VP=H (VBP=H ) (ADJP (JJ=H ))))) (. ))),2,87182,"0,0810018053"
(ROOT (S=H (NP (NP=H (NNP ) (NNP ) (NNP ) (NNP=H )) (VP (VBN=H ) (NP (JJ ) (NNS=H )))) (VP=H (VBP=H ) (ADJP (JJ=H ))) (. ))),2,87184,"0,0810036635"
"(ROOT (S=H (S (ADVP (RB=H )) (NP=H (NNP=H ))) (, ) (NP (NNP ) (NNS=H )) (VP=H (VBP=H ) (ADJP (JJ=H ))) (. )))",2,87186,"0,0810055217"
(ROOT (S=H (NP (NP=H (NNP=H )) (PP (IN=H ) (NP (NP=H (DT ) (VBG ) (NNS=H )) (PP (IN=H ) (NP (NNP=H )))))) (VP=H (VBP=H ) (ADJP (JJ=H ))) (. ))),2,87188,"0,0810073799"
(ROOT (S=H (NP (NP=H (NN=H ) (CC ) (NN )) (PP (IN=H ) (NP (DT ) (NNP ) (NNP ) (NNPS=H )))) (VP=H (VBP=H ) (ADJP (JJ=H ))) (. ))),2,87190,"0,0810092382"
(ROOT (S=H (NP (NNS ) (CC ) (NNPS ) (NNS=H )) (VP=H (VBP=H ) (ADJP (JJ=H ))) (. ))),2,87192,"0,0810110964"
"(ROOT (S=H (NP (JJ ) (NNS ) (, ) (NNS=H ) (CC ) (NNS )) (VP=H (VBP=H ) (ADJP (JJ=H ))) (. )))",2,87194,"0,0810129546"
(ROOT (S=H (ADVP (RB=H )) (NP (DT ) (PRN (-LRB- ) (NP=H (NN ) (NN=H )) (-RRB- )) (NNS=H )) (VP=H (VBP=H ) (ADJP (JJ=H ))) (. ))),2,87196,"0,0810148128"
(ROOT (S=H (NP (NP=H (NNP=H )) (PP (IN=H ) (NP (NP=H (NN ) (NNS=H )) (PP (IN=H ) (NP (NNP ) (NNP ) (NNP=H )))))) (VP=H (VBP=H ) (ADJP (JJ=H ))) (. ))),2,87198,"0,081016671"
(ROOT (S=H (NP (NP=H (NNP ) (NNP=H )) (VP (VBG=H ) (NP (NP=H (NNS=H )) (PP (IN=H ) (NP (NNP=H )))))) (VP=H (VBP=H ) (ADJP (JJ=H ))) (. ))),2,87200,"0,0810185293"
(ROOT (S=H (NP (NP=H (JJ ) (NN=H )) (NP (DT ) (NNP ) (NNS=H ))) (VP=H (VBP=H ) (ADJP (JJ=H ))) (. ))),2,87202,"0,0810203875"
(ROOT (S=H (IN ) (NP (PRP=H )) (VP=H (VBD=H ) (SBAR (S=H (NP (NNS=H )) (VP=H (VBP=H ) (ADJP (JJ=H )))))) (. ))),2,87204,"0,0810222457"
(ROOT (S=H (NP (NP=H (NNP ) (NNP=H )) (CC ) (NP (NP=H (DT ) (NNP ) (NNP ) (NNP ) (NNS=H )) (PP (IN=H ) (NP (NN=H ))))) (VP=H (VBP=H ) (ADJP (JJ=H ))) (. ))),2,87206,"0,0810241039"
(ROOT (S=H (NP (NP=H (NNP ) (NNP=H )) (CC ) (NP (DT ) (NNP ) (NNP ) (NNP ) (NN ) (NNS=H ))) (VP=H (VBP=H ) (ADJP (JJ=H ))) (. ))),2,87208,"0,0810259622"
"(ROOT (S=H (S (NP=H (NNP ) (NNP ) (POS=H ))) (, ) (NP (NNP=H ) (CC ) (NNP )) (VP=H (VBP=H ) (ADJP (JJ=H ))) (. )))",2,87210,"0,0810278204"
(ROOT (NP=H (NP=H (NNP ) (NNP=H )) (: ) (S (NP (DT ) (JJ ) (NN=H )) (VP=H (VBP=H ) (ADJP (JJ=H )))) (. ))),2,87212,"0,0810296786"
(ROOT (NP=H (NP=H (NNP ) (NNP=H )) (: ) (S (NP (DT ) (NNP ) (NNP=H )) (VP=H (VBP=H ) (ADJP (JJ=H )))) (. ))),2,87214,"0,0810315368"
(ROOT (S=H (NP (NP=H (DT ) (NNP=H )) (PP (IN=H ) (NP (NNP ) (NN ) (NNS=H )))) (VP=H (VBP=H ) (ADJP (JJ=H ))) (. ))),2,87216,"0,0810333951"
(ROOT (S=H (NP (NP=H (NNP ) (NNPS ) (JJ ) (NN ) (NNS ) (NN ) (NN=H )) (PP (TO=H ) (NP (NN=H ) (CC ) (NN )))) (VP=H (VBP=H ) (ADJP (JJ=H ))) (. ))),2,87218,"0,0810352533"
(ROOT (S=H (NP (NP=H (NNP ) (NNPS ) (JJ ) (NN ) (NNS ) (NN ) (NN=H )) (PP (TO=H ) (NP (NN=H )))) (VP=H (VBP=H ) (ADJP (JJ=H ))) (. ))),2,87220,"0,0810371115"
(ROOT (S=H (NP (NP=H (NNP ) (NNPS ) (NNP=H )) (PP (IN=H ) (NP (NN=H ) (CC ) (NN )))) (VP=H (VBP=H ) (ADJP (JJ=H ))) (. ))),2,87222,"0,0810389697"
(ROOT (S=H (NP (NNP=H )) (VP=H (VBP=H ) (S (VP=H (VBG=H ) (SBAR (S=H (NP (NNS=H )) (VP=H (VBP=H ) (ADJP (JJ=H )))))))) (. ))),2,87224,"0,0810408279"
(ROOT (S=H (NP (NP=H (NNP=H )) (PP (IN=H ) (NP (DT ) (NNS ) (NN=H )))) (VP=H (VBP=H ) (ADJP (JJ=H ))) (. ))),2,87226,"0,0810426862"
(ROOT (S=H (NP (NNP=H )) (VP=H (VBD=H ) (SBAR (S=H (NP (NP=H (NN ) (NNS=H )) (PRN (-LRB- ) (VP=H (VBN=H )) (-RRB- ))) (VP=H (VBP=H ) (ADJP (JJ=H )))))) (. ))),2,87228,"0,0810445444"
(ROOT (S=H (NP (NP=H (NN ) (NNS ) (NNS=H )) (VP (VBG=H ) (NP (NN=H )) (PP (TO=H ) (NP (NN=H ) (CC ) (NN ))))) (VP=H (VBP=H ) (ADJP (JJ=H ))) (. ))),2,87230,"0,0810464026"
(ROOT (S=H (NP (NP=H (NN ) (NNS ) (NNS=H )) (VP (VBG=H ) (NP (NN=H )) (PP (TO=H ) (NP (NN=H ))))) (VP=H (VBP=H ) (ADJP (JJ=H ))) (. ))),2,87232,"0,0810482608"
(ROOT (S=H (NP (NNP=H )) (VP=H (VBD=H ) (SBAR (S=H (NP (NP=H (NNS=H )) (PP (IN=H ) (NP (NNP ) (NN ) (NNS=H )))) (VP=H (VBP=H ) (ADJP (JJ=H )))))) (. ))),2,87234,"0,0810501191"
(ROOT (NP=H (NP=H (NP=H (NNS=H )) (PP (IN=H ) (NP (JJ ) (NN=H )))) (: ) (NP (NP=H (NNP ) (NNP=H )) (SBAR (S=H (NP (NNS=H )) (VP=H (VBP=H ) (ADJP (JJ=H )))))) (. ))),2,87236,"0,0810519773"
(ROOT (S=H (NP (NAC (NNP=H ) (NNP ) (PP (IN=H ) (NP (NNP ) (NNP=H )))) (NNS=H )) (VP=H (VBP=H ) (ADJP (JJ=H ))) (. ))),2,87238,"0,0810538355"
(ROOT (S=H (NP (NP (NNP ) (NNPS ) (NNP ) (POS=H )) (JJ ) (NN ) (NN=H )) (VP=H (VBP=H ) (ADJP (JJ=H ))) (. ))),2,87240,"0,0810556937"
(ROOT (S=H (NP (NP (NNP ) (NNP ) (NN=H )) (PRN (-LRB- ) (NP=H (NP=H (NNP=H )) (PP (IN=H ) (NP (NNP=H )))) (-RRB- )) (NNS=H )) (VP=H (VBP=H ) (ADJP (JJ=H ))) (. ))),2,87242,"0,081057552"
(ROOT (S=H (NP (NP=H (NNP ) (NNPS ) (NNP ) (NNP ) (NNP=H )) (PP (IN=H ) (NP (NNP ) (NNS=H )))) (VP=H (VBP=H ) (ADJP (JJ=H ))) (. ))),2,87244,"0,0810594102"
(ROOT (S=H (NP (NP=H (NNP ) (NNPS ) (NNP ) (NNP=H )) (PP (IN=H ) (NP (NNPS=H )))) (VP=H (VBP=H ) (ADJP (JJ=H ))) (. ))),2,87246,"0,0810612684"
(ROOT (S=H (NP (NP=H (NNP ) (NNPS ) (NNP=H )) (NP (JJ ) (NN ) (NNS=H ))) (VP=H (VBP=H ) (ADJP (JJ=H ))) (. ))),2,87248,"0,0810631266"
(ROOT (S=H (NP (NP=H (NNP ) (NNPS ) (NNP=H )) (PP (IN=H ) (NP (NNP ) (NN ) (NNS=H )))) (VP=H (VBP=H ) (ADJP (JJ=H ))) (. ))),2,87250,"0,0810649849"
(ROOT (S=H (NP (NP=H (NNP ) (NNPS ) (NNP=H )) (PP (IN=H ) (NP (DT ) (NN=H )))) (VP=H (VBP=H ) (ADJP (JJ=H ))) (. ))),2,87252,"0,0810668431"
(ROOT (S=H (NP (NP=H (NNP ) (NNPS ) (NN=H )) (NP (JJ ) (NN ) (NNS=H ))) (VP=H (VBP=H ) (ADJP (JJ=H ))) (. ))),2,87254,"0,0810687013"
(ROOT (S=H (NP (NNP=H )) (VP=H (VBD=H ) (SBAR (S=H (NP (NP=H (NNS=H )) (PP (IN=H ) (NP (NN ) (CC ) (NN ) (NNS=H )))) (VP=H (VBP=H ) (ADJP (JJ=H )))))) (. ))),2,87256,"0,0810705595"
(ROOT (S=H (NP (NP=H (NNP=H ) (CD )) (PP (IN=H ) (NP (DT ) (NNP ) (NNP ) (NNS=H )))) (VP=H (VBP=H ) (ADJP (JJ=H ))) (. ))),2,87258,"0,0810724177"
(ROOT (S=H (NP (NNPS ) (NNPS=H )) (VP=H (VBZ=H ) (SBAR (S=H (NP (JJ ) (NNS=H )) (VP=H (VBP=H ) (ADJP (JJ=H )))))) (. ))),2,87260,"0,081074276"
(ROOT (S=H (S (NP (NNP ) (NNP=H )) (VP=H (VBZ=H ) (PP (IN=H ) (NP (NNP=H ))))) (NP (DT ) (NNP ) (NNP=H )) (VP=H (VBP=H ) (ADJP (JJ=H ))) (. ))),2,87262,"0,0810761342"
(ROOT (S=H (NP (NP=H (NN ) (NN=H )) (PP (IN=H ) (NP (DT ) (NNS=H )))) (VP=H (VBP=H ) (ADJP (JJ=H ))) (. ))),2,87264,"0,0810779924"
(ROOT (S=H (NP (NP=H (NN ) (NN=H )) (PP (IN=H ) (NP (NNP ) (CC ) (NNP ) (NNPS=H )))) (VP=H (VBP=H ) (ADJP (JJ=H ))) (. ))),2,87266,"0,0810798506"
(ROOT (S=H (NP (NN ) (NNS ) (NN ) (NNS=H )) (VP=H (VBP=H ) (ADJP (JJ=H ))) (. ))),2,87268,"0,0810817089"
(ROOT (FRAG=H (NP (NNP=H )) (: ) (S=H (NP (DT ) (NNP ) (NNP ) (NNS ) (NNS=H )) (VP=H (VBP=H ) (ADJP (JJ=H )))) (. ))),2,87270,"0,0810835671"
(ROOT (S=H (NP (DT ) (`` ) (CD=H ) ('' )) (VP=H (VBZ=H ) (SBAR (S=H (NP (NNS=H )) (VP=H (VBP=H ) (ADJP (JJ=H )))))) (. ))),2,87272,"0,0810854253"
(ROOT (S=H (S=H (NP (DT ) (NNP=H )) (VP=H (VBZ=H ))) (: ) (S (NP (NNS=H )) (VP=H (VBP=H ) (ADJP (JJ=H )))) (. ))),2,87274,"0,0810872835"
(ROOT (S=H (NP (NP=H (DT ) (NN=H )) (PP (IN=H ) (NP (NNP ) (NN ) (NNS=H )))) (VP=H (VBP=H ) (ADJP (JJ=H ))) (. ))),2,87276,"0,0810891418"
(ROOT (S=H (NP (NP=H (DT ) (NNPS ) (NNS=H )) (PP (IN=H ) (NP (NN=H )))) (VP=H (VBP=H ) (ADJP (JJ=H ))) (. ))),2,87278,"0,081091"
(ROOT (S=H (NP (NP=H (DT ) (NN=H )) (PP (IN=H ) (NP (NP=H (NNP ) (NNP=H )) (PP (IN=H ) (NP (NNP ) (NNP ) (NNS=H )))))) (VP=H (VBP=H ) (ADJP (JJ=H ))) (. ))),2,87280,"0,0810928582"
(ROOT (S=H (NP (DT ) (NNPS=H )) (SBAR=H (WHNP=H (WP=H )) (S (NP (NNS=H )) (VP=H (VBP=H ) (ADJP (JJ=H ))))) (. ))),2,87282,"0,0810947164"
(ROOT (S=H (NP (NP=H (DT ) (NNP ) (NNP=H )) (PP (IN=H ) (NP (JJ ) (NNS=H )))) (VP=H (VBP=H ) (ADJP (JJ=H ))) (. ))),2,87284,"0,0810965746"
(ROOT (S=H (NP (NP=H (DT ) (NNP=H )) (PP (IN=H ) (NP (NN ) (NNS=H )))) (VP=H (VBP=H ) (ADJP (JJ=H ))) (. ))),2,87286,"0,0810984329"
(ROOT (S=H (NP (NP=H (DT ) (NNP=H )) (PP (IN=H ) (NP (DT ) (NNP ) (NNPS=H )))) (VP=H (VBP=H ) (ADJP (JJ=H ))) (. ))),2,87288,"0,0811002911"
(ROOT (S=H (NP (DT ) (NNP ) (NN=H )) (VP=H (VBP=H ) (SBAR (S=H (NP (NN ) (NNS=H )) (VP=H (VBP=H ) (ADJP (JJ=H )))))) (. ))),2,87290,"0,0811021493"
(ROOT (S=H (NP (NP=H (DT ) (NNP=H )) (PP (IN=H ) (NP (NP=H (JJ ) (NN ) (NNS=H )) (PP (TO=H ) (NP (NNS=H )))))) (VP=H (VBP=H ) (ADJP (JJ=H ))) (. ))),2,87292,"0,0811040075"
(ROOT (S=H (NP (JJ ) (JJR ) (NNS ) (NNS=H )) (VP=H (VBP=H ) (ADJP (JJ=H ))) (. ))),2,87294,"0,0811058658"
(ROOT (S=H (NP-TMP (NNP=H )) (PRN (-LRB- ) (NP=H (NN=H )) (-RRB- )) (NP (NNS=H )) (VP=H (VBP=H ) (ADJP (JJ=H ))) (. ))),2,87296,"0,081107724"
(ROOT (S=H (NP (NP=H (NNP=H )) (CC ) (NP (NP=H (NN ) (NNS=H )) (NP (NN ) (NNS=H )))) (VP=H (VBP=H ) (ADJP (JJ=H ))) (. ))),2,87298,"0,0811095822"
(ROOT (S=H (NP (NP=H (NNP ) (NNP=H )) (PP (IN=H ) (NP (JJ ) (NNS=H ) (CC ) (NNS )))) (VP=H (VBP=H ) (ADJP (JJ=H ))) (. ))),2,87300,"0,0811114404"
(ROOT (S=H (NP (NNPS ) (CC ) (NNPS ) (NNS=H )) (VP=H (VBP=H ) (SBAR (S=H (NP (NN ) (NNS=H )) (VP=H (VBP=H ) (ADJP (JJ=H )))))) (. ))),2,87302,"0,0811132987"
(ROOT (S=H (NP (NNP=H )) (VP=H (VBP=H ) (SBAR (S=H (NP (NP=H (NN ) (NN ) (NNS=H )) (PP (IN=H ) (NP (NN=H )))) (VP=H (VBP=H ) (ADJP (JJ=H )))))) (. ))),2,87304,"0,0811151569"
(ROOT (S=H (NP (NNP=H )) (VP=H (VBZ=H ) (SBAR (S=H (NP (NP=H (NNS=H )) (VP (VBG=H ) (NP (NNS=H )))) (VP=H (VBP=H ) (ADJP (JJ=H )))))) (. ))),2,87306,"0,0811170151"
(ROOT (S=H (NP (NP=H (NP=H (NNP=H )) (PRN (-LRB- ) (NP=H (NNP=H )) (-RRB- ))) (PP (IN=H ) (NP (NNP ) (NNS=H )))) (VP=H (VBP=H ) (ADJP (JJ=H ))) (. ))),2,87308,"0,0811188733"
(ROOT (S=H (NP (NP=H (NNP=H )) (PP (IN=H ) (NP (NP=H (NNP=H )) (VP (VBN=H ) (NP (NNS=H )) (PP (IN=H ) (NP (NNS=H ))))))) (VP=H (VBP=H ) (ADJP (JJ=H ))) (. ))),2,87310,"0,0811207315"
(ROOT (S=H (NP (NP=H (NNP ) (NNPS ) (NNP=H )) (PP (IN=H ) (NP (NNP ) (NNP ) (NNPS=H )))) (VP=H (VBP=H ) (ADJP (JJ=H ))) (. ))),2,87312,"0,0811225898"
(ROOT (S=H (NP (NP=H (NNP ) (NNPS ) (NNP=H )) (PP (IN=H ) (UCP (NNP ) (CC ) (NNP ) (NNP=H )))) (VP=H (VBP=H ) (ADJP (JJ=H ))) (. ))),2,87314,"0,081124448"
(ROOT (S=H (NP (NP=H (NNP ) (NNPS ) (NNP=H )) (PP (IN=H ) (NP (UCP (NNP=H ) (CC ) (NNP )) (NNP=H )))) (VP=H (VBP=H ) (ADJP (JJ=H ))) (. ))),2,87316,"0,0811263062"
(ROOT (S=H (NP (NP=H (NNP ) (NNPS ) (NNP=H )) (PP (IN=H ) (NP (NP=H (NNPS ) (NNS=H )) (PP (IN=H ) (NP (NN=H )))))) (VP=H (VBP=H ) (ADJP (JJ=H ))) (. ))),2,87318,"0,0811281644"
(ROOT (S=H (NP (NP=H (NNP ) (NNPS ) (NNP ) (NNP=H )) (PP (IN=H ) (NP (NN=H )))) (VP=H (VBP=H ) (ADJP (JJ=H ))) (. ))),2,87320,"0,0811300227"
(ROOT (S=H (NP (NP=H (NNP ) (NNPS ) (NNP=H )) (CC ) (NP (JJ ) (NNS=H ))) (VP=H (VBP=H ) (ADJP (JJ=H ))) (. ))),2,87322,"0,0811318809"
(ROOT (S=H (NP (NP=H (NNP ) (NNP ) (NNS ) (NN=H )) (NP (NN=H ))) (VP=H (VBP=H ) (ADJP (JJ=H ))) (. ))),2,87324,"0,0811337391"
(ROOT (S=H (NP (NP=H (NNP ) (NNPS ) (JJ ) (NNS=H )) (PP (IN=H ) (NP (DT ) (JJ ) (NN=H )))) (VP=H (VBP=H ) (ADJP (JJ=H ))) (. ))),2,87326,"0,0811355973"
(ROOT (S=H (NP (NP=H (NNP ) (NNPS ) (NN=H )) (CC ) (NP (NN ) (NN ) (NNS=H ))) (VP=H (VBP=H ) (ADJP (JJ=H ))) (. ))),2,87328,"0,0811374556"
(ROOT (S=H (NP (NP=H (NNP ) (NNP=H )) (CC ) (NP (NN ) (NNS ) (NNS=H ))) (VP=H (VBP=H ) (ADJP (JJ=H ))) (. ))),2,87330,"0,0811393138"
(ROOT (S=H (NP (NNP ) (NNP=H )) (PRN (-LRB- ) (NP=H (NNP ) (NNPS=H )) (-RRB- )) (NP (NNP ) (NNP=H )) (VP=H (VBP=H ) (ADJP (JJ=H ))) (. ))),2,87332,"0,081141172"
(ROOT (S=H (ADVP (ADVP=H (RB=H )) (SBAR (WHNP=H (WP=H )) (S (VP=H (VBP=H ))) (. ))) (NP (NN ) (NN ) (NNP ) (NNP=H )) (VP=H (VBP=H ) (ADJP (JJ=H ))) (. ))),2,87334,"0,0811430302"
(ROOT (S=H (SBARQ (WHNP (WP=H )) (SQ=H (VBZ=H ) (NP (DT=H ))) (. )) (NP (NNS=H )) (VP=H (VBP=H ) (ADJP (JJ=H ))) (. ))),2,87336,"0,0811448884"
(ROOT (S=H (NP (PRP=H )) (PRN (SINV=H (VBP=H ) (NP (PRP=H )))) (NP (NNS=H )) (VP=H (VBP=H ) (ADJP (JJ=H ))) (. ))),2,87338,"0,0811467467"
"(ROOT (S=H (NP (NP (NNP ) (NNPS ) (NNP=H )) (PRN (-LRB- ) (NP=H (NNP=H )) (, ) (NP (NNP=H )) (-RRB- )) (NNS=H )) (VP=H (VBP=H ) (ADJP (JJ=H ))) (. )))",2,87340,"0,0811486049"
(ROOT (S=H (NP (NNP ) (CC ) (NNP ) (NN=H )) (VP=H (VBP=H ) (SBAR (S=H (NP (NNS=H )) (VP=H (VBP=H ) (ADJP (JJ=H )))))) (. ))),2,87342,"0,0811504631"
(ROOT (S=H (NP (NNP=H )) (VP=H (VBD=H ) (SBAR (S=H (NP (NP=H (NP=H (NNS=H )) (PP (IN=H ) (NP (NNP=H )))) (PRN (-LRB- ) (NNP ) (NN=H ) (-RRB- ))) (VP=H (VBP=H ) (ADJP (JJ=H )))))) (. ))),2,87344,"0,0811523213"
(ROOT (S=H (NP (NP=H (NNP ) (NNPS ) (NNP ) (NNP=H )) (PP (IN=H ) (NP (DT ) (NNP=H )))) (VP=H (VBP=H ) (ADJP (JJ=H ))) (. ))),2,87346,"0,0811541796"
(ROOT (S=H (NP (NP (JJ ) (NNS=H )) (PRN (-LRB- ) (NP=H (JJ ) (NN ) (NN=H )) (-RRB- )) (NNS=H )) (VP=H (VBP=H ) (ADJP (JJ=H ))) (. ))),2,87348,"0,0811560378"
(ROOT (S=H (NP (NNPS ) (CC ) (JJ ) (NN ) (NNS=H )) (VP=H (VBP=H ) (ADJP (JJ=H ))) (. ))),2,87350,"0,081157896"
(ROOT (S=H (NP (NNP=H )) (VP=H (VBD=H ) (SBAR (S=H (NP (NP=H (NP=H (NNS=H )) (PP (IN=H ) (NP (NNP=H )))) (PRN (-LRB- ) (NP=H (NNP=H )) (-RRB- ))) (VP=H (VBP=H ) (ADJP (JJ=H )))))) (. ))),2,87352,"0,0811597542"
(ROOT (S=H (NP (NP=H (NNP ) (`` ) (NNP ) ('' ) (NNP=H )) (NP (NN ) (NNS=H ))) (VP=H (VBP=H ) (ADJP (JJ=H ))) (. ))),2,87354,"0,0811616125"
(ROOT (S=H (VP=H (VB=H ) (SBAR (WHNP=H (WP=H )) (PP (IN=H ) (NP (NNP ) (NNPS=H )) (. )) (S (VP=H (VBP=H ) (ADJP (JJ=H )))))) (. ))),2,87356,"0,0811634707"
(ROOT (FRAG=H (NP (NP=H (NNS=H )) (PP (IN=H ) (NP (JJ ) (NN=H )))) (: ) (S=H (NP (NNP ) (CC ) (NNP ) (NNP=H )) (VP=H (VBP=H ) (ADJP (JJ=H )))) (. ))),2,87358,"0,0811653289"
(ROOT (S=H (NP (NP=H (NNP ) (NNP ) (NNP=H )) (PRN (-LRB- ) (NP=H (NP=H (CD=H )) (: ) (NP (CD=H ))) (-RRB- ))) (VP=H (VBP=H ) (SBAR (S=H (NP (NNS=H )) (VP=H (VBP=H ) (ADJP (JJ=H )))))) (. ))),2,87360,"0,0811671871"
(ROOT (S=H (NP (NNP ) (NNPS ) (NNP=H )) (ADVP (RB=H )) (VP=H (VBP=H ) (ADJP (JJ=H ))) (. ))),2,87362,"0,0811690453"
(ROOT (S=H (NP (NNP=H )) (VP=H (VBD=H ) (SBAR (S=H (NP (NP=H (NN=H )) (PP (IN=H ) (NP (NNS=H )))) (VP=H (VBP=H ) (ADJP (JJ=H )))))) (. ))),2,87364,"0,0811709036"
(ROOT (S=H (NP (NP=H (NNP ) (NNP=H ) (CC ) (NNP )) (NP-TMP (CD ) (NNS=H ))) (VP=H (VBP=H ) (ADJP (JJ=H ))) (. ))),2,87366,"0,0811727618"
(ROOT (S=H (NP (NP=H (JJ ) (NNP ) (NNP ) (NN=H )) (PP (IN=H ) (NP (NN ) (NNS=H )))) (VP=H (VBP=H ) (ADJP (JJ=H ))) (. ))),2,87368,"0,08117462"
(ROOT (S=H (NP (NP (NNS ) (POS=H )) (NN ) (NNS=H )) (VP=H (VBP=H ) (ADJP (JJ=H ))) (. ))),2,87370,"0,0811764782"
(ROOT (NP=H (NP=H (NP=H (NNS=H )) (PP (IN=H ) (NP (JJ ) (NN=H )))) (: ) (NP (NP=H (NNP ) (NNPS=H )) (SBAR (S=H (NP (NNP ) (NNP=H )) (VP=H (VBP=H ) (ADJP (JJ=H )))))) (. ))),2,87372,"0,0811783365"
(ROOT (S=H (NP (PRP=H )) (VP=H (VBP=H ) (NP (NP=H (NNS=H )) (SBAR (S=H (NP (NNS=H )) (VP=H (VBP=H ) (ADJP (JJ=H ))))))) (. ))),2,87374,"0,0811801947"
(ROOT (S=H (NP (NP=H (NNP ) (NNPS ) (NNP=H )) (PP (IN=H ) (NP (NN ) (NN ) (NN=H )))) (VP=H (VBP=H ) (ADJP (JJ=H ))) (. ))),2,87376,"0,0811820529"
(ROOT (FRAG=H (NP (NP=H (NNS=H )) (PP (IN=H ) (NP (JJ ) (NN=H )))) (: ) (S=H (NP (NNP ) (FW ) (NNP=H )) (VP=H (VBP=H ) (ADJP (JJ=H )))) (. ))),2,87378,"0,0811839111"
(ROOT (S=H (NP (NP=H (NNP ) (NNP ) (NNP ) (JJ ) (NN=H )) (PP (IN=H ) (NP (DT ) (NNP ) (NNPS=H )))) (VP=H (VBP=H ) (ADJP (JJ=H ))) (. ))),2,87380,"0,0811857694"
(ROOT (S=H (NP (NP=H (NP (NNS ) (POS=H )) (NNP=H )) (PP (IN=H ) (NP (NNP ) (NNPS=H )))) (VP=H (VBP=H ) (ADJP (JJ=H ))) (. ))),2,87382,"0,0811876276"
(ROOT (S=H (NP (NP=H (DT ) (NN=H )) (PP (IN=H ) (NP (NP=H (NNP ) (NNP=H )) (PP (IN=H ) (NP (NP=H (NNP ) (NNP=H )) (PP (IN=H ) (NP (DT ) (NNPS=H )))))))) (VP=H (VBP=H ) (ADJP (JJ=H ))) (. ))),2,87384,"0,0811894858"
(ROOT (FRAG=H (NP (NNP=H )) (: ) (S=H (NP (DT ) (JJ ) (NN ) (NNS=H )) (VP=H (VBP=H ) (ADJP (JJ=H )))) (. ))),2,87386,"0,081191344"
(ROOT (S=H (NP (JJ ) (NN ) (NN ) (NNS ) (CC ) (NN ) (NNS=H )) (VP=H (VBP=H ) (ADJP (JJ=H ))) (. ))),2,87388,"0,0811932022"
(ROOT (S=H (NP (PRP=H )) (VP=H (VBD=H ) (SBAR (S=H (NP (NNP=H )) (VP=H (VBP=H ) (ADJP (JJ=H )))))) (. ))),2,87390,"0,0811950605"
(ROOT (S=H (NP (NP=H (NNP=H )) (PP (TO=H ) (NP (DT ) (NNP ) (NNS=H )))) (VP=H (VBP=H ) (ADJP (JJ=H ))) (. ))),2,87392,"0,0811969187"
(ROOT (S=H (NP (PRP=H )) (VP=H (VBP=H ) (NP (NP=H (NNP=H )) (SBAR (S=H (NP (NNS=H )) (VP=H (VBP=H ) (ADJP (JJ=H ))))))) (. ))),2,87394,"0,0811987769"
(ROOT (S=H (NP (NP (NNP ) (NN=H )) (PRN (-LRB- ) (NP=H (NN ) (NN=H )) (-RRB- )) (NNS=H )) (VP=H (VBP=H ) (ADJP (JJ=H ))) (. ))),2,87396,"0,0812006351"
(ROOT (S=H (NP (NP=H (NNP ) (NNP ) (NNP=H )) (VP (VBN=H ) (NP (NP=H (NNS=H )) (PP (IN=H ) (NP (NNP=H )))) (PP (IN=H ) (NP (NN=H ))))) (VP=H (VBP=H ) (ADJP (JJ=H ))) (. ))),2,87398,"0,0812024934"
(ROOT (S=H (NP (NP (NNS ) (POS=H )) (NNS ) (NNS=H )) (VP=H (VBP=H ) (ADJP (JJ=H ))) (. ))),2,87400,"0,0812043516"
(ROOT (NP=H (NP=H (NP=H (NNP ) (NNS=H )) (PP (IN=H ) (NP (NNP=H )))) (: ) (S (NP (NNP=H )) (VP=H (VBP=H ) (ADJP (JJ=H )))) (. ))),2,87402,"0,0812062098"
(ROOT (NP=H (NP=H (JJ ) (NNS=H )) (: ) (S (NP (NN=H )) (VP=H (VBP=H ) (ADJP (JJ=H )))) (. ))),2,87404,"0,081208068"
(ROOT (FRAG=H (NP (NNP=H )) (: ) (S=H (NP (NP=H (DT ) (NNP ) (NNP ) (NN ) (NNS=H )) (PP (TO=H ) (NP (NNS=H )))) (VP=H (VBP=H ) (ADJP (JJ=H )))) (. ))),2,87406,"0,0812099263"
(ROOT (S=H (NP (NP=H (NNP=H )) (PP (IN=H ) (NP (NP=H (NNP ) (NNP=H )) (PP (IN=H ) (NP (NNP ) (NNP ) (NN ) (NNS=H )))))) (VP=H (VBP=H ) (ADJP (JJ=H ))) (. ))),2,87408,"0,0812117845"
(ROOT (S=H (NP (NNP=H )) (VP=H (VBD=H ) (SBAR (S=H (NP (NP=H (NNS=H )) (PP (IN=H ) (NP (NNP ) (NNPS ) (NNP=H )))) (VP=H (VBP=H ) (ADJP (JJ=H )))))) (. ))),2,87410,"0,0812136427"
(ROOT (S=H (NP (NP=H (NNP ) (NNP=H )) (CC ) (NP (PRP$ ) (NNP ) (NNP ) (NNS=H ))) (VP=H (VBP=H ) (ADJP (JJ=H ))) (. ))),2,87412,"0,0812155009"
(ROOT (FRAG=H (NP (JJ ) (NNS=H )) (: ) (S=H (NP (NP=H (NN ) (NN=H )) (CC ) (NP (NNS=H ))) (VP=H (VBP=H ) (ADJP (JJ=H )))) (. ))),2,87414,"0,0812173591"
(ROOT (FRAG=H (NP (JJ ) (NNS=H )) (: ) (S=H (NP (NP=H (NNS=H )) (PP (IN=H ) (NP (NNS=H )))) (VP=H (VBP=H ) (ADJP (JJ=H )))) (. ))),2,87416,"0,0812192174"
(ROOT (S=H (NP (NP=H (NNP=H )) (NP (CD ) (NNS=H )) (NP (NP=H (NNS=H )) (PP (IN=H ) (NP (NNP=H ))))) (VP=H (VBP=H ) (ADJP (JJ=H ))) (. ))),2,87418,"0,0812210756"
(ROOT (S=H (NP (NP=H (NNP ) (NNP=H )) (PP (IN=H ) (NP (JJS ) (JJ ) (NNS=H )))) (VP=H (VBP=H ) (ADJP (JJ=H ))) (. ))),2,87420,"0,0812229338"
(ROOT (NP=H (NP=H (JJ ) (NNS=H )) (: ) (S (NP (JJ=H )) (VP=H (VBP=H ) (ADJP (JJ=H )))) (. ))),2,87422,"0,081224792"
(ROOT (S=H (NP (NP=H (NNP ) (NNPS ) (NNP ) (NNP=H )) (PP (IN=H ) (NP (NNP ) (NNP ) (NNP=H )))) (VP=H (VBP=H ) (ADJP (JJ=H ))) (. ))),2,87424,"0,0812266503"
(ROOT (S=H (NP (NP=H (NNP ) (NNP ) (NNP ) (NN=H )) (PP (IN=H ) (NP (DT ) (NNP ) (NNPS=H )))) (VP=H (VBP=H ) (ADJP (JJ=H ))) (. ))),2,87426,"0,0812285085"
(ROOT (S=H (NP (NP=H (NNP ) (NNP ) (NNP ) (NNP=H )) (VP (VBG=H ) (NP (NP=H (NNS=H )) (PP (IN=H ) (NP (DT ) (NNP ) (NNP=H )))))) (VP=H (VBP=H ) (ADJP (JJ=H ))) (. ))),2,87428,"0,0812303667"
(ROOT (S=H (NP (NP=H (NNP ) (NNP ) (NNP ) (NN ) (NN ) (NN=H )) (PP (IN=H ) (NP (DT ) (NNP ) (NNPS=H )))) (VP=H (VBP=H ) (ADJP (JJ=H ))) (. ))),2,87430,"0,0812322249"
(ROOT (S=H (NP (JJ ) (PRN (-LRB- ) (NP=H (QP=H (RB ) (CD=H ))) (-RRB- )) (NNS=H )) (VP=H (VBP=H ) (ADJP (JJ=H ))) (. ))),2,87432,"0,0812340832"
(ROOT (S=H (NP (NAC (NNP=H ) (NNP )) (NN=H )) (VP=H (VBP=H ) (ADJP (JJ=H ))) (. ))),2,87434,"0,0812359414"
(ROOT (S=H (NP (NNP ) (NNP ) (NNP ) (NNP ) (NNP ) (NNPS ) (NNS=H )) (VP=H (VBP=H ) (ADJP (JJ=H ))) (. ))),2,87436,"0,0812377996"
(ROOT (S=H (NP (NNP=H )) (VP=H (VBD=H ) (SBAR (S=H (NP (NP=H (NNS=H )) (PP (IN=H ) (NP (DT ) (NNP ) (NNPS ) (NNP ) (NNP=H )))) (VP=H (VBP=H ) (ADJP (JJ=H )))))) (. ))),2,87438,"0,0812396578"
(ROOT (S=H (NP (NNP=H )) (VP=H (VBD=H ) (SBAR (S=H (NP (NP=H (NNS=H )) (PP (IN=H ) (NP (DT ) (JJ ) (NN=H )))) (VP=H (VBP=H ) (ADJP (JJ=H )))))) (. ))),2,87440,"0,081241516"
"(ROOT (NP=H (NP=H (NP=H (NNS=H )) (PP (IN=H ) (NP (JJ ) (NN=H )))) (: ) (NP (NP=H (NP (NNP ) (NNP ) (POS=H )) (NNP=H )) (, ) (S (NP (NNP ) (NNP=H )) (VP=H (VBP=H ) (ADJP (JJ=H ))))) (. )))",2,87442,"0,0812433743"
(ROOT (FRAG=H (NP (NP=H (NNS=H )) (PP (IN=H ) (NP (JJ ) (NN=H )))) (: ) (S=H (NP (NNP ) (NNP ) (FW ) (NNP ) (NNP=H )) (VP=H (VBP=H ) (ADJP (JJ=H )))) (. ))),2,87444,"0,0812452325"
(ROOT (S=H (NP (NP (JJ ) (NNS=H )) (PRN (-LRB- ) (NP=H (JJ ) (NN=H )) (-RRB- )) (NNS=H )) (VP=H (VBP=H ) (ADJP (JJ=H ))) (. ))),2,87446,"0,0812470907"
(ROOT (S=H (NP (NP=H (NP=H (NNP ) (NNP ) (NNP=H )) (NP (JJ ) (NNS=H ))) (CC ) (NP (NP=H (NNS=H )) (PP (IN=H ) (NP (DT ) (NNP ) (NNP ) (NNP=H ))))) (VP=H (VBP=H ) (ADJP (JJ=H ))) (. ))),2,87448,"0,0812489489"
(ROOT (S=H (NP (NNP ) (NNP=H ) (PRP )) (VP=H (VBD=H ) (SBAR (S=H (NP (NNS=H )) (VP=H (VBP=H ) (ADJP (JJ=H )))))) (. ))),2,87450,"0,0812508072"
(ROOT (FRAG=H (NP (NN=H )) (: ) (S=H (NP (NNS=H )) (VP=H (VBP=H ) (ADJP (JJ=H )))) (. ))),2,87452,"0,0812526654"
(ROOT (S=H (NP (NP=H (NNP ) (NNP=H )) (NP (DT ) (NNP ) (NNS=H ))) (VP=H (VBP=H ) (ADJP (JJ=H ))) (. ))),2,87454,"0,0812545236"
(ROOT (S=H (NP (NNP ) (NNP ) (NNP=H )) (PP (IN=H ) (NP (DT ) (NNPS=H ))) (VP=H (VBP=H ) (ADJP (JJ=H ))) (. ))),2,87456,"0,0812563818"
(ROOT (S=H (NP (NP=H (NNP=H )) (VP (VBG=H ) (PP (IN=H ) (NP (DT ) (NNPS=H ))))) (VP=H (VBP=H ) (ADJP (JJ=H ))) (. ))),2,87458,"0,0812582401"
(ROOT (S=H (NP (NP=H (NNP ) (NNP ) (NNP=H )) (PRN (-LRB- ) (NP=H (NNP ) (NNPS=H )) (-RRB- ))) (VP=H (VBP=H ) (SBAR (S=H (NP (NNS=H )) (VP=H (VBP=H ) (ADJP (JJ=H )))))) (. ))),2,87460,"0,0812600983"
(ROOT (S=H (S (VP=H (VB=H ) (NP (PRN (-LRB- ) (NP=H (NNP=H )) (-RRB- )) (NNS=H )) (PP (IN=H ) (NP (NN=H ))))) (VP=H (VBP=H ) (ADJP (JJ=H ))) (. ))),2,87462,"0,0812619565"
(ROOT (S=H (NP (NP=H (DT ) (JJ ) (NN=H )) (PP (IN=H ) (NP (NNP ) (NNP ) (NNS=H )))) (VP=H (VBP=H ) (ADJP (JJ=H ))) (. ))),2,87464,"0,0812638147"
(ROOT (S=H (NP (NP=H (NNP ) (NNP=H )) (CC ) (NP (DT ) (NNP ) (NNP ) (NN ) (NNS=H ))) (VP=H (VBP=H ) (ADJP (JJ=H ))) (. ))),2,87466,"0,081265673"
(ROOT (S=H (NP (NP=H (NNP ) (NNP=H )) (PP (IN=H ) (NP (NNP ) (NNP ) (CC ) (NNP ) (NNP ) (NNS=H )))) (VP=H (VBP=H ) (ADJP (JJ=H ))) (. ))),2,87468,"0,0812675312"
(ROOT (S=H (RB ) (PP (IN=H ) (NP (NNP=H ))) (NP (NNS=H )) (VP=H (VBP=H ) (ADJP (JJ=H ))) (. ))),2,87470,"0,0812693894"
(ROOT (S=H (NP (NP=H (NN ) (NNS ) (CC ) (NN ) (NNS=H )) (PP (IN=H ) (NP (NN=H )))) (VP=H (VBP=H ) (ADJP (JJ=H ))) (. ))),2,87472,"0,0812712476"
(ROOT (FRAG=H (NP (NNP=H )) (: ) (S=H (NP (NP=H (DT ) (NNP=H )) (PP (IN=H ) (NP (DT ) (NNP ) (NNS=H )))) (VP=H (VBP=H ) (ADJP (JJ=H )))) (. ))),2,87474,"0,0812731058"
(ROOT (S=H (NP (NNP=H )) (VP=H (VBD=H ) (SBAR (S=H (NP (NP=H (NNS=H )) (PP (IN=H ) (NP (DT ) (JJ ) (NNS=H )))) (VP=H (VBP=H ) (ADJP (JJ=H )))))) (. ))),2,87476,"0,0812749641"
(ROOT (S=H (NP (NNP=H )) (VP=H (VBD=H ) (SBAR (S=H (NP (NP=H (NNS=H )) (PP (IN=H ) (NP (NP=H (DT ) (JJ ) (NN=H )) (PP (IN=H ) (NP (DT ) (NNP=H )))))) (VP=H (VBP=H ) (ADJP (JJ=H )))))) (. ))),2,87478,"0,0812768223"
(ROOT (FRAG=H (NP (NP=H (NNS=H )) (PP (IN=H ) (NP (JJ ) (NN=H )))) (: ) (S=H (NP (NNP ) (NNP ) (NNPS ) (NNP=H )) (VP=H (VBP=H ) (ADJP (JJ=H )))) (. ))),2,87480,"0,0812786805"
"(ROOT (S=H (S (NP (NNP ) (NNS=H )) (VP=H (VBN=H ) (PP (IN=H ) (NP (NNP=H ))))) (, ) (NP (NNP ) (NNP=H )) (VP=H (VBP=H ) (ADJP (JJ=H ))) (. )))",2,87482,"0,0812805387"
(ROOT (NP=H (NP=H (CD=H )) (: ) (S (NP (CD ) (NNP ) (NNP ) (NNP ) (NN ) (NNS=H )) (VP=H (VBP=H ) (ADJP (JJ=H )))) (. ))),2,87484,"0,081282397"
(ROOT (S=H (NP (NP=H (JJ ) (NN ) (NNS ) (NNS=H )) (VP (VBG=H ) (NP (NN=H )) (PP (TO=H ) (NP (JJ ) (NNS=H ))))) (VP=H (VBP=H ) (ADJP (JJ=H ))) (. ))),2,87486,"0,0812842552"
"(ROOT (S=H (S (NP=H (NP=H (NNP ) (NNP ) (NNP=H )) (PP (IN=H ) (NP (NNP=H ))))) (, ) (NP (NNP ) (NNS=H )) (VP=H (VBP=H ) (ADJP (JJ=H ))) (. )))",2,87488,"0,0812861134"
(ROOT (S=H (NP (NP=H (JJ ) (NN=H )) (VP (VBG=H ) (PRT (RP=H )) (NP (NNS=H )))) (VP=H (VBP=H ) (ADJP (JJ=H ))) (. ))),2,87490,"0,0812879716"
(ROOT (S=H (NP (NP=H (NN ) (NN=H )) (CC ) (NP (NP=H (NNP ) (NNS=H )) (PP (IN=H ) (NP (NN=H ))))) (VP=H (VBP=H ) (ADJP (JJ=H ))) (. ))),2,87492,"0,0812898299"
(ROOT (S=H (NP (NP=H (NN ) (NN=H )) (CC ) (NP (NNP ) (NN ) (NN ) (NNS=H ))) (VP=H (VBP=H ) (ADJP (JJ=H ))) (. ))),2,87494,"0,0812916881"
(ROOT (S=H (NP (NNP ) (NN=H )) (VP=H (VBZ=H ) (SBAR (S=H (NP (NNP ) (NNPS=H )) (VP=H (VBP=H ) (ADJP (JJ=H )))))) (. ))),2,87496,"0,0812935463"
(ROOT (S=H (NP (NP (JJ ) (NNP ) (NN=H )) (PRN (-LRB- ) (NP=H (NNP=H )) (-RRB- )) (NNS=H )) (VP=H (VBP=H ) (ADJP (JJ=H ))) (. ))),2,87498,"0,0812954045"
(ROOT (S=H (NP (NP=H (NNP=H )) (PP (IN=H ) (NP (NP=H (NNP ) (NN ) (NNS=H )) (PP (TO=H ) (NP (NNS=H )))))) (VP=H (VBP=H ) (ADJP (JJ=H ))) (. ))),2,87500,"0,0812972627"
(ROOT (S=H (NP (NNS=H )) (SBAR=H (IN=H ) (S (NP (NN=H )) (VP=H (VBP=H ) (ADJP (JJ=H ))))) (. ))),2,87502,"0,081299121"
(ROOT (S=H (PP (IN=H ) (NP (DT ) (JJ ) (NN=H ))) (NP (NNS=H )) (VP=H (VBP=H ) (ADJP (JJ=H ))) (. ))),2,87504,"0,0813009792"
(ROOT (S=H (NP (NP=H (NNP ) (NN=H )) (PP (IN=H ) (NP (DT ) (NNPS ) (NNP ) (NN ) (NNS=H )))) (VP=H (VBP=H ) (ADJP (JJ=H ))) (. ))),2,87506,"0,0813028374"
(ROOT (S=H (NP (NP=H (NNP ) (NNP ) (NNP=H )) (NP (DT ) (NNS=H ))) (VP=H (VBP=H ) (ADJP (JJ=H ))) (. ))),2,87508,"0,0813046956"
(ROOT (S=H (NP (NP=H (NN=H )) (PP (IN=H ) (NP (NP=H (DT ) (NNP ) (NN ) (NN=H )) (PP (TO=H ) (NP (NNS=H )))))) (VP=H (VBP=H ) (ADJP (JJ=H ))) (. ))),2,87510,"0,0813065539"
"(ROOT (S=H (S (NP (NNP=H )) (VP=H (VBN=H ) (PP (IN=H ) (NP (NNP ) (NNP ) (NNP=H ))))) (, ) (NP (NNP=H )) (VP=H (VBP=H ) (ADJP (JJ=H ))) (. )))",2,87512,"0,0813084121"
(ROOT (S=H (NP (JJ ) (NN=H )) (VP=H (VBZ=H ) (SBAR (S=H (NP (NP=H (NNS=H )) (PP (IN=H ) (NP (NNP=H )))) (VP=H (VBP=H ) (ADJP (JJ=H )))))) (. ))),2,87514,"0,0813102703"
(ROOT (S=H (NP (JJ ) (NN=H )) (VP=H (VBZ=H ) (SBAR (S=H (NP (NP=H (NNS=H )) (PP (IN=H ) (NP (NN=H )))) (VP=H (VBP=H ) (ADJP (JJ=H )))))) (. ))),2,87516,"0,0813121285"
(ROOT (S=H (NP (JJ ) (NN=H )) (VP=H (VBZ=H ) (SBAR (S=H (NP (NNS=H )) (VP=H (VBP=H ) (ADJP (JJ=H )))))) (. ))),2,87518,"0,0813139868"
(ROOT (S=H (NP (NP=H (NNP ) (NNPS ) (NNP=H )) (PP (IN=H ) (NP (NNP ) (CC ) (NNP ) (NNP ) (NNS=H )))) (VP=H (VBP=H ) (ADJP (JJ=H ))) (. ))),2,87520,"0,081315845"
(ROOT (NP=H (NP=H (JJ ) (NNS=H )) (: ) (S (NP (NNP=H )) (VP=H (VBP=H ) (ADJP (JJ=H )))) (. ))),2,87522,"0,0813177032"
"(ROOT (S=H (NP (NP=H (NNP ) (, ) (NNP=H )) (PP (IN=H ) (NP (NNP ) (NNS=H )))) (VP=H (VBP=H ) (ADJP (JJ=H ))) (. )))",2,87524,"0,0813195614"
(ROOT (S=H (NP (NP=H (NNP ) (NNP=H )) (SBAR (S=H (NP (PRP=H )) (VP=H (VBZ=H ) (PP (IN=H ) (NP (DT ) (NNP ) (NNPS=H ))))))) (VP=H (VBP=H ) (ADJP (JJ=H ))) (. ))),2,87526,"0,0813214196"
(ROOT (S=H (NP (NP=H (NNP=H )) (CC ) (NP (NP=H (NN ) (JJ ) (NNS=H )) (PP (IN=H ) (NP (NNP=H ))))) (VP=H (VBP=H ) (ADJP (JJ=H ))) (. ))),2,87528,"0,0813232779"
(ROOT (S=H (NP (JJ ) (PRN (-LRB- ) (NN=H ) (-RRB- )) (NNS=H )) (VP=H (VBP=H ) (ADJP (JJ=H ))) (. ))),2,87530,"0,0813251361"
(ROOT (S=H (NP (NP (NNP ) (NN=H )) (PRN (-LRB- ) (NP=H (JJ ) (NN=H )) (-RRB- )) (NNS=H )) (VP=H (VBP=H ) (ADJP (JJ=H ))) (. ))),2,87532,"0,0813269943"
(ROOT (S=H (NP (NNP=H )) (VP=H (VBD=H ) (SBAR (S=H (NP (NP=H (NN=H )) (PP (IN=H ) (NP (JJ ) (NNS=H )))) (VP=H (VBP=H ) (ADJP (JJ=H )))))) (. ))),2,87534,"0,0813288525"
(ROOT (S=H (NP (NP=H (NNP ) (NN=H )) (PP (IN=H ) (NP (NNP ) (NN ) (NN ) (NNS=H )))) (VP=H (VBP=H ) (ADJP (JJ=H ))) (. ))),2,87536,"0,0813307108"
(ROOT (S=H (NP (NP=H (NNP ) (NN ) (NN ) (NN=H )) (CC ) (NP (NN ) (NNS=H ))) (VP=H (VBP=H ) (ADJP (JJ=H ))) (. ))),2,87538,"0,081332569"
"(ROOT (S=H (S (NP (NNS=H )) (VP=H (VBN=H ) (PP (IN=H ) (NP (NNP ) (NNP ) (POS=H ))))) (, ) (NP (NNP=H ) (CC ) (NNP )) (VP=H (VBP=H ) (ADJP (JJ=H ))) (. )))",2,87540,"0,0813344272"
"(ROOT (S=H (NP (NP=H (NNP=H )) (PP (IN=H ) (NP (NP=H (JJ ) (NNS=H )) (, ) (NP (NNP=H ))))) (VP=H (VBP=H ) (ADJP (JJ=H ))) (. )))",2,87542,"0,0813362854"
(ROOT (NP=H (NP=H (JJ=H )) (: ) (S (NP (NNP ) (NN=H )) (VP=H (VBP=H ) (ADJP (JJ=H )))) (. ))),2,87544,"0,0813381437"
(ROOT (S=H (NP (NP=H (NNP=H )) (CC ) (NP (VBG ) (NNS=H ))) (VP=H (VBP=H ) (ADJP (JJ=H ))) (. ))),2,87546,"0,0813400019"
(ROOT (S=H (NP (NNP=H )) (VP=H (VBD=H ) (NP (NP=H (NNS=H )) (SBAR (S=H (NP (NN ) (NN ) (NNS=H )) (VP=H (VBP=H ) (ADJP (JJ=H ))))))) (. ))),2,87548,"0,0813418601"
(ROOT (S=H (NP (NP=H (NNP=H )) (PP (IN=H ) (NP (NP=H (NNP ) (NNP ) (CC ) (NNP ) (NNS=H )) (PP (IN=H ) (NP (NN=H )))))) (VP=H (VBP=H ) (ADJP (JJ=H ))) (. ))),2,87550,"0,0813437183"
(ROOT (S=H (NP (NP=H (NN ) (NNS ) (NNS=H )) (PP (IN=H ) (NP (NNS=H )))) (VP=H (VBP=H ) (ADJP (JJ=H ))) (. ))),2,87552,"0,0813455765"
(ROOT (NP=H (NP=H (NP=H (NNP=H )) (PP (IN=H ) (NP (NNP=H )))) (: ) (NP (NP=H (NN ) (NNS=H )) (SBAR (S=H (VP=H (VBP=H ) (ADJP (JJ=H )))))) (. ))),2,87554,"0,0813474348"
"(ROOT (S=H (NP (NNP ) (NAC (NNP=H ) (NNP ) (, ) (NNP )) (NNP ) (NNP=H )) (VP=H (VBP=H ) (ADJP (JJ=H ))) (. )))",2,87556,"0,081349293"
(ROOT (S=H (NP (NNP ) (NNPS ) (NN ) (NNP=H )) (VP=H (VBP=H ) (ADJP (JJ=H ))) (. ))),2,87558,"0,0813511512"
(ROOT (S=H (NP (NNP=H )) (VP=H (VBD=H ) (NP (NP=H (NNS=H )) (SBAR (S=H (NP (NP=H (JJ ) (NN=H )) (PP (IN=H ) (NP (NNP=H )))) (VP=H (VBP=H ) (ADJP (JJ=H ))))))) (. ))),2,87560,"0,0813530094"
(ROOT (S=H (NP (NP=H (NNP ) (JJ ) (NNS ) (NNS=H )) (PRN (-LRB- ) (NP=H (NN=H ) (CD )) (-RRB- ))) (VP=H (VBP=H ) (ADJP (JJ=H ))) (. ))),2,87562,"0,0813548677"
(ROOT (S=H (NP (NP=H (NNP ) (JJ ) (NNS ) (NNS=H )) (PP (IN=H ) (NP (NNP ) (NN ) (NN ) (JJ ) (NNS=H )))) (VP=H (VBP=H ) (ADJP (JJ=H ))) (. ))),2,87564,"0,0813567259"
(ROOT (S=H (NP (NNP=H )) (VP=H (VBD=H ) (SBAR (S=H (NP (NP=H (NNP ) (NNPS=H )) (PP (IN=H ) (NP (NNP=H )))) (VP=H (VBP=H ) (ADJP (JJ=H )))))) (. ))),2,87566,"0,0813585841"
(ROOT (S=H (NP (NNP=H )) (VP=H (VBD=H ) (SBAR (S=H (NP (NP=H (NNP ) (NNPS=H )) (PP (IN=H ) (NP (NNP ) (NNP=H )))) (VP=H (VBP=H ) (ADJP (JJ=H )))))) (. ))),2,87568,"0,0813604423"
(ROOT (S=H (NP (NNP=H )) (VP=H (VBD=H ) (NP (NP=H (NNS=H )) (SBAR (S=H (NP (NNP ) (NN ) (NN=H )) (VP=H (VBP=H ) (ADJP (JJ=H ))))))) (. ))),2,87570,"0,0813623006"
(ROOT (S=H (NP (NP=H (NP=H (NNP ) (JJ ) (NNS ) (NNS=H )) (PRN (-LRB- ) (NP=H (NN=H ) (CD )) (-RRB- ))) (ADJP (JJ ) (JJ=H ))) (VP=H (VBP=H ) (ADJP (JJ=H ))) (. ))),2,87572,"0,0813641588"
(ROOT (S=H (NP (NNP=H )) (VP=H (VBD=H ) (NP (NP=H (NNS=H )) (SBAR (S=H (NP (NP=H (JJ ) (NN=H )) (PP (IN=H ) (NP (NNP ) (JJ ) (NN=H )))) (VP=H (VBP=H ) (ADJP (JJ=H ))))))) (. ))),2,87574,"0,081366017"
(ROOT (S=H (NP (NNP=H )) (VP=H (VBD=H ) (SBAR (S=H (NP (NP=H (NNS ) (NN ) (NNS=H )) (PP (IN=H ) (NP (DT ) (NNP ) (NNP ) (JJ ) (NN=H )))) (VP=H (VBP=H ) (ADJP (JJ=H )))))) (. ))),2,87576,"0,0813678752"
(ROOT (S=H (NP (NP=H (NNP ) (JJ ) (NNS ) (NNS=H )) (PP (IN=H ) (NP (NNP ) (NN ) (NN ) (JJ ) (NNS=H )))) (VP=H (VBD=H ) (SBAR (S=H (NP (NN=H )) (VP=H (VBP=H ) (ADJP (JJ=H )))))) (. ))),2,87578,"0,0813697334"
(ROOT (S=H (NP (NNP=H )) (VP=H (VBD=H ) (NP (NP=H (NNS=H )) (SBAR (S=H (NP (NP=H (JJ ) (NN=H )) (PP (IN=H ) (NP (NNP=H )))) (VP=H (VBD=H ) (SBAR (S=H (NP (NN=H )) (VP=H (VBP=H ) (ADJP (JJ=H )))))))))) (. ))),2,87580,"0,0813715917"
(ROOT (S=H (NP (NNP=H )) (VP=H (VBD=H ) (SBAR (S=H (NP (NNS ) (NNP ) (NNP ) (NNP ) (NNP=H ) (CD )) (VP=H (VBD=H ) (SBAR (S=H (NP (NN=H )) (VP=H (VBP=H ) (ADJP (JJ=H ))))))))) (. ))),2,87582,"0,0813734499"
(ROOT (S=H (NP (NP=H (NNP=H )) (PRN (-LRB- ) (NNP ) (NN=H ) (-RRB- ))) (VP=H (VBD=H ) (SBAR (S=H (NP (NNP ) (NNP ) (NNS=H )) (VP=H (VBP=H ) (ADJP (JJ=H )))))) (. ))),2,87584,"0,0813753081"
(ROOT (S=H (NP (NNP=H )) (PRN (-LRB- ) (NP=H (NNP=H )) (-RRB- )) (NP (NN ) (NN ) (NNS=H )) (VP=H (VBP=H ) (ADJP (JJ=H ))) (. ))),2,87586,"0,0813771663"
(ROOT (S=H (NP (NNP=H )) (VP=H (VBD=H ) (NP (NP=H (NNS=H )) (SBAR (S=H (NP (CD ) (NNP ) (NNPS ) (JJ ) (NN=H )) (VP=H (VBP=H ) (ADJP (JJ=H ))))))) (. ))),2,87588,"0,0813790246"
(ROOT (S=H (NP (NP=H (NNP ) (NNP ) (NNP ) (CC ) (NNP ) (NNP=H )) (NP (NNS=H ))) (VP=H (VBP=H ) (ADJP (JJ=H ))) (. ))),2,87590,"0,0813808828"
(ROOT (S=H (NP (NP=H (JJ=H )) (CC ) (NP (JJ ) (NN ) (NN ) (NNS=H ))) (VP=H (VBP=H ) (ADJP (JJ=H ))) (. ))),2,87592,"0,081382741"
"(ROOT (S=H (NP (NNP=H )) (VP=H (VBD=H ) (SBAR (S=H (NP (NNS ) (NNP ) (NNP ) (, ) (NNP=H )) (VP=H (VBP=H ) (ADJP (JJ=H )))))) (. )))",2,87594,"0,0813845992"
"(ROOT (S=H (S (NP (NNP=H )) (VP=H (VBD=H ) (S (NP=H (NNS=H )) (NP (NNP ) (NNP=H ))))) (, ) (NP (NNP ) (JJ ) (NN=H )) (VP=H (VBP=H ) (ADJP (JJ=H ))) (. )))",2,87596,"0,0813864575"
"(ROOT (S=H (NP (NNP=H )) (VP=H (VBD=H ) (SBAR (S=H (NP (NNS ) (NNP ) (NNP ) (, ) (NNP=H )) (VP=H (VBD=H ) (SBAR (S=H (NP (NN=H )) (VP=H (VBP=H ) (ADJP (JJ=H ))))))))) (. )))",2,87598,"0,0813883157"
(ROOT (S=H (NP (JJ ) (PRN (-LRB- ) (NP=H (NP=H (NN=H )) (CC ) (NP (NN=H ))) (-RRB- )) (JJ ) (NNS=H )) (VP=H (VBP=H ) (ADJP (JJ=H ))) (. ))),2,87600,"0,0813901739"
(ROOT (NP=H (NP=H (CD=H )) (: ) (S (NP (CD ) (NNP ) (NNP ) (NNP ) (NNS ) (NNS=H )) (VP=H (VBP=H ) (ADJP (JJ=H )))) (. ))),2,87602,"0,0813920321"
(ROOT (S=H (NP (NNP=H )) (VP=H (VBD=H ) (SBAR (S=H (NP (NNS=H )) (VP=H (VBD=H ) (SBAR (S=H (NP (CD ) (JJ ) (NN=H )) (VP=H (VBP=H ) (ADJP (JJ=H ))))))))) (. ))),2,87604,"0,0813938903"
(ROOT (S=H (NP (NP=H (NP=H (NNP=H )) (PP (IN=H ) (NP (DT ) (NNP ) (NNPS=H )))) (PRN (-LRB- ) (NP=H (NNP ) (NNP ) (NNP=H )) (-RRB- ))) (VP=H (VBP=H ) (ADJP (JJ=H ))) (. ))),2,87606,"0,0813957486"
"(ROOT (S=H (NP-TMP (NNP=H ) (CD )) (, ) (NP (NP=H (CD ) (NNS=H )) (PP (IN=H ) (NP (NN=H )))) (VP=H (VBP=H ) (ADJP (JJ=H ))) (. )))",2,87608,"0,0813976068"
(ROOT (S=H (NP (NNP=H )) (PRN (-LRB- ) (NP=H (NNP=H )) (-RRB- )) (NP (JJ ) (NN ) (NNS=H )) (VP=H (VBP=H ) (ADJP (JJ=H ))) (. ))),2,87610,"0,081399465"
(ROOT (S=H (NP (NP=H (NNP=H )) (CC ) (NP (NP=H (NN ) (JJ ) (NNS=H )) (PP (IN=H ) (NP (DT ) (NNP ) (NNPS=H ))))) (VP=H (VBP=H ) (ADJP (JJ=H ))) (. ))),2,87612,"0,0814013232"
(ROOT (S=H (NP (NP=H (NNP=H )) (SBAR (WHNP=H (WP=H )) (S (VP=H (VBZ=H ) (NP (NNS=H )))))) (VP=H (VBP=H ) (ADJP (JJ=H ))) (. ))),2,87614,"0,0814031815"
(ROOT (S=H (NP (NP=H (NNP ) (NNP=H )) (PP (IN=H ) (NP (NP=H (NNP ) (NNPS=H )) (PP (IN=H ) (NP (DT ) (NNP ) (NNP ) (NNP=H )))))) (VP=H (VBP=H ) (ADJP (JJ=H ))) (. ))),2,87616,"0,0814050397"
(ROOT (S=H (NP (NP=H (NNP ) (NNPS ) (NNP=H )) (PP (IN=H ) (NP (DT ) (JJ ) (NNS=H )))) (VP=H (VBP=H ) (ADJP (JJ=H ))) (. ))),2,87618,"0,0814068979"
(ROOT (S=H (NP (NP=H (NN=H )) (PP (IN=H ) (NP (NP=H (DT ) (NNP ) (NNP=H )) (PP (IN=H ) (NP (DT ) (NNP ) (NNPS=H )))))) (VP=H (VBP=H ) (ADJP (JJ=H ))) (. ))),2,87620,"0,0814087561"
(ROOT (S=H (NP (NNP ) (JJ ) (NNS ) (CC ) (NN ) (NN ) (NNS=H )) (VP=H (VBP=H ) (ADJP (JJ=H ))) (. ))),2,87622,"0,0814106144"
(ROOT (S=H (NP (NNP=H )) (VP=H (VBD=H ) (SBAR (S=H (NP (NP=H (NNS ) (NNP ) (NNP ) (NNP ) (NNP=H )) (ADJP (JJ ) (JJ=H ))) (VP=H (VBP=H ) (ADJP (JJ=H )))))) (. ))),2,87624,"0,0814124726"
(ROOT (S=H (NP (NP=H (NNP ) (NNPS ) (NNP=H )) (PP (IN=H ) (NP (UCP (NNP ) (CC ) (NNP ) (NNP=H )) (NNS=H )))) (VP=H (VBP=H ) (ADJP (JJ=H ))) (. ))),2,87626,"0,0814143308"
(ROOT (S=H (NP (NP=H (NNP=H )) (PRN (-LRB- ) (NNP ) (NN=H ) (-RRB- ))) (VP=H (VBD=H ) (SBAR (S=H (NP (VBG ) (NN ) (NNS=H )) (VP=H (VBP=H ) (ADJP (JJ=H )))))) (. ))),2,87628,"0,081416189"
(ROOT (S=H (NP (NP=H (NN=H )) (PP (IN=H ) (NP (DT ) (NNP ) (NNPS=H )))) (VP=H (VBP=H ) (SBAR (S=H (NP (NNS=H )) (VP=H (VBP=H ) (ADJP (JJ=H )))))) (. ))),2,87630,"0,0814180472"
(ROOT (S=H (NP (NP=H (NNP ) (NNPS ) (NNP=H )) (SBAR (WHNP=H (WP=H )) (S (VP=H (VBP=H ) (ADJP (JJ=H )))))) (VP=H (VBP=H ) (ADJP (JJ=H ))) (. ))),2,87632,"0,0814199055"
(ROOT (S=H (NP (NP=H (NNP ) (NN=H ) (CC ) (NN )) (PP (IN=H ) (NP (DT ) (NNP ) (NNPS=H )))) (VP=H (VBP=H ) (ADJP (JJ=H ))) (. ))),2,87634,"0,0814217637"
(ROOT (S=H (NP (NP=H (NNP ) (NNPS ) (NNP=H )) (PP (VBG=H ) (NP (NNP=H )))) (VP=H (VBP=H ) (ADJP (JJ=H ))) (. ))),2,87636,"0,0814236219"
(ROOT (S=H (NP (NP=H (NNP ) (NNP=H )) (NP (JJ ) (NN ) (CC ) (NN ) (NNS=H ))) (VP=H (VBP=H ) (ADJP (JJ=H ))) (. ))),2,87638,"0,0814254801"
(ROOT (S=H (NP (NP=H (NNP ) (NNP ) (NNP=H )) (CC ) (NP (DT ) (NNP ) (NNP ) (NNS=H ))) (VP=H (VBP=H ) (ADJP (JJ=H ))) (. ))),2,87640,"0,0814273384"
(ROOT (S=H (NP (NNP ) (CC ) (NNP ) (NNP ) (NNPS ) (NNS=H )) (VP=H (VBP=H ) (ADJP (JJ=H ))) (. ))),2,87642,"0,0814291966"
"(ROOT (S=H (S (ADVP (RB=H )) (NP=H (NNP ) (NN=H ) (CD ))) (, ) (NP (NNP=H )) (VP=H (VBP=H ) (ADJP (JJ=H ))) (. )))",2,87644,"0,0814310548"
(ROOT (S=H (NP (NP=H (NNP ) (NNPS ) (ADJP (NP (NN=H )) (JJ=H )) (NNS=H )) (PP (IN=H ) (NP (NN=H )))) (VP=H (VBP=H ) (ADJP (JJ=H ))) (. ))),2,87646,"0,081432913"
(ROOT (S=H (NP (NNP=H )) (VP=H (VBD=H ) (SBAR (S=H (NP (PRP=H )) (VP=H (VBP=H ) (NP (NP=H (NNS=H )) (SBAR (WHNP=H (WDT=H )) (S (VP=H (VBP=H ) (VP (VBN=H ) (SBAR (S=H (NP (NNS=H )) (VP=H (VBP=H ) (ADJP (JJ=H )))))))))))))) (. ))),2,87648,"0,0814347713"
(ROOT (S=H (ADVP (RB=H )) (PP (IN=H ) (NP (NNP ) (NNP=H ))) (NP (PRP=H )) (VP=H (VBP=H ) (ADJP (JJ=H ))) (. ))),2,87650,"0,0814366295"
(ROOT (S=H (NP (NP=H (NP (NNP ) (NNP ) (POS=H )) (NNP ) (NNP=H )) (PP (IN=H ) (NP (NN ) (NNS=H )))) (VP=H (VBP=H ) (ADJP (JJ=H ))) (. ))),2,87652,"0,0814384877"
(ROOT (S=H (NP (NP=H (NNP ) (NNP ) (NNP ) (NNP=H )) (PP (IN=H ) (NP (NNPS=H )))) (VP=H (VBP=H ) (ADJP (JJ=H ))) (. ))),2,87654,"0,0814403459"
(ROOT (S=H (NP (NP=H (DT ) (NNP=H )) (PP (IN=H ) (NP (NP=H (NNP ) (NN ) (NNS=H )) (PP (TO=H ) (NP (NNS=H )))))) (VP=H (VBP=H ) (ADJP (JJ=H ))) (. ))),2,87656,"0,0814422041"
(ROOT (S=H (NP (NP=H (JJ ) (NN=H )) (PP (IN=H ) (NP (NNP ) (NNPS ) (NNS=H )))) (VP=H (VBP=H ) (ADJP (JJ=H ))) (. ))),2,87658,"0,0814440624"
(ROOT (S=H (NP (NP=H (NNP ) (NNPS ) (JJ ) (NNS=H )) (PP (IN=H ) (NP (DT ) (NNP ) (NNPS=H )))) (VP=H (VBP=H ) (ADJP (JJ=H ))) (. ))),2,87660,"0,0814459206"
(ROOT (S=H (NP (NP=H (NNP ) (NNPS ) (JJ ) (NNS=H )) (PP (IN=H ) (NP (NP=H (DT ) (NNP=H )) (PP (IN=H ) (NP (NN=H )))))) (VP=H (VBP=H ) (ADJP (JJ=H ))) (. ))),2,87662,"0,0814477788"
(ROOT (S=H (NP (NP=H (NNP ) (NNPS ) (JJ ) (NNS=H )) (PP (IN=H ) (NP (NNP ) (NNP ) (NNP=H )))) (VP=H (VBP=H ) (ADJP (JJ=H ))) (. ))),2,87664,"0,081449637"
(ROOT (S=H (NP (NP=H (NNP=H )) (CC ) (NP (NNP ) (NN ) (CC ) (NN ) (NNS=H ))) (VP=H (VBP=H ) (ADJP (JJ=H ))) (. ))),2,87666,"0,0814514953"
(ROOT (S=H (NP (NP (NNP ) (POS=H )) (NN=H )) (VP=H (VBP=H ) (SBAR (S=H (NP (NP=H (NNS=H )) (PP (IN=H ) (NP (NN=H )))) (VP=H (VBP=H ) (ADJP (JJ=H )))))) (. ))),2,87668,"0,0814533535"
(ROOT (S=H (NP (NP (NNP ) (NNP=H )) (PRN (-LRB- ) (NP=H (NNP=H ) (CD )) (-RRB- )) (NNS=H )) (VP=H (VBP=H ) (ADJP (JJ=H ))) (. ))),2,87670,"0,0814552117"
(ROOT (S=H (NP (NP=H (NNP ) (NNP=H )) (CC ) (NP (NP=H (DT ) (NNP ) (NNS=H )) (PP (IN=H ) (NP (NNP=H ) (CC ) (NNP ))))) (VP=H (VBP=H ) (ADJP (JJ=H ))) (. ))),2,87672,"0,0814570699"
(ROOT (S=H (NP (NP=H (NNP ) (NNP=H )) (CC ) (NP (DT ) (NNP ) (NN ) (NNS=H ))) (VP=H (VBP=H ) (ADJP (JJ=H ))) (. ))),2,87674,"0,0814589282"
(ROOT (S=H (NP (JJ ) (JJ ) (NN ) (NN ) (NNS ) (NNS=H )) (VP=H (VBP=H ) (ADJP (JJ=H ))) (. ))),2,87676,"0,0814607864"
(ROOT (S=H (NP (NP=H (NNP ) (NNP ) (. ) (NN ) (NN=H )) (PP (TO=H ) (NP (NNS=H )))) (VP=H (VBP=H ) (ADJP (JJ=H ))) (. ))),2,87678,"0,0814626446"
(ROOT (S=H (NP (NP (JJ ) (NN ) (NNS ) (POS=H )) (NN ) (NN=H )) (VP=H (VBP=H ) (ADJP (JJ=H ))) (. ))),2,87680,"0,0814645028"
(ROOT (S=H (NP (NP (NNP ) (NNP ) (NNP ) (NNP ) (NNP ) (NNP=H )) (PRN (-LRB- ) (NP=H (NP=H (CD=H )) (: ) (NP (CD=H ))) (-RRB- )) (NNS=H )) (VP=H (VBP=H ) (ADJP (JJ=H ))) (. ))),2,87682,"0,0814663611"
(ROOT (S=H (NP (NNP ) (NNP ) (NNP=H )) (NP (RBS ) (JJ ) (NN ) (NN ) (NNS=H )) (VP=H (VBP=H ) (ADJP (JJ=H ))) (. ))),2,87684,"0,0814682193"
(ROOT (S=H (NP (NNP=H )) (VP=H (VBZ=H ) (S (VP=H (VBG=H ) (SBAR (S=H (NP (NN ) (NNS=H )) (VP=H (VBP=H ) (ADJP (JJ=H )))))))) (. ))),2,87686,"0,0814700775"
(ROOT (S=H (NP (NP=H (NN ) (NNS ) (NNS=H )) (VP (VBG=H ) (NP (DT ) (NN=H )))) (VP=H (VBP=H ) (ADJP (JJ=H ))) (. ))),2,87688,"0,0814719357"
"(ROOT (S=H (NP (NAC (NNP=H ) (, ) (NNP ) (NNP )) (NN=H )) (VP=H (VBP=H ) (ADJP (JJ=H ))) (. )))",2,87690,"0,0814737939"
"(ROOT (S=H (NP (NP=H (NP (NNP ) (NNP ) (NNP ) (POS=H )) (NNP=H )) (, ) (NP (NNP ) (NNPS ) (NNP=H ))) (VP=H (VBP=H ) (ADJP (JJ=H ))) (. )))",2,87692,"0,0814756522"
(ROOT (S=H (NP (NP=H (NNP ) (NNP=H )) (PP (IN=H ) (NP (NNP ) (JJ ) (NN ) (NNS=H )))) (VP=H (VBP=H ) (ADJP (JJ=H ))) (. ))),2,87694,"0,0814775104"
"(ROOT (S=H (NP (NP=H (NNS ) (, ) (NNS=H ) (CC ) (NNS )) (PP (IN=H ) (NP (NNP ) (NNP=H )))) (VP=H (VBP=H ) (ADJP (JJ=H ))) (. )))",2,87696,"0,0814793686"
(ROOT (S=H (NP (NP=H (NNP ) (NNPS ) (JJ ) (NNS=H )) (PP (IN=H ) (NP (NN ) (NNS=H )))) (VP=H (VBP=H ) (ADJP (JJ=H ))) (. ))),2,87698,"0,0814812268"
(ROOT (S=H (NP (NP=H (CD=H )) (NP (NNP ) (NNP ) (NNP ) (NNPS=H ))) (VP=H (VBP=H ) (ADJP (JJ=H ))) (. ))),2,87700,"0,0814830851"
(ROOT (S=H (S=H (NP (NNP=H )) (VP=H (VBD=H ) (SBAR (S=H (NP (NNS=H )) (VP=H (VBZ=H ) (NP (NP=H (NN=H )) (PP (IN=H ) (NP (CD=H ))))))))) (: ) (S (NP (CD ) (JJ ) (NN=H )) (VP=H (VBP=H ) (ADJP (JJ=H )))) (. ))),2,87702,"0,0814849433"
(ROOT (S=H (NP (NP=H (NNPS ) (NNS=H )) (VP (VBG=H ) (NP (NN=H )))) (VP=H (VBP=H ) (ADJP (JJ=H ))) (. ))),2,87704,"0,0814868015"
(ROOT (S=H (NP (NP=H (NNPS ) (NNS=H )) (VP (VBG=H ) (NP (NNS=H )))) (VP=H (VBP=H ) (ADJP (JJ=H ))) (. ))),2,87706,"0,0814886597"
"(ROOT (S=H (NP (NP=H (NNP=H )) (, ) (NP (NP=H (NNP ) (NNP ) (NNS=H )) (PP (IN=H ) (NP (NN=H ))))) (VP=H (VBP=H ) (ADJP (JJ=H ))) (. )))",2,87708,"0,081490518"
(ROOT (S=H (NP (NP=H (NNP ) (NNP=H )) (PP (IN=H ) (NP (DT ) (NNP ) (NNPS ) (NNP ) (NNP ) (NNP=H )))) (VP=H (VBP=H ) (ADJP (JJ=H ))) (. ))),2,87710,"0,0814923762"
(ROOT (S=H (NP (NP=H (NNP ) (CC ) (NNS ) (NNS=H )) (VP (VBG=H ) (NP (NN=H )) (PP (IN=H ) (NP (JJ ) (NNP=H ))))) (VP=H (VBP=H ) (ADJP (JJ=H ))) (. ))),2,87712,"0,0814942344"
(ROOT (S=H (NP (NP=H (NP (NNP ) (POS=H )) (NNP ) (NNP=H )) (PP (IN=H ) (NP (DT ) (NNP ) (NNPS=H )))) (VP=H (VBP=H ) (ADJP (JJ=H ))) (. ))),2,87714,"0,0814960926"
(ROOT (S=H (NP (NP (NNS ) (POS=H )) (NNP=H )) (VP=H (VBP=H ) (ADJP (JJ=H ))) (. ))),2,87716,"0,0814979508"
(ROOT (NP=H (NP=H (NNP=H ) (CC ) (NNP )) (: ) (S (NP (NP=H (JJ ) (NNP ) (NNP ) (NN ) (NNS=H )) (PP (TO=H ) (NP (NNS=H )))) (VP=H (VBP=H ) (ADJP (JJ=H )))) (. ))),2,87718,"0,0814998091"
(ROOT (S=H (NP (NAC (NNP=H ) (PP (IN=H ) (NP (NNP ) (NNP ) (NNP ) (NNP=H )))) (NNS=H )) (VP=H (VBP=H ) (ADJP (JJ=H ))) (. ))),2,87720,"0,0815016673"
(ROOT (S=H (NP (NP=H (NNP=H )) (PP (IN=H ) (NP (NP=H (NNP ) (NNP=H )) (PP (IN=H ) (NP (NP=H (NNP ) (NNP ) (NNS=H )) (PP (IN=H ) (NP (NN=H )))))))) (VP=H (VBP=H ) (ADJP (JJ=H ))) (. ))),2,87722,"0,0815035255"
(ROOT (S=H (NP (PRP$ ) (JJ ) (NNS ) (NN=H )) (VP=H (VBP=H ) (SBAR (S=H (NP (NNS=H )) (VP=H (VBP=H ) (ADJP (JJ=H )))))) (. ))),2,87724,"0,0815053837"
(ROOT (S=H (NP (PRP$ ) (JJ ) (NNS ) (NN=H )) (VP=H (VBP=H ) (SBAR (S=H (NP (NP=H (NNS=H )) (PP (IN=H ) (NP (NN=H )))) (VP=H (VBP=H ) (ADJP (JJ=H )))))) (. ))),2,87726,"0,081507242"
"(ROOT (S=H (S (NP (NNP ) (NNP=H )) (VP=H (VBD=H ) (PP (IN=H ) (NP (NNP=H ))))) (, ) (NP (NNP=H )) (VP=H (VBP=H ) (ADJP (JJ=H ))) (. )))",2,87728,"0,0815091002"
(ROOT (S=H (NP (JJ ) (NN=H )) (VP=H (VBD=H ) (SBAR (S=H (NP (NN ) (NNS=H )) (VP=H (VBP=H ) (ADJP (JJ=H )))))) (. ))),2,87730,"0,0815109584"
(ROOT (S=H (NP (NP=H (JJ ) (NNS ) (NNS=H )) (VP (VBG=H ) (NP (DT ) (NN=H )))) (VP=H (VBP=H ) (ADJP (JJ=H ))) (. ))),2,87732,"0,0815128166"
(ROOT (S=H (NP (NNP=H )) (VP=H (VBD=H ) (SBAR (S=H (NP (NNS ) (NNP ) (NNP ) (CC ) (NNP ) (NNP=H )) (VP=H (VBP=H ) (ADJP (JJ=H )))))) (. ))),2,87734,"0,0815146749"
(ROOT (S=H (NP (NP=H (JJ ) (NNS ) (NNS=H )) (VP (VBG=H ) (NP (NN=H )) (PP (TO=H ) (NP (NN=H ) (CC ) (NN ))))) (VP=H (VBP=H ) (ADJP (JJ=H ))) (. ))),2,87736,"0,0815165331"
(ROOT (S=H (NP (JJ ) (ADJP (JJ=H ) (PP (TO=H ) (NP (NNS=H )))) (NNS=H )) (VP=H (VBP=H ) (ADJP (JJ=H ))) (. ))),2,87738,"0,0815183913"
(ROOT (S=H (NP (NP=H (NNP=H )) (PP (IN=H ) (NP (NP=H (JJ ) (NN ) (NNS=H )) (PP (IN=H ) (NP (DT ) (NNP ) (NNPS=H )))))) (VP=H (VBP=H ) (ADJP (JJ=H ))) (. ))),2,87740,"0,0815202495"
(ROOT (S=H (NP (PRP=H )) (VP=H (VBZ=H ) (SBAR (S=H (NP (NNS=H )) (VP=H (VBP=H ) (ADJP (JJ=H )))))) (. ))),2,87742,"0,0815221077"
(ROOT (S=H (NP (NP=H (NNP ) (NNP ) (NNP=H )) (PP (IN=H ) (NP (JJS ) (NN ) (NNS=H )))) (VP=H (VBP=H ) (ADJP (JJ=H ))) (. ))),2,87744,"0,081523966"
(ROOT (S=H (NP (PRP=H )) (ADVP (RB=H ) (PP (IN=H ) (NP (CD ) (NNS=H )))) (VP=H (VBP=H ) (ADJP (JJ=H ))) (. ))),2,87746,"0,0815258242"
(ROOT (S=H (NP (NNP=H )) (VP=H (VBD=H ) (SBAR (S=H (NP (NNS=H )) (VP=H (VBD=H ) (SBAR (S=H (NP (PRP=H )) (VP=H (VBD=H ) (SBAR (S=H (NP (NP=H (NNS=H )) (PP (IN=H ) (NP (NNP=H )))) (VP=H (VBD=H ) (SBAR (S=H (NP (NN=H )) (VP=H (VBP=H ) (ADJP (JJ=H ))))))))))))))) (. ))),2,87748,"0,0815276824"
(ROOT (S=H (NP (NNP=H )) (VP=H (VBD=H ) (SBAR (S=H (NP (NNS=H )) (VP=H (VBD=H ) (SBAR (S=H (NP (PRP=H )) (VP=H (VBD=H ) (SBAR (S=H (NP (NP=H (NNS=H )) (PP (IN=H ) (NP (NNP ) (JJ ) (NN=H )))) (VP=H (VBP=H ) (ADJP (JJ=H )))))))))))) (. ))),2,87750,"0,0815295406"
(ROOT (S=H (NP (NNP=H )) (VP=H (VBD=H ) (SBAR (S=H (NP (NNS=H )) (VP=H (VBD=H ) (SBAR (S=H (NP (PRP=H )) (VP=H (VBD=H ) (SBAR (S=H (NP (NP=H (NNS=H )) (PP (IN=H ) (NP (NNP=H )))) (VP=H (VBP=H ) (ADJP (JJ=H )))))))))))) (. ))),2,87752,"0,0815313989"
"(ROOT (S=H (NP (NNP=H )) (, ) (S (VP=H (VBG=H ))) (, ) (NP (NP=H (JJ ) (NN ) (CC ) (NN ) (NNS=H )) (PP (IN=H ) (NP (NN=H )))) (VP=H (VBP=H ) (ADJP (JJ=H ))) (. )))",2,87754,"0,0815332571"
(ROOT (S=H (NP (NN=H )) (VP=H (VBZ=H ) (SBAR (S=H (NP (NNS=H )) (VP=H (VBP=H ) (ADJP (JJ=H )))))) (. ))),2,87756,"0,0815351153"
(ROOT (S=H (NP (NP=H (NNP ) (NNPS ) (NNP ) (NNP=H )) (PP (IN=H ) (NP (NNP ) (NNPS=H )))) (VP=H (VBP=H ) (ADJP (JJ=H ))) (. ))),2,87758,"0,0815369735"
(ROOT (S=H (NP (NP=H (NNP ) (NNP ) (NN ) (NN=H )) (CC ) (NP (NN ) (NNS=H ))) (VP=H (VBP=H ) (ADJP (JJ=H ))) (. ))),2,87760,"0,0815388318"
(ROOT (S=H (NP (NN=H )) (PP (IN=H ) (NP (NNP ) (NNS=H ))) (VP=H (VBP=H ) (ADJP (JJ=H ))) (. ))),2,87762,"0,08154069"
(ROOT (S=H (`` ) (NP (NNP ) (NNP=H )) ('' ) (VP=H (VBD=H ) (SBAR (S=H (NP (JJ ) (NNS=H )) (VP=H (VBP=H ) (ADJP (JJ=H )))))) (. ))),2,87764,"0,0815425482"
(ROOT (S=H (NP (NP=H (PRP=H )) (CC ) (NP (JJ ) (NNS=H ))) (VP=H (VBP=H ) (ADJP (JJ=H ))) (. ))),2,87766,"0,0815444064"
(ROOT (S=H (NP (NP=H (DT ) (NNP=H )) (PP (IN=H ) (NP (JJ ) (NNS=H )))) (VP=H (VBP=H ) (ADJP (JJ=H ))) (. ))),2,87768,"0,0815462646"
(ROOT (S=H (NP (NP=H (NNP ) (NNP=H )) (PP (IN=H ) (NP (NN ) (NNS ) (NNS=H )))) (VP=H (VBP=H ) (ADJP (JJ=H ))) (. ))),2,87770,"0,0815481229"
(ROOT (S=H (NP (NP=H (NNP ) (NNP ) (CC ) (NNP ) (NNP=H )) (PP (IN=H ) (NP (DT ) (NNP ) (NNPS ) (NNP=H )))) (VP=H (VBP=H ) (ADJP (JJ=H ))) (. ))),2,87772,"0,0815499811"
(ROOT (S=H (NP (NNPS ) (CC ) (NNP ) (NNP=H )) (VP=H (VBP=H ) (ADJP (JJ=H ))) (. ))),2,87774,"0,0815518393"
"(ROOT (S=H (NP (NP=H (NNP=H )) (PP (IN=H ) (NP (NP=H (DT ) (NNP ) (NNP=H )) (PP (IN=H ) (NP (NP=H (NNP ) (NNPS=H )) (PP (IN=H ) (NP (NNP ) (, ) (NNP=H )))))))) (VP=H (VBP=H ) (ADJP (JJ=H ))) (. )))",2,87776,"0,0815536975"
(ROOT (S=H (NP (NP=H (JJ ) (NNS ) (NN=H )) (PP (IN=H ) (NP (DT ) (NNPS=H )))) (VP=H (VBP=H ) (ADJP (JJ=H ))) (. ))),2,87778,"0,0815555558"
"(ROOT (S=H (NP (NP=H (NNP=H )) (PP (IN=H ) (NP (NP=H (NNS=H )) (, ) (NP (NNP=H ))))) (VP=H (VBP=H ) (ADJP (JJ=H ))) (. )))",2,87780,"0,081557414"
(ROOT (S=H (NP (NNP=H )) (PRN (-LRB- ) (NP=H (NN=H )) (-RRB- )) (NP (JJ ) (NNS=H )) (VP=H (VBP=H ) (ADJP (JJ=H ))) (. ))),2,87782,"0,0815592722"
(ROOT (S=H (NP (CD ) (NNP ) (NNPS ) (NNS=H )) (ADVP (RB=H )) (VP=H (VBP=H ) (ADJP (JJ=H ))) (. ))),2,87784,"0,0815611304"
(ROOT (S=H (NP (NP=H (NNP=H )) (PP (IN=H ) (NP (NP=H (NNP ) (NNS=H )) (PP (IN=H ) (NP (NN=H ) (CC ) (NN )))))) (VP=H (VBP=H ) (ADJP (JJ=H ))) (. ))),2,87786,"0,0815629887"
(ROOT (S=H (NP (NNP=H )) (PP (IN=H ) (NP (NNP ) (NN ) (NNS=H ))) (VP=H (VBP=H ) (ADJP (JJ=H ))) (. ))),2,87788,"0,0815648469"
"(ROOT (S=H (NP (NP=H (NNP ) (, ) (NNP=H ) (CC ) (NNP )) (NP (JJ ) (NNS=H ))) (VP=H (VBP=H ) (ADJP (JJ=H ))) (. )))",2,87790,"0,0815667051"
(ROOT (S=H (NP (DT ) (NN=H )) (PRN (-LRB- ) (NP=H (NN=H )) (-RRB- )) (NP (JJ ) (NNS=H )) (VP=H (VBP=H ) (ADJP (JJ=H ))) (. ))),2,87792,"0,0815685633"
(ROOT (S=H (NP (NP=H (NNP=H )) (PP (IN=H ) (NP (NP=H (DT ) (NNP=H )) (PP (IN=H ) (NP (NNP ) (NNP ) (NNPS=H )))))) (VP=H (VBP=H ) (ADJP (JJ=H ))) (. ))),2,87794,"0,0815704215"
(ROOT (S=H (NP (NNP=H )) (VP=H (VBD=H ) (SBAR (S=H (NP (NP=H (NNS=H )) (PP (IN=H ) (NP (NP=H (NNS=H )) (PP (IN=H ) (NP (DT ) (NNPS=H )))))) (VP=H (VBP=H ) (ADJP (JJ=H )))))) (. ))),2,87796,"0,0815722798"
(ROOT (S=H (NP (NP=H (NNP ) (NNP=H )) (CC ) (NP (DT ) (NNP ) (NNP ) (NNP ) (NNP ) (NNS=H ))) (VP=H (VBP=H ) (ADJP (JJ=H ))) (. ))),2,87798,"0,081574138"
(ROOT (S=H (NP (NNP=H )) (ADVP (RB=H )) (NP (NP=H (JJ ) (NNS=H )) (PP (IN=H ) (NP (VBG ) (NNS=H )))) (VP=H (VBP=H ) (ADJP (JJ=H ))) (. ))),2,87800,"0,0815759962"
(ROOT (S=H (NP (NAC (NNP=H ) (PP (IN=H ) (NP (DT ) (JJ ) (NN=H )))) (NNS=H )) (VP=H (VBP=H ) (ADJP (JJ=H ))) (. ))),2,87802,"0,0815778544"
(ROOT (S=H (NP (NP (JJ ) (JJ ) (NNS ) (POS=H )) (NN ) (NN=H )) (VP=H (VBP=H ) (ADJP (JJ=H ))) (. ))),2,87804,"0,0815797127"
(ROOT (S=H (NP (NP=H (NNP=H )) (PP (IN=H ) (NP (NP=H (NNP ) (NNP=H )) (PP (IN=H ) (NP (NP=H (NP (DT ) (NNS ) (POS=H )) (NNP=H )) (PP (IN=H ) (NP (NNP=H )))))))) (VP=H (VBP=H ) (ADJP (JJ=H ))) (. ))),2,87806,"0,0815815709"
(ROOT (S=H (VP=H (VB=H ) (NP (NP=H (DT ) (NN=H )) (SBAR (S=H (NP (NNP ) (NNP=H )) (VP=H (VBP=H ) (ADJP (JJ=H ))))))) (. ))),2,87808,"0,0815834291"
(ROOT (S=H (VP=H (VB=H ) (NP (NP=H (DT ) (NN=H )) (SBAR (S=H (NP (NNP=H )) (VP=H (VBP=H ) (ADJP (JJ=H ))))))) (. ))),2,87810,"0,0815852873"
(ROOT (FRAG=H (NP (NN ) (NNS=H )) (: ) (S=H (NP (NNP=H )) (VP=H (VBP=H ) (ADJP (JJ=H )))) (. ))),2,87812,"0,0815871456"
"(ROOT (S=H (NP (JJ ) (NAC (NNP=H ) (, ) (NNP )) (NNP ) (NNP=H )) (VP=H (VBP=H ) (ADJP (JJ=H ))) (. )))",2,87814,"0,0815890038"
(ROOT (S=H (NP (NP=H (NNP ) (NNP=H )) (PP (IN=H ) (NP (NP=H (JJ ) (NNS=H )) (SBAR (WHNP=H (WP=H )) (S (VP=H (VBD=H ) (NP (NNS=H )))))))) (VP=H (VBP=H ) (ADJP (JJ=H ))) (. ))),2,87816,"0,081590862"
(ROOT (S=H (NP (NP=H (NNP ) (NNP=H )) (PP (IN=H ) (NP (NN ) (NNS ) (NNS=H ))) (SBAR (WHNP=H (WP=H )) (S (VP=H (VBD=H ) (NP (NNS=H )))))) (VP=H (VBP=H ) (ADJP (JJ=H ))) (. ))),2,87818,"0,0815927202"
(ROOT (S=H (NP (NP=H (NNP ) (NNP ) (NNP=H )) (PP (IN=H ) (NP (JJS ) (NNP ) (NN ) (NNS=H )))) (VP=H (VBP=H ) (ADJP (JJ=H ))) (. ))),2,87820,"0,0815945784"
(ROOT (S=H (NP (NP (CD ) (NNS ) (POS=H )) (NNP ) (NNP ) (NN=H )) (VP=H (VBP=H ) (ADJP (JJ=H ))) (. ))),2,87822,"0,0815964367"
"(ROOT (S=H (PP (IN=H ) (NP (NNP=H ))) (, ) (NP (NNP ) (NN ) (NNS=H )) (VP=H (VBP=H ) (ADJP (JJ=H ))) (. )))",2,87824,"0,0815982949"
(ROOT (S=H (NP (NP=H (NNP ) (NNS ) (NN=H )) (PP (IN=H ) (NP (DT ) (NNP ) (NNPS=H )))) (VP=H (VBP=H ) (ADJP (JJ=H ))) (. ))),2,87826,"0,0816001531"
(ROOT (S=H (NP (DT ) (NNP ) (CC ) (NNP ) (NNP ) (NN ) (NNS=H )) (VP=H (VBP=H ) (ADJP (JJ=H ))) (. ))),2,87828,"0,0816020113"
(ROOT (S=H (NP (NP=H (NNP ) (NNP=H )) (PP (IN=H ) (NP (NP=H (DT ) (JJ ) (NN=H )) (PP (IN=H ) (NP (DT ) (NNP ) (CC ) (NNP ) (NNP ) (NNP ) (NNPS ) (NNP ) (NN ) (NNS=H )))))) (VP=H (VBP=H ) (ADJP (JJ=H ))) (. ))),2,87830,"0,0816038696"
(ROOT (S=H (NP (NP=H (NP (NNP ) (POS=H )) (NNP=H )) (PP (TO=H ) (NP (DT ) (NNP ) (NNS=H )))) (VP=H (VBP=H ) (ADJP (JJ=H ))) (. ))),2,87832,"0,0816057278"
(ROOT (S=H (NP (NP=H (NNP=H ) (. )) (PP (IN=H ) (NP (DT ) (NNP ) (NNS=H )))) (VP=H (VBP=H ) (ADJP (JJ=H ))) (. ))),2,87834,"0,081607586"
(ROOT (S=H (S=H (VP=H (VBG=H ) (PP (IN=H ) (NP (DT ) (NNP ) (NNP=H ))))) (CC ) (S (NP (NNP ) (NNPS=H )) (VP=H (VBP=H ) (ADJP (JJ=H )))) (. ))),2,87836,"0,0816094442"
(ROOT (S=H (NP (NP=H (NNP ) (NNP ) (NNPS ) (NNP=H )) (PP (IN=H ) (NP (DT ) (NNP ) (NNP=H )))) (VP=H (VBP=H ) (ADJP (JJ=H ))) (. ))),2,87838,"0,0816113025"
(ROOT (S=H (NP (NP=H (JJ ) (NN=H )) (PP (IN=H ) (NP (NP=H (DT ) (JJ ) (NNS=H )) (PP (IN=H ) (NP (DT ) (NNP ) (NNP=H )))))) (VP=H (VBP=H ) (ADJP (JJ=H ))) (. ))),2,87840,"0,0816131607"
(ROOT (S=H (NP (NP=H (NNP ) (NNP=H )) (PP (IN=H ) (NP (NP=H (DT ) (JJ ) (NNS=H )) (PP (IN=H ) (NP (DT ) (NNP ) (NNP=H )))))) (VP=H (VBP=H ) (ADJP (JJ=H ))) (. ))),2,87842,"0,0816150189"
(ROOT (S=H (NP (NNP ) (NNP ) (NNP ) (CC ) (NNP ) (NNP ) (NNP ) (NNP ) (NNS=H )) (VP=H (VBP=H ) (ADJP (JJ=H ))) (. ))),2,87844,"0,0816168771"
(ROOT (NP=H (NP=H (NNP=H )) (: ) (S (NP (NNP ) (NNP ) (NNPS ) (NN=H )) (VP=H (VBP=H ) (ADJP (JJ=H )))) (. ))),2,87846,"0,0816187353"
(ROOT (S=H (NP (NP (DT ) (NNP ) (NNS=H )) (PRN (-LRB- ) (NP=H (NN ) (NN=H )) (-RRB- )) (NNS=H )) (VP=H (VBP=H ) (ADJP (JJ=H ))) (. ))),2,87848,"0,0816205936"
(ROOT (S=H (NP (NNP=H )) (VP=H (VBD=H ) (NP (NP=H (NNS=H )) (SBAR (S=H (NP (DT ) (NNP=H )) (VP=H (VBP=H ) (ADJP (JJ=H ))))))) (. ))),2,87850,"0,0816224518"
(ROOT (S=H (NP (NNP=H )) (VP=H (VBD=H ) (NP (NP=H (NNS=H )) (SBAR (S=H (NP (DT ) (NNP ) (JJ ) (NN=H )) (VP=H (VBP=H ) (ADJP (JJ=H ))))))) (. ))),2,87852,"0,08162431"
(ROOT (S=H (NP (NP=H (NNPS ) (CC ) (NNP ) (NNP=H )) (PP (IN=H ) (NP (DT ) (NNP ) (NNPS=H )))) (VP=H (VBP=H ) (ADJP (JJ=H ))) (. ))),2,87854,"0,0816261682"
(ROOT (S=H (NP (NP=H (NNP ) (NNP ) (NNP ) (. ) (NN ) (NN=H )) (PP (TO=H ) (NP (NNS=H )))) (VP=H (VBP=H ) (ADJP (JJ=H ))) (. ))),2,87856,"0,0816280265"
(ROOT (S=H (NP (NP=H (NNP ) (NNP ) (FW ) (NNP ) (NNP=H )) (NP (NNS=H ))) (VP=H (VBP=H ) (ADJP (JJ=H ))) (. ))),2,87858,"0,0816298847"
(ROOT (NP=H (NP=H (NNS=H )) (: ) (S (NP (NNP ) (NN ) (NNS=H )) (VP=H (VBP=H ) (ADJP (JJ=H )))) (. ))),2,87860,"0,0816317429"
(ROOT (S=H (NP (NNP=H )) (ADVP (RB=H )) (VP=H (VBP=H ) (SBAR (S=H (NP (JJ ) (NNS=H )) (VP=H (VBP=H ) (ADJP (JJ=H )))))) (. ))),2,87862,"0,0816336011"
(ROOT (S=H (NP (NNP=H )) (PP (IN=H ) (NP (JJ ) (NNS=H ))) (VP=H (VBP=H ) (ADJP (JJ=H ))) (. ))),2,87864,"0,0816354594"
(ROOT (S=H (NP (NP=H (NNP=H )) (PP (IN=H ) (NP (NP=H (DT ) (JJ=H )) (PP (IN=H ) (NP (DT ) (NNP ) (NNPS=H )))))) (VP=H (VBP=H ) (ADJP (JJ=H ))) (. ))),2,87866,"0,0816373176"
(ROOT (S=H (NP (NNP ) (NNS ) (NX=H (JJ ) (NNS=H ))) (VP=H (VBP=H ) (ADJP (JJ=H ))) (. ))),2,87868,"0,0816391758"
(ROOT (S=H (NP (NP=H (NNP ) (NN=H )) (PP (IN=H ) (NP (DT ) (NNP ) (NNP ) (NNS=H )))) (VP=H (VBP=H ) (ADJP (JJ=H ))) (. ))),2,87870,"0,081641034"
(ROOT (S=H (NP (NP=H (NNP=H )) (CC ) (NP (PRP$ ) (NN ) (NNS=H ))) (VP=H (VBP=H ) (ADJP (JJ=H ))) (. ))),2,87872,"0,0816428923"
(ROOT (NP=H (NP=H (NNP=H )) (: ) (NP (NP=H (NNP ) (NNP=H )) (SBAR (S=H (NP (NP=H (JJ ) (NNS=H )) (PP (IN=H ) (NP (DT ) (NNP ) (NNPS=H )))) (VP=H (VBP=H ) (ADJP (JJ=H )))))) (. ))),2,87874,"0,0816447505"
(ROOT (S=H (NP (NNP ) (NNP=H )) (VP=H (VBP=H ) (SBAR (S=H (NP (NP=H (NN ) (NNS=H )) (PP (IN=H ) (NP (DT ) (NNP ) (NNP=H )))) (VP=H (VBP=H ) (ADJP (JJ=H )))))) (. ))),2,87876,"0,0816466087"
(ROOT (S=H (NP (NP=H (RB ) (NN ) (NN=H )) (PP (IN=H ) (NP (DT ) (NNP ) (NNPS=H )))) (VP=H (VBP=H ) (ADJP (JJ=H ))) (. ))),2,87878,"0,0816484669"
(ROOT (S=H (NP (NNP ) (NNPS ) (NNPS ) (NNS=H )) (ADVP (RB=H )) (VP=H (VBP=H ) (ADJP (JJ=H ))) (. ))),2,87880,"0,0816503251"
(ROOT (S=H (NP (NP=H (NNP ) (NNPS ) (NNP=H )) (PP (IN=H ) (NP (JJ ) (NNP ) (NNS=H )))) (VP=H (VBP=H ) (ADJP (JJ=H ))) (. ))),2,87882,"0,0816521834"
(ROOT (S=H (NP (NP=H (NP (JJ ) (NNS ) (POS=H )) (NNS=H )) (PP (IN=H ) (NP (DT ) (NNP ) (NNP=H )))) (VP=H (VBP=H ) (ADJP (JJ=H ))) (. ))),2,87884,"0,0816540416"
(ROOT (S=H (NP (NP=H (NP (JJ ) (NNS ) (POS=H )) (NNS=H )) (PP (IN=H ) (NP (NNP ) (NNP=H )))) (VP=H (VBP=H ) (ADJP (JJ=H ))) (. ))),2,87886,"0,0816558998"
(ROOT (S=H (NP (NNP=H )) (VP=H (VBD=H ) (NP (NP=H (NNS=H )) (SBAR (S=H (NP (NP=H (DT ) (NNP ) (PRN (-LRB- ) (NP=H (NP=H (NNP ) (NNP=H )) (NP (NN=H ))) (-RRB- )) (NN=H )) (ADJP (NP (CD ) (NNS=H )) (JJ=H ))) (VP=H (VBP=H ) (ADJP (JJ=H ))))))) (. ))),2,87888,"0,081657758"
(ROOT (S=H (NP (NNP=H )) (VP=H (VBD=H ) (NP (NP=H (NNS=H )) (SBAR (S=H (NP (NP=H (DT ) (NNP ) (PRN (-LRB- ) (NP=H (NP=H (NNP ) (NNP=H )) (NP (NN=H ))) (-RRB- )) (NN=H )) (ADJP (CD ) (JJ ) (NN=H ))) (VP=H (VBP=H ) (ADJP (JJ=H ))))))) (. ))),2,87890,"0,0816596163"
(ROOT (S=H (NP (NNP ) (NNP ) (NNP ) (NNP ) (CC ) (NNP ) (NNP ) (NNP ) (NNP=H )) (VP=H (VBP=H ) (ADJP (JJ=H ))) (. ))),2,87892,"0,0816614745"
(ROOT (S=H (NP (NP=H (NNP=H )) (PP (IN=H ) (NP (NP=H (VBN ) (NN=H )) (PP (IN=H ) (NP (DT ) (NNP ) (NNPS=H )))))) (VP=H (VBP=H ) (ADJP (JJ=H ))) (. ))),2,87894,"0,0816633327"
(ROOT (S=H (NP (DT ) (NNP=H )) (PRN (-LRB- ) (NP=H (NN=H )) (-RRB- )) (NP (JJ ) (NNS=H )) (VP=H (VBP=H ) (ADJP (JJ=H ))) (. ))),2,87896,"0,0816651909"
"(ROOT (S=H (NP (NP=H (NNP=H )) (PP (IN=H ) (NP (NP=H (NNP=H )) (, ) (NP (NP=H (NNP ) (NNP=H )) (PP (IN=H ) (NP (NN ) (NNS=H ))))))) (VP=H (VBP=H ) (ADJP (JJ=H ))) (. )))",2,87898,"0,0816670492"
(ROOT (S=H (NP (NP=H (NNP=H )) (PP (IN=H ) (NP (NP=H (DT ) (NNP ) (NNPS=H )) (PP (IN=H ) (NP (NP=H (NP (DT ) (NNS ) (POS=H )) (NNP=H )) (PP (IN=H ) (NP (NNP=H )))))))) (VP=H (VBP=H ) (ADJP (JJ=H ))) (. ))),2,87900,"0,0816689074"
(ROOT (S=H (NP (NP=H (NNP ) (NN=H ) (CC ) (NN )) (PP (IN=H ) (NP (DT ) (NNPS=H )))) (VP=H (VBP=H ) (ADJP (JJ=H ))) (. ))),2,87902,"0,0816707656"
(ROOT (S=H (NP (NP=H (NNP=H )) (PP (IN=H ) (NP (NP=H (JJ ) (JJ ) (NNS=H )) (PP (IN=H ) (NP (DT ) (NNP ) (NNP=H )))))) (VP=H (VBP=H ) (ADJP (JJ=H ))) (. ))),2,87904,"0,0816726238"
(ROOT (S=H (NP (PRP$ ) (NNP ) (NNP ) (NNPS ) (NNS=H )) (VP=H (VBP=H ) (ADJP (JJ=H ))) (. ))),2,87906,"0,081674482"
(ROOT (S=H (NP (NNP=H )) (VP=H (VBP=H ) (SBAR (S=H (NP (NP=H (NN ) (NNS=H )) (PP (IN=H ) (NP (DT ) (NNP ) (NNPS=H )))) (VP=H (VBP=H ) (ADJP (JJ=H )))))) (. ))),2,87908,"0,0816763403"
(ROOT (S=H (NP (NP=H (NP=H (JJ ) (NNS ) (NNS=H )) (PP (IN=H ) (NP (NNP=H )))) (PRN (-LRB- ) (NNP ) (NN=H ) (-RRB- ))) (VP=H (VBP=H ) (ADJP (JJ=H ))) (. ))),2,87910,"0,0816781985"
(ROOT (FRAG=H (NP (NNP ) (NNP ) (NNP ) (NNP=H )) (: ) (S=H (NP (NP=H (NN=H )) (PP (IN=H ) (NP (DT ) (NNP ) (NN ) (NNS=H )))) (VP=H (VBP=H ) (ADJP (JJ=H )))) (. ))),2,87912,"0,0816800567"
(ROOT (S=H (NP (NNP ) (NNP=H )) (PRN (-LRB- ) (NP=H (NN=H )) (-RRB- )) (NP (NN ) (CC ) (NN ) (NNS=H )) (VP=H (VBP=H ) (ADJP (JJ=H ))) (. ))),2,87914,"0,0816819149"
(ROOT (S=H (NP (NNP ) (NNP=H )) (PRN (-LRB- ) (NP=H (CD ) (NN ) (NN=H )) (-RRB- )) (NP (NP (NN=H )) (CD ) (NNS=H )) (VP=H (VBP=H ) (ADJP (JJ=H ))) (. ))),2,87916,"0,0816837732"
(ROOT (S=H (NP (NNP=H )) (VP=H (VBD=H ) (SBAR (S=H (NP (NP=H (NN ) (NNS=H )) (PP (IN=H ) (NP (DT ) (NNPS=H )))) (VP=H (VBP=H ) (ADJP (JJ=H )))))) (. ))),2,87918,"0,0816856314"
(ROOT (S=H (NP (NP (NNP ) (NNS ) (POS=H )) (NN=H )) (VP=H (VBD=H ) (SBAR (S=H (NP (NNP ) (NNP ) (NNS=H )) (VP=H (VBP=H ) (ADJP (JJ=H )))))) (. ))),2,87920,"0,0816874896"
(ROOT (S=H (NP (NP=H (NNP ) (NNP=H )) (NP (JJ ) (NNPS=H ))) (VP=H (VBP=H ) (ADJP (JJ=H ))) (. ))),2,87922,"0,0816893478"
(ROOT (NP=H (NP=H (NN=H )) (: ) (S (NP (NNP=H )) (VP=H (VBP=H ) (ADJP (JJ=H )))) (. ))),2,87924,"0,0816912061"
(ROOT (NP=H (NP=H (NNP ) (NNP=H )) (: ) (S (NP (NNP ) (JJ ) (NN=H )) (VP=H (VBP=H ) (ADJP (JJ=H )))) (. ))),2,87926,"0,0816930643"
(ROOT (S=H (NP (NP (NP (JJ ) (CD ) (NNP ) (NNS=H )) (POS=H )) (NN=H )) (VP=H (VBP=H ) (ADJP (JJ=H ))) (. ))),2,87928,"0,0816949225"
(ROOT (S=H (NP (NP=H (NNP ) (NNP ) (NNPS ) (NNP=H )) (PP (IN=H ) (NP (NNP ) (NNS=H )))) (VP=H (VBP=H ) (ADJP (JJ=H ))) (. ))),2,87930,"0,0816967807"
(ROOT (S=H (NP (NP=H (JJ ) (NNS ) (NNS=H )) (PP (VBN=H ) (PP (IN=H ) (NP (DT ) (NNP ) (NNPS=H ))))) (VP=H (VBP=H ) (ADJP (JJ=H ))) (. ))),2,87932,"0,0816986389"
(ROOT (S=H (NP (NP=H (VBG=H )) (PP (IN=H ) (NP (DT ) (NNP ) (NNS=H )))) (VP=H (VBP=H ) (ADJP (JJ=H ))) (. ))),2,87934,"0,0817004972"
(ROOT (S=H (NP (NP=H (NP (NNP ) (NNS ) (POS=H )) (NN ) (NN=H )) (PP (IN=H ) (NP (DT ) (NNP ) (NNPS=H )))) (VP=H (VBP=H ) (ADJP (JJ=H ))) (. ))),2,87936,"0,0817023554"
(ROOT (S=H (NP (NP=H (JJ ) (NNS ) (NNS=H )) (VP (VBG=H ) (NP (NN=H )) (PP (TO=H ) (NP (NN=H ))))) (VP=H (VBP=H ) (ADJP (JJ=H ))) (. ))),2,87938,"0,0817042136"
(ROOT (S=H (NP (NP=H (NNP ) (NNPS ) (ADJP (JJ ) (JJ=H )) (NNS=H )) (PP (IN=H ) (NP (NN=H )))) (VP=H (VBP=H ) (ADJP (JJ=H ))) (. ))),2,87940,"0,0817060718"
(ROOT (S=H (NP (NP (JJ ) (NNS ) (POS=H )) (JJ ) (NNP ) (NNS=H )) (VP=H (VBP=H ) (ADJP (JJ=H ))) (. ))),2,87942,"0,0817079301"
(ROOT (S=H (NP (NP=H (NP (NNPS ) (POS=H )) (NNP=H )) (PP (IN=H ) (NP (NNP ) (NNS=H )))) (VP=H (VBP=H ) (ADJP (JJ=H ))) (. ))),2,87944,"0,0817097883"
(ROOT (NP=H (NP=H (NN=H )) (: ) (S (NP (NNS=H )) (VP=H (VBP=H ) (ADJP (JJ=H )))) (. ))),2,87946,"0,0817116465"
(ROOT (S=H (NP (NP=H (NNP=H )) (PP (IN=H ) (NP (NP=H (JJ ) (NNS ) (NNS=H )) (PP (IN=H ) (NP (NN=H )))))) (VP=H (VBP=H ) (ADJP (JJ=H ))) (. ))),2,87948,"0,0817135047"
(ROOT (S=H (NP (NP=H (NNP=H )) (PP (IN=H ) (NP (DT ) (JJ ) (NN ) (NNS=H )))) (VP=H (VBP=H ) (ADJP (JJ=H ))) (. ))),2,87950,"0,081715363"
"(ROOT (S=H (NP (ADJP (JJ=H ) (NP-TMP (NP=H (NN ) (NN=H )) (, ) (NP (NNS=H )))) (NN ) (NNS=H )) (VP=H (VBP=H ) (ADJP (JJ=H ))) (. )))",2,87952,"0,0817172212"
(ROOT (S=H (NP (NP=H (NNP ) (NNP ) (NNPS ) (NNP=H )) (PP (IN=H ) (NP (DT ) (NNP=H )))) (VP=H (VBP=H ) (ADJP (JJ=H ))) (. ))),2,87954,"0,0817190794"
(ROOT (S=H (NP (NP=H (NNP ) (NN=H )) (PP (IN=H ) (NP (JJ ) (NN ) (NN ) (NNS=H )))) (VP=H (VBP=H ) (ADJP (JJ=H ))) (. ))),2,87956,"0,0817209376"
(ROOT (S=H (NP (NP=H (NNP ) (NNP=H )) (PP (IN=H ) (NP (NP=H (NNPS=H )) (PP (IN=H ) (NP (NNP ) (NNS=H )))))) (VP=H (VBP=H ) (ADJP (JJ=H ))) (. ))),2,87958,"0,0817227958"
(ROOT (S=H (NP (NP=H (NNP=H )) (CC ) (NP (NP=H (NN ) (NNS ) (NNS=H )) (PP (IN=H ) (NP (NN=H ))))) (VP=H (VBP=H ) (ADJP (JJ=H ))) (. ))),2,87960,"0,0817246541"
(ROOT (S=H (NP (NP=H (NNS ) (CC ) (NNS ) (NNS=H )) (VP (VBG=H ) (NP (NNS=H )))) (VP=H (VBP=H ) (ADJP (JJ=H ))) (. ))),2,87962,"0,0817265123"
(ROOT (S=H (NP (NP=H (NNP ) (NNP ) (NNP=H )) (PP (IN=H ) (NP (NP=H (NNP=H )) (PP (IN=H ) (NP (DT ) (NN ) (NNS=H )))))) (VP=H (VBP=H ) (ADJP (JJ=H ))) (. ))),2,87964,"0,0817283705"
(ROOT (NP=H (NP=H (NN=H )) (: ) (S (NP (NNP ) (NNP=H )) (VP=H (VBP=H ) (ADJP (JJ=H )))) (. ))),2,87966,"0,0817302287"
(ROOT (S=H (NP (NP=H (NNP=H )) (CC ) (NP (PRP$ ) (JJ ) (NNS=H ))) (VP=H (VBP=H ) (ADJP (JJ=H ))) (. ))),2,87968,"0,081732087"
(ROOT (S=H (NP (NP=H (JJ ) (NN ) (CC ) (NN ) (NNS=H )) (VP (VBG=H ) (NP (NN=H )) (PP (TO=H ) (NP (NN=H ) (CC ) (NN ))))) (VP=H (VBP=H ) (ADJP (JJ=H ))) (. ))),2,87970,"0,0817339452"
(ROOT (S=H (NP (NP=H (JJ ) (NN ) (CC ) (NN ) (NNS=H )) (VP (VBG=H ) (NP (NN=H )) (PP (TO=H ) (NP (NN=H ))))) (VP=H (VBP=H ) (ADJP (JJ=H ))) (. ))),2,87972,"0,0817358034"
(ROOT (S=H (NP (NP=H (NP (NNP ) (NNS ) (POS=H )) (NN ) (NN ) (NN ) (NNS=H )) (PP (IN=H ) (NP (DT ) (NNP ) (NNPS=H )))) (VP=H (VBP=H ) (ADJP (JJ=H ))) (. ))),2,87974,"0,0817376616"
(ROOT (NP=H (NP=H (NNP ) (NNP ) (NNP=H )) (: ) (S (NP (CD=H )) (VP=H (VBP=H ) (ADJP (JJ=H )))) (. ))),2,87976,"0,0817395199"
(ROOT (S=H (NP (NP=H (NNP ) (JJ ) (NN=H )) (PP (IN=H ) (NP (NP=H (DT ) (NNP ) (NNPS=H )) (PP (IN=H ) (NP (NN=H )))))) (VP=H (VBP=H ) (ADJP (JJ=H ))) (. ))),2,87978,"0,0817413781"
"(ROOT (S=H (NP-TMP (NP=H (JJ ) (NN=H )) (NP (CD=H ))) (, ) (NP (NNP=H )) (VP=H (VBP=H ) (ADJP (JJ=H ))) (. )))",2,87980,"0,0817432363"
(ROOT (S=H (NP (NP=H (NN ) (NN ) (NN=H )) (PP (IN=H ) (NP (NP=H (DT ) (NNP ) (NNPS=H )) (PP (IN=H ) (NP (NN=H )))))) (VP=H (VBP=H ) (ADJP (JJ=H ))) (. ))),2,87982,"0,0817450945"
(ROOT (S=H (S (NP (NNS=H )) (VP=H (VBN=H ) (PP (IN=H ) (NP (NNP ) (`` ) (NNP ) (NNP=H ) ('' ))))) (NP (NNP=H )) (VP=H (VBP=H ) (ADJP (JJ=H ))) (. ))),2,87984,"0,0817469527"
(ROOT (S=H (NP (NP=H (NNP=H )) (PP (IN=H ) (NP (NP=H (NNS=H )) (PP (IN=H ) (NP (DT ) (NNP ) (NNP ) (NNPS=H )))))) (VP=H (VBP=H ) (ADJP (JJ=H ))) (. ))),2,87986,"0,081748811"
(ROOT (S=H (NP (NNP=H )) (VP=H (VBD=H ) (SBAR (S=H (NP (NNS ) (JJ ) (NN=H )) (VP=H (VBZ=H ) (SBAR (S=H (NP (JJ ) (NN=H )) (VP=H (VBP=H ) (ADJP (JJ=H ))))))))) (. ))),2,87988,"0,0817506692"
(ROOT (S=H (SBAR (WHADVP=H (WRB=H )) (S (NP (PRP=H )) (VP=H (VBZ=H ) (NP (PRP$ ) (NNP ) (NN ) (NNS=H ))))) (VP=H (VBP=H ) (ADJP (JJ=H ))) (. ))),2,87990,"0,0817525274"
(ROOT (S=H (NP (NP=H (NNP ) (NNPS ) (NNP ) (NNP=H )) (PP (IN=H ) (NP (DT ) (JJ ) (NN=H )))) (VP=H (VBP=H ) (ADJP (JJ=H ))) (. ))),2,87992,"0,0817543856"
(ROOT (NP=H (NP=H (NNP=H )) (: ) (S (NP (NNP ) (NNP=H ) (CD )) (VP=H (VBP=H ) (ADJP (JJ=H )))) (. ))),2,87994,"0,0817562439"
(ROOT (S=H (NP (NP=H (NNP ) (NNP ) (NNP=H )) (CC ) (NP (DT ) (NNS=H ))) (VP=H (VBP=H ) (ADJP (JJ=H ))) (. ))),2,87996,"0,0817581021"
(ROOT (S=H (NP (NP=H (NNP=H )) (VP (VBG=H ) (NP (NNS=H )) (PP (IN=H ) (NP (JJ ) (NNS=H ))))) (VP=H (VBP=H ) (ADJP (JJ=H ))) (. ))),2,87998,"0,0817599603"
(ROOT (S=H (NP (NP=H (NNP ) (CC ) (NP (NNP ) (POS=H )) (NNPS=H )) (ADJP (JJ=H ) (PP (IN=H ) (NP (NN=H ))))) (VP=H (VBP=H ) (ADJP (JJ=H ))) (. ))),2,88000,"0,0817618185"
(ROOT (S=H (NP (PRP=H )) (VP=H (VBP=H ) (NP (NP=H (DT ) (NNP=H )) (SBAR (S=H (VP=H (VBP=H ) (ADJP (JJ=H ))))))) (. ))),2,88002,"0,0817636768"
(ROOT (S=H (NP (JJ ) (NN=H )) (VP=H (VBZ=H ) (SBAR (S=H (NP (NP=H (NNS=H )) (PP (IN=H ) (NP (NNP ) (NNP=H )))) (VP=H (VBP=H ) (ADJP (JJ=H )))))) (. ))),2,88004,"0,081765535"
(ROOT (S=H (NP (CD ) (NNP ) (NNPS ) (NN=H )) (VP=H (VBZ=H ) (SBAR (S=H (NP (NNS=H )) (VP=H (VBP=H ) (ADJP (JJ=H )))))) (. ))),2,88006,"0,0817673932"
"(ROOT (S=H (S (NP=H (NP=H (NNP=H )) (PP (IN=H ) (NP (NNP=H ) (CC ) (NNP ))))) (, ) (NP (NNP=H )) (VP=H (VBP=H ) (ADJP (JJ=H ))) (. )))",2,88008,"0,0817692514"
(ROOT (S=H (NP (NP=H (NNP ) (NNPS ) (NNP ) (NNP ) (NNS=H )) (CC ) (NP (NP=H (NNS=H )) (PP (IN=H ) (NP (DT ) (JJ ) (NN=H ))))) (VP=H (VBP=H ) (ADJP (JJ=H ))) (. ))),2,88010,"0,0817711096"
(ROOT (S=H (NP (NP=H (NNP ) (NNPS ) (NNP ) (NNS=H )) (CC ) (NP (NP=H (NNS=H )) (PP (IN=H ) (NP (DT ) (JJ ) (NN=H ))))) (VP=H (VBP=H ) (ADJP (JJ=H ))) (. ))),2,88012,"0,0817729679"
(ROOT (S=H (NP (NNP ) (NNP=H )) (ADVP (RB=H )) (VP=H (VBP=H ) (SBAR (S=H (NP (NN ) (NNS=H )) (VP=H (VBP=H ) (ADJP (JJ=H )))))) (. ))),2,88014,"0,0817748261"
"(ROOT (S=H (NP (NP=H (NNP ) (NNP=H )) (PP (IN=H ) (NP (NP=H (NNP ) (NNPS ) (NNP=H )) (PP (IN=H ) (NP (NNP ) (, ) (NNP=H )))))) (VP=H (VBP=H ) (ADJP (JJ=H ))) (. )))",2,88016,"0,0817766843"
(ROOT (S=H (NP (NP=H (NNP=H )) (CC ) (NP (NP=H (JJ ) (NNS=H )) (PP (IN=H ) (NP (DT ) (NNP ) (NNPS=H ))))) (VP=H (VBP=H ) (ADJP (JJ=H ))) (. ))),2,88018,"0,0817785425"
(ROOT (S=H (NP (NP=H (DT ) (NN=H )) (PP (IN=H ) (NP (NNP ) (CC ) (NNP ) (NN ) (NNS=H ))) (PP (TO=H ) (NP (NNS=H )))) (VP=H (VBP=H ) (ADJP (JJ=H ))) (. ))),2,88020,"0,0817804008"
(ROOT (NP=H (NP=H (NNP ) (NNS=H )) (: ) (S (NP (NNP=H )) (VP=H (VBP=H ) (ADJP (JJ=H )))) (. ))),2,88022,"0,081782259"
(ROOT (S=H (NP (NP (NNP ) (NNP=H )) (PRN (-LRB- ) (NNP=H ) (-RRB- )) (NNS=H )) (VP=H (VBP=H ) (ADJP (JJ=H ))) (. ))),2,88024,"0,0817841172"
(ROOT (S=H (NP (NNP ) (NNS ) (NX=H (NX=H (NN ) (NN ) (NNS=H )) (PP (IN=H ) (NP (NN=H ))))) (VP=H (VBP=H ) (ADJP (JJ=H ))) (. ))),2,88026,"0,0817859754"
(ROOT (S=H (S=H (NP (PRP=H )) (VP=H (VBP=H ) (NP (DT ) (NNP=H )))) (: ) (S (S (VP=H (VB=H ) (S (NP=H (PRP=H )) (PP (IN=H ) (PP (IN=H ) (FRAG (ADVP=H (RB=H )) (. ))))))) (NP (NNS=H )) (VP=H (VBP=H ) (ADJP (JJ=H )))) (. ))),2,88028,"0,0817878337"
(ROOT (S=H (NP (NP=H (JJ ) (NN=H )) (PRN (-LRB- ) (NP=H (NNS=H )) (-RRB- ))) (VP=H (VBP=H ) (ADJP (JJ=H ))) (. ))),2,88030,"0,0817896919"
(ROOT (S=H (NP (NP=H (NNP=H )) (CC ) (NP (NP=H (JJ ) (NNS=H )) (PP (IN=H ) (NP (NP=H (NNP=H )) (PP (IN=H ) (NP (NN=H ))))))) (VP=H (VBP=H ) (ADJP (JJ=H ))) (. ))),2,88032,"0,0817915501"
(ROOT (S=H (NP (NNP=H )) (VP=H (VBD=H ) (SBAR (S=H (NP (NN ) (NNS=H ) (CC ) (NNS )) (VP=H (VBP=H ) (ADJP (JJ=H )))))) (. ))),2,88034,"0,0817934083"
(ROOT (S=H (NP (NAC (NAC=H (NNP=H ) (PP (IN=H ) (NP (NNP=H )))) (PP (IN=H ) (NP (NNP=H )) (: ))) (NNP ) (NNP=H )) (VP=H (VBP=H ) (ADJP (JJ=H ))) (. ))),2,88036,"0,0817952665"
(ROOT (S=H (NP (NP=H (DT ) (NNP ) (NNP ) (NNP=H )) (PP (IN=H ) (NP (NNP ) (NNS=H )))) (VP=H (VBP=H ) (ADJP (JJ=H ))) (. ))),2,88038,"0,0817971248"
(ROOT (S=H (NP (NNP=H )) (VP=H (VBD=H ) (SBAR (S=H (NP (NNS ) (NNP ) (NNP ) (NNP ) (NNP ) (NNP=H )) (VP=H (VBP=H ) (ADJP (JJ=H )))))) (. ))),2,88040,"0,081798983"
(ROOT (S=H (NP (NNP=H )) (VP=H (VBZ=H ) (SBAR (S=H (NP (JJ ) (JJ ) (NNS=H )) (VP=H (VBP=H ) (ADJP (JJ=H )))))) (. ))),2,88042,"0,0818008412"
(ROOT (S=H (NP (NNP ) (NNP ) (NN ) (NNP ) (NNP=H )) (VP=H (VBP=H ) (SBAR (S=H (NP (NNP ) (NNS=H )) (VP=H (VBP=H ) (ADJP (JJ=H )))))) (. ))),2,88044,"0,0818026994"
(ROOT (S=H (NP (NP=H (CD=H )) (VP (VBG=H ) (NP (CD ) (NNS=H )) (ADVP (RB=H )) (PP (IN=H ) (NP (DT ) (NNP ) (NNP ) (NNP ) (NNP=H ))))) (VP=H (VBP=H ) (ADJP (JJ=H ))) (. ))),2,88046,"0,0818045577"
(ROOT (S=H (NP (NP=H (NNP ) (NNP=H ) (CC ) (NNP )) (NP (JJ ) (NNS=H ))) (VP=H (VBP=H ) (ADJP (JJ=H ))) (. ))),2,88048,"0,0818064159"
(ROOT (FRAG=H (NP (NNP ) (NNP ) (NNP ) (NNP ) (NNP=H )) (: ) (S=H (NP (NNP ) (NNP ) (NNP=H )) (VP=H (VBP=H ) (ADJP (JJ=H )))) (. ))),2,88050,"0,0818082741"
(ROOT (S=H (NP (NP=H (JJ ) (NNS ) (NN=H )) (PP (IN=H ) (NP (NNP ) (NNP ) (NNP=H )))) (VP=H (VBP=H ) (ADJP (JJ=H ))) (. ))),2,88052,"0,0818101323"
(ROOT (S=H (NP (NNP=H )) (VP=H (VBD=H ) (SBAR (S=H (NP (NP=H (NNS ) (NNS=H )) (PP (IN=H ) (NP (DT ) (NNP ) (NNPS ) (NNP ) (NNP=H )))) (VP=H (VBP=H ) (ADJP (JJ=H )))))) (. ))),2,88054,"0,0818119906"
(ROOT (S=H (NP (NP=H (NNP=H )) (PP (IN=H ) (NP (NP=H (NNPS=H )) (PP (IN=H ) (NP (NNP=H )))))) (VP=H (VBP=H ) (ADJP (JJ=H ))) (. ))),2,88056,"0,0818138488"
(ROOT (S=H (NP (NP=H (NP (JJ ) (NNS=H )) (NN ) (NNS=H )) (PP (IN=H ) (NP (NNP ) (NNP=H )))) (VP=H (VBP=H ) (ADJP (JJ=H ))) (. ))),2,88058,"0,081815707"
(ROOT (S=H (NP (NP=H (JJ ) (NNS ) (NN=H )) (PP (IN=H ) (NP (NN=H )))) (VP=H (VBP=H ) (ADJP (JJ=H ))) (. ))),2,88060,"0,0818175652"
(ROOT (S=H (NP (NP=H (NN=H )) (PP (IN=H ) (NP (JJ ) (NNS ) (NN=H )))) (VP=H (VBP=H ) (ADJP (JJ=H ))) (. ))),2,88062,"0,0818194234"
(ROOT (S=H (NP (NP=H (NNP ) (NNPS ) (NNP ) (NNP ) (NNS=H )) (PP (VBG=H ) (NP (NP=H (DT ) (NNP=H )) (PP (IN=H ) (NP (NNP=H )))))) (VP=H (VBP=H ) (ADJP (JJ=H ))) (. ))),2,88064,"0,0818212817"
(ROOT (S=H (NP (NP=H (NN=H )) (VP (VBG=H ) (NP (NP=H (NNS=H )) (PP (IN=H ) (NP (DT ) (NNP ) (NNPS=H )))))) (VP=H (VBP=H ) (ADJP (JJ=H ))) (. ))),2,88066,"0,0818231399"
(ROOT (S=H (NP (NP=H (NN=H )) (VP (VBG=H ) (NP (NP=H (NNS=H )) (PP (IN=H ) (NP (DT ) (NNP ) (NNP=H )))))) (VP=H (VBP=H ) (ADJP (JJ=H ))) (. ))),2,88068,"0,0818249981"
(ROOT (S=H (NP (NP (NNP ) (NNP ) (NNP=H )) (PRN (-LRB- ) (NP=H (NP=H (CD=H )) (: ) (NP (CD ) (NNS=H ))) (-RRB- )) (NNS=H )) (VP=H (VBP=H ) (ADJP (JJ=H ))) (. ))),2,88070,"0,0818268563"
(ROOT (S=H (NP (NP=H (JJ ) (NN ) (NN=H )) (PP (IN=H ) (NP (JJS ) (JJ ) (JJ ) (NNS=H )))) (VP=H (VBP=H ) (ADJP (JJ=H ))) (. ))),2,88072,"0,0818287146"
(ROOT (S=H (NP (NP=H (JJ ) (NN ) (NN=H )) (PP (IN=H ) (NP (JJS ) (NNP ) (NNS=H )))) (VP=H (VBP=H ) (ADJP (JJ=H ))) (. ))),2,88074,"0,0818305728"
(ROOT (S=H (NP (NP=H (NNP=H )) (CC ) (NP (NP=H (DT ) (NNP ) (NNP=H )) (PP (TO=H ) (NP (NN ) (NNS=H ))))) (VP=H (VBP=H ) (ADJP (JJ=H ))) (. ))),2,88076,"0,081832431"
(ROOT (S=H (NP (NP=H (NNP=H )) (CC ) (NP (NP=H (NN ) (NN ) (NN ) (NNS=H )) (PP (IN=H ) (NP (NNP=H ))))) (VP=H (VBP=H ) (ADJP (JJ=H ))) (. ))),2,88078,"0,0818342892"
(ROOT (S=H (ADVP (NP (CD ) (NNS=H )) (RB=H )) (NP (NNS=H )) (VP=H (VBP=H ) (ADJP (JJ=H ))) (. ))),2,88080,"0,0818361475"
(ROOT (S=H (NP (NNP ) (NNP ) (NNP=H )) (VP=H (VBZ=H ) (NP (NP=H (NNS=H )) (SBAR (S=H (VP=H (VBP=H ) (ADJP (JJ=H ))))))) (. ))),2,88082,"0,0818380057"
(ROOT (S=H (NP (NNP ) (`` ) (NNP ) ('' ) (NNP=H )) (VP=H (VBP=H ) (SBAR (S=H (NP (NNS=H )) (VP=H (VBP=H ) (ADJP (JJ=H )))))) (. ))),2,88084,"0,0818398639"
(ROOT (S=H (NP (NP=H (NNP=H )) (PP (IN=H ) (NP (NP=H (NNP ) (NNP=H )) (PP (IN=H ) (NP (JJ ) (NNP ) (NNS=H )))))) (VP=H (VBP=H ) (ADJP (JJ=H ))) (. ))),2,88086,"0,0818417221"
"(ROOT (S=H (NP (NP=H (NNP=H )) (, ) (NP (NNP ) (NNP=H )) (CC ) (NP (NP=H (ADJP (NNP ) (JJ=H )) (JJ ) (NN ) (NNS=H )) (PP (IN=H ) (NP (NN=H ))))) (VP=H (VBP=H ) (ADJP (JJ=H ))) (. )))",2,88088,"0,0818435804"
"(ROOT (S=H (NP (NP=H (NP=H (NNP ) (, ) (NNP ) (NNP ) (CC ) (NNP ) (NNP=H )) (NP (JJ ) (NN ) (NNS=H ))) (VP (VBG=H ) (NP (NN=H )) (PP (TO=H ) (NP (NN=H ) (CC ) (NN ))))) (VP=H (VBP=H ) (ADJP (JJ=H ))) (. )))",2,88090,"0,0818454386"
"(ROOT (S=H (NP (NP=H (NP=H (NNP ) (, ) (NNP ) (NNP ) (CC ) (NNP ) (NNP=H )) (NP (JJ ) (NN ) (NNS=H ))) (VP (VBG=H ) (NP (NN=H )) (PP (TO=H ) (NP (NN=H ))))) (VP=H (VBP=H ) (ADJP (JJ=H ))) (. )))",2,88092,"0,0818472968"
(ROOT (NP=H (NP=H (NNP ) (NNP ) (NNP ) (NNP=H )) (: ) (S (NP (NP (NNP ) (POS=H )) (JJ ) (NN ) (NN=H )) (VP=H (VBP=H ) (ADJP (JJ=H )))) (. ))),2,88094,"0,081849155"
(ROOT (S=H (NP (NP=H (NNP ) (CD ) (NN=H )) (PP (IN=H ) (NP (NN ) (NN ) (NNS=H )))) (VP=H (VBP=H ) (ADJP (JJ=H ))) (. ))),2,88096,"0,0818510132"
(ROOT (S=H (NP (NNP=H )) (VP=H (VBD=H ) (NP (NP=H (NNS=H )) (SBAR (S=H (NP (NNP ) (NNP ) (NNP ) (NN ) (NNS=H )) (VP=H (VBP=H ) (ADJP (JJ=H ))))))) (. ))),2,88098,"0,0818528715"
(ROOT (NP=H (NP=H (NNP ) (NNP ) (NNP ) (NNP ) (NNP=H )) (: ) (S (NP (NP (NNP ) (POS=H )) (NNS ) (NN=H )) (VP=H (VBP=H ) (ADJP (JJ=H )))) (. ))),2,88100,"0,0818547297"
(ROOT (S=H (NP (NP=H (NNP ) (NNPS ) (NNP ) (NNP ) (NNS=H )) (PP (VBG=H ) (NP (NNP=H ) (CC ) (NNP )))) (VP=H (VBP=H ) (ADJP (JJ=H ))) (. ))),2,88102,"0,0818565879"
(ROOT (S=H (NP (PRP=H )) (NP (NNP ) (NNP ) (NNP ) (NN ) (NNS=H )) (VP=H (VBP=H ) (ADJP (JJ=H ))) (. ))),2,88104,"0,0818584461"
(ROOT (S=H (NP (NP=H (JJ ) (JJ ) (CC ) (NN ) (NNS=H )) (PP (IN=H ) (NP (NN=H )))) (VP=H (VBP=H ) (ADJP (JJ=H ))) (. ))),2,88106,"0,0818603044"
(ROOT (S=H (NP (NNP ) (NNP ) (NNP ) (NN ) (NN=H )) (VP=H (VBP=H ) (SBAR (S=H (NP (NNS=H )) (VP=H (VBP=H ) (ADJP (JJ=H )))))) (. ))),2,88108,"0,0818621626"
(ROOT (S=H (NP (NP=H (NNP=H )) (PP (IN=H ) (NP (NP=H (DT ) (NNP ) (NNS=H )) (PP (IN=H ) (NP (NNP ) (NNP=H )))))) (VP=H (VBP=H ) (ADJP (JJ=H ))) (. ))),2,88110,"0,0818640208"
(ROOT (S=H (NP (NNP=H )) (VP=H (VBD=H ) (SBAR (S=H (NP (NP=H (NNS=H )) (PP (IN=H ) (NP (NNP=H ) (CD )))) (VP=H (VBP=H ) (ADJP (JJ=H )))))) (. ))),2,88112,"0,081865879"
(ROOT (S=H (NP (NNP=H )) (VP=H (VBD=H ) (SBAR (S=H (NP (JJS ) (NNS=H )) (VP=H (VBP=H ) (ADJP (JJ=H )))))) (. ))),2,88114,"0,0818677373"
(ROOT (S=H (NP (NP (JJ ) (JJ ) (NNS ) (POS=H )) (NN ) (NNS=H )) (VP=H (VBP=H ) (ADJP (JJ=H ))) (. ))),2,88116,"0,0818695955"
(ROOT (S=H (NP (NNP ) (NNPS ) (NNP=H )) (VP=H (VBD=H ) (SBAR (S=H (NP (NNP ) (NNS=H )) (VP=H (VBP=H ) (ADJP (JJ=H )))))) (. ))),2,88118,"0,0818714537"
(ROOT (FRAG=H (NP (NNP ) (NNP ) (NNP ) (NNP=H )) (: ) (S=H (NP (NP=H (NN=H )) (PP (IN=H ) (NP (DT ) (NNP=H )))) (VP=H (VBP=H ) (ADJP (JJ=H )))) (. ))),2,88120,"0,0818733119"
(ROOT (S=H (NP (DT ) (NNPS ) (NNPS=H )) (VP=H (VBP=H ) (ADJP (JJ=H ))) (. ))),2,88122,"0,0818751701"
(ROOT (NP=H (NP=H (CD=H )) (: ) (S (NP (CD ) (NNP ) (NNPS ) (NN=H )) (VP=H (VBP=H ) (ADJP (JJ=H )))) (. ))),2,88124,"0,0818770284"
"(ROOT (S=H (S (VP=H (VB=H ) (NP (NN ) (NNS=H )))) (, ) (NP (NNP=H )) (VP=H (VBP=H ) (ADJP (JJ=H ))) (. )))",2,88126,"0,0818788866"
(ROOT (S=H (NP (NNP ) (NNP ) (CC ) (NNP ) (NNP ) (NNP ) (NNP=H )) (VP=H (VBP=H ) (ADJP (JJ=H ))) (. ))),2,88128,"0,0818807448"
(ROOT (S=H (NP (NP (NNP ) (NNP ) (NNP=H )) (PRN (-LRB- ) (NP=H (CD ) (NNS=H )) (-RRB- )) (NNS=H )) (VP=H (VBP=H ) (ADJP (JJ=H ))) (. ))),2,88130,"0,081882603"
(ROOT (S=H (NP (DT ) (NNP ) (NNPS ) (NNPS ) (NNS=H )) (VP=H (VBP=H ) (ADJP (JJ=H ))) (. ))),2,88132,"0,0818844613"
(ROOT (S=H (NP (NNP=H )) (VP=H (VBD=H ) (SBAR (S=H (NP (NP=H (NNS=H )) (PP (IN=H ) (NP (NP=H (DT ) (NNP ) (NNPS=H )) (PP (IN=H ) (NP (NNP=H )))))) (VP=H (VBP=H ) (ADJP (JJ=H )))))) (. ))),2,88134,"0,0818863195"
"(ROOT (S=H (NP (NP=H (NNP ) (NNP ) (NNP=H )) (, ) (NP (NNP ) (NNP ) (NNP ) (NNP ) (NN ) (NNS=H ))) (VP=H (VBP=H ) (ADJP (JJ=H ))) (. )))",2,88136,"0,0818881777"
"(ROOT (S=H (S (NP=H (NP (NNP ) (POS=H )) (NNP ) (NN=H ) (CD ))) (, ) (NP (NNP=H )) (VP=H (VBP=H ) (ADJP (JJ=H ))) (. )))",2,88138,"0,0818900359"
(ROOT (S=H (NP (NP=H (NNP ) (NNP=H )) (SBAR (S=H (NP (JJ ) (NNS=H )) (VP=H (VBZ=H ))))) (VP=H (VBP=H ) (ADJP (JJ=H ))) (. ))),2,88140,"0,0818918942"
(ROOT (S=H (NP (NP=H (NNP ) (NNP=H )) (PRN (-LRB- ) (NP=H (NNP=H )) (-RRB- ))) (VP=H (VBD=H ) (SBAR (S=H (NP (NNS=H )) (VP=H (VBP=H ) (ADJP (JJ=H )))))) (. ))),2,88142,"0,0818937524"
"(ROOT (S=H (PP (IN=H ) (NP (NNP ) (NNP=H ) (CD ))) (, ) (NP (NNP=H )) (VP=H (VBP=H ) (ADJP (JJ=H ))) (. )))",2,88144,"0,0818956106"
"(ROOT (S=H (S (VP=H (VBG=H ) (NP (NN ) (NN=H ) (CD )))) (, ) (NP (NNP=H )) (VP=H (VBP=H ) (ADJP (JJ=H ))) (. )))",2,88146,"0,0818974688"
(ROOT (NP=H (NP=H (DT ) (NNP=H )) (: ) (S (NP (NNP ) (NNS=H )) (VP=H (VBP=H ) (ADJP (JJ=H )))) (. ))),2,88148,"0,081899327"
(ROOT (S=H (NP (NP (NNS ) (POS=H )) (NNP ) (NNP ) (PRN (-LRB- ) (NP=H (NNP ) (NNP ) (NNP=H )) (-RRB- )) (NNP=H )) (VP=H (VBP=H ) (ADJP (JJ=H ))) (. ))),2,88150,"0,0819011853"
(ROOT (S=H (NP (NP (NNS ) (POS=H )) (JJ ) (NNP ) (NNS=H )) (VP=H (VBP=H ) (ADJP (JJ=H ))) (. ))),2,88152,"0,0819030435"
(ROOT (S=H (NP (NP=H (NP=H (JJ ) (NN=H )) (PP (IN=H ) (NP (DT ) (NNP ) (NNPS=H )))) (PRN (-LRB- ) (NP=H (NN=H )) (-RRB- ))) (VP=H (VBP=H ) (ADJP (JJ=H ))) (. ))),2,88154,"0,0819049017"
"(ROOT (S=H (NP (NAC (NNP=H ) (NNP ) (, ) (NNP )) (NNP ) (NNP ) (NNP ) (NNP=H )) (ADVP (RB=H )) (VP=H (VBP=H ) (ADJP (JJ=H ))) (. )))",2,88156,"0,0819067599"
(ROOT (S=H (NP (NP=H (NP (NNP ) (NNPS ) (POS=H )) (NNP=H )) (PP (IN=H ) (NP (NNP ) (NNS=H )))) (VP=H (VBP=H ) (ADJP (JJ=H ))) (. ))),2,88158,"0,0819086182"
"(ROOT (S=H (S (VP=H (VBN=H ) (NP (NP=H (NN ) (NNS=H )) (PP (IN=H ) (NP (NNP=H )))))) (, ) (NP (NNP ) (NNP=H )) (VP=H (VBP=H ) (ADJP (JJ=H ))) (. )))",2,88160,"0,0819104764"
(ROOT (S=H (NP (NP=H (NNP ) (NNPS ) (NNP=H )) (PP (IN=H ) (NP (NP=H (DT ) (NN=H )) (PP (IN=H ) (NP (DT ) (NNP=H )))))) (VP=H (VBP=H ) (ADJP (JJ=H ))) (. ))),2,88162,"0,0819123346"
(ROOT (S=H (NP (NP=H (NNP ) (NNP ) (CC ) (NNP ) (NNS=H )) (PP (IN=H ) (NP (NNP ) (NN=H )))) (VP=H (VBP=H ) (ADJP (JJ=H ))) (. ))),2,88164,"0,0819141928"
(ROOT (S=H (NP (NNP ) (NNPS ) (. ) (NNPS=H )) (VP=H (VBD=H ) (SBAR (S=H (NP (NNS=H )) (VP=H (VBP=H ) (ADJP (JJ=H )))))) (. ))),2,88166,"0,0819160511"
(ROOT (S=H (NP (NNP ) (NNPS ) (. ) (NNPS=H )) (NP (JJ ) (NNS=H )) (VP=H (VBP=H ) (ADJP (JJ=H ))) (. ))),2,88168,"0,0819179093"
(ROOT (S=H (NP (NNP ) (NNPS ) (. ) (NNPS=H )) (VP=H (VBP=H ) (SBAR (S=H (NP (NNS=H )) (VP=H (VBP=H ) (ADJP (JJ=H )))))) (. ))),2,88170,"0,0819197675"
(ROOT (S=H (NP (NP=H (JJ ) (NNS ) (NNS=H )) (CC ) (NP (NP=H (NNS=H )) (PP (IN=H ) (NP (DT ) (NNP ) (NNPS=H ))))) (VP=H (VBP=H ) (ADJP (JJ=H ))) (. ))),2,88172,"0,0819216257"
(ROOT (S=H (NP (NP=H (NNP ) (NNP=H )) (PP (IN=H ) (NP (NP=H (DT ) (NNP ) (NNS=H )) (PP (IN=H ) (NP (NNP ) (NN=H )))))) (VP=H (VBP=H ) (ADJP (JJ=H ))) (. ))),2,88174,"0,0819234839"
"(ROOT (S=H (NP (NP=H (NNP=H )) (PP (IN=H ) (NP (NP=H (NNP ) (, ) (NNP ) (NNP ) (NNP=H )) (PP (IN=H ) (NP (NN ) (NNS=H )))))) (VP=H (VBP=H ) (ADJP (JJ=H ))) (. )))",2,88176,"0,0819253422"
"(ROOT (S=H (NP (NP (JJ ) (NNS ) (POS=H )) (NNP ) (PRN (-LRB- ) (NP=H (NNP=H )) (, ) (NP (CD=H )) (-RRB- )) (NNP=H )) (VP=H (VBP=H ) (ADJP (JJ=H ))) (. )))",2,88178,"0,0819272004"
(ROOT (S=H (NP (NP=H (NNP ) (NNP=H )) (CC ) (NP (NP=H (DT ) (NNP ) (NNS=H )) (PP (IN=H ) (NP (NNP ) (NN=H ))))) (VP=H (VBP=H ) (ADJP (JJ=H ))) (. ))),2,88180,"0,0819290586"
(ROOT (S=H (NP (NP (NNP ) (NNP=H )) (PRN (-LRB- ) (NP=H (NNP=H ) (CC ) (NNP )) (-RRB- )) (NNS=H )) (VP=H (VBP=H ) (ADJP (JJ=H ))) (. ))),2,88182,"0,0819309168"
(ROOT (S=H (NP (NNP=H )) (VP=H (VBP=H ) (SBAR (S=H (NP (NP=H (NNS=H ) (CC ) (NNS )) (PP (IN=H ) (NP (NN=H )))) (VP=H (VBP=H ) (ADJP (JJ=H )))))) (. ))),2,88184,"0,0819327751"
(ROOT (S=H (NP (NNP ) (NNP=H ) (PRP )) (VP=H (VBD=H ) (SBAR (S=H (NP (NN ) (NNS=H )) (VP=H (VBP=H ) (ADJP (JJ=H )))))) (. ))),2,88186,"0,0819346333"
(ROOT (S=H (NP (NP=H (NNP ) (NNP ) (NNP=H )) (PP (IN=H ) (NP (NP=H (DT ) (NNP ) (NNPS=H )) (PP (IN=H ) (NP (NNP=H )))))) (VP=H (VBP=H ) (ADJP (JJ=H ))) (. ))),2,88188,"0,0819364915"
(ROOT (S=H (NP (NNP=H )) (VP=H (VBD=H ) (SBAR (S=H (NP (NP=H (NNS=H )) (PP (IN=H ) (NP (DT ) (NNP ) (NNPS ) (NNP=H )))) (VP=H (VBP=H ) (ADJP (JJ=H )))))) (. ))),2,88190,"0,0819383497"
(ROOT (NP=H (NP=H (NP=H (NNP ) (NNPS ) (POS=H )) (CC ) (NP (NNP ) (POS=H ))) (SBAR (S=H (NP (NNP ) (NNS=H )) (VP=H (VBP=H ) (ADJP (JJ=H ))))) (. ))),2,88192,"0,081940208"
(ROOT (S=H (NP (PRP=H )) (VP=H (VBP=H ) (NP (NP=H (JJ ) (NNS=H )) (SBAR (S=H (VP=H (VBP=H ) (ADJP (JJ=H ))))))) (. ))),2,88194,"0,0819420662"
(ROOT (S=H (NP (NNP=H )) (VP=H (VBZ=H ) (SBAR (S=H (NP (NP=H (NN ) (NNS=H )) (PP (IN=H ) (NP (NP=H (DT ) (NNP ) (NNPS=H )) (PP (IN=H ) (NP (NN=H )))))) (VP=H (VBP=H ) (ADJP (JJ=H )))))) (. ))),2,88196,"0,0819439244"
(ROOT (S=H (NP (NP=H (NNP=H )) (PP (IN=H ) (NP (NNP ) (NNS=H ) (CC ) (NNS ))) (PP (IN=H ) (NP (DT ) (NNP ) (NNPS=H )))) (VP=H (VBP=H ) (ADJP (JJ=H ))) (. ))),2,88198,"0,0819457826"
"(ROOT (S=H (S (NP (NNP=H )) (VP=H (VBD=H ) (NP (NNP ) (NNP ) (JJ ) (NN=H )))) (, ) (NP (CD ) (JJ ) (NN=H )) (VP=H (VBP=H ) (ADJP (JJ=H ))) (. )))",2,88200,"0,0819476408"
(ROOT (FRAG=H (NP (JJ ) (NN=H )) (: ) (S=H (NP (NNP=H )) (VP=H (VBP=H ) (ADJP (JJ=H )))) (. ))),2,88202,"0,0819494991"
(ROOT (S=H (PP (IN=H ) (NP (NNP=H ) (CC ) (NNP ))) (NP (NNS=H )) (VP=H (VBP=H ) (ADJP (JJ=H ))) (. ))),2,88204,"0,0819513573"
"(ROOT (S=H (NP (NP=H (NNP=H )) (, ) (NP (ADJP (NNP ) (JJ=H )) (NNS=H ))) (VP=H (VBP=H ) (ADJP (JJ=H ))) (. )))",2,88206,"0,0819532155"
(ROOT (S=H (NP (NP=H (NNP ) (NNP=H )) (PP (IN=H ) (NP (NP=H (NNPS=H )) (PP (IN=H ) (NP (NNP ) (NNPS=H )))))) (VP=H (VBP=H ) (ADJP (JJ=H ))) (. ))),2,88208,"0,0819550737"
(ROOT (S=H (NP (NP=H (NNP=H )) (PP (IN=H ) (NP (NNP ) (CC ) (NNP ) (NN ) (NN ) (JJ ) (NNS=H )))) (VP=H (VBP=H ) (ADJP (JJ=H ))) (. ))),2,88210,"0,081956932"
(ROOT (NP=H (NP=H (NP=H (NNP=H )) (PP (IN=H ) (NP (NNP ) (NNP=H )))) (: ) (S (NP (NNP ) (NNS=H )) (VP=H (VBP=H ) (ADJP (JJ=H )))) (. ))),2,88212,"0,0819587902"
(ROOT (S=H (NP (NP=H (NNP=H )) (PP (IN=H ) (NP (DT ) (NNS ) (NNS=H )))) (VP=H (VBP=H ) (ADJP (JJ=H ))) (. ))),2,88214,"0,0819606484"
(ROOT (S=H (NP (NP=H (NNP=H )) (PP (IN=H ) (NP (NNP ) (CC ) (NNP ) (NNPS ) (NNS=H )))) (VP=H (VBP=H ) (ADJP (JJ=H ))) (. ))),2,88216,"0,0819625066"
(ROOT (S=H (NP (NP=H (NNP ) (NNP=H )) (PP (IN=H ) (NP (NP=H (DT ) (NN=H )) (PP (IN=H ) (NP (NNP ) (NNS=H )))))) (VP=H (VBP=H ) (ADJP (JJ=H ))) (. ))),2,88218,"0,0819643649"
(ROOT (S=H (NP (NP=H (NNP=H )) (PP (IN=H ) (NP (JJ ) (PRN (-LRB- ) (NP=H (NNP ) (NNP=H )) (-RRB- )) (NNS=H )))) (VP=H (VBP=H ) (ADJP (JJ=H ))) (. ))),2,88220,"0,0819662231"
(ROOT (S=H (NP (NP=H (NNP ) (NNP=H )) (PP (IN=H ) (NP (ADJP (JJ=H ) (CC ) (JJ )) (PRN (-LRB- ) (NP=H (NNP=H )) (-RRB- )) (NNS=H )))) (VP=H (VBP=H ) (ADJP (JJ=H ))) (. ))),2,88222,"0,0819680813"
(ROOT (S=H (NP (NP=H (NNP=H )) (PP (IN=H ) (NP (NNP ) (NNP ) (CC ) (NNP ) (NNP ) (NNS=H )))) (VP=H (VBP=H ) (ADJP (JJ=H ))) (. ))),2,88224,"0,0819699395"
(ROOT (NP=H (NP=H (NNP ) (NNP ) (NNP=H )) (: ) (S (NP (NNP ) (NNP ) (NNP ) (NNS=H )) (VP=H (VBP=H ) (ADJP (JJ=H )))) (. ))),2,88226,"0,0819717977"
(ROOT (S=H (NP (NP=H (NP=H (NNP=H )) (PP (IN=H ) (NP (NN=H )))) (CC ) (NP (DT ) (NN ) (PRN (-LRB- ) (NP=H (NNP=H )) (-RRB- )) (NNS=H ))) (VP=H (VBP=H ) (ADJP (JJ=H ))) (. ))),2,88228,"0,081973656"
(ROOT (S=H (NP (NP=H (NNP=H )) (PP (IN=H ) (NP (NP=H (DT ) (NNPS=H )) (PP (IN=H ) (NP (NNP ) (NNS=H )))))) (VP=H (VBP=H ) (ADJP (JJ=H ))) (. ))),2,88230,"0,0819755142"
(ROOT (S=H (NP (ADJP (JJ=H ) (PP (IN=H ) (NP (NP=H (NNP ) (NNP=H )) (PRN (-LRB- ) (NP=H (NNP ) (NNP=H )) (-RRB- ))))) (NNS=H )) (VP=H (VBP=H ) (ADJP (JJ=H ))) (. ))),2,88232,"0,0819773724"
(ROOT (S=H (NP (NP=H (NNP=H )) (PP (IN=H ) (NP (NNP ) (NNP ) (NNP ) (NNP ) (NNS=H )))) (VP=H (VBP=H ) (ADJP (JJ=H ))) (. ))),2,88234,"0,0819792306"
(ROOT (S=H (NP (NP=H (NNP=H )) (PP (IN=H ) (NP (NP=H (JJ ) (NNS=H )) (PP (IN=H ) (NP (NNP ) (NNS=H )))))) (VP=H (VBP=H ) (ADJP (JJ=H ))) (. ))),2,88236,"0,0819810889"
(ROOT (S=H (NP (NP=H (NNP=H )) (PP (IN=H ) (NP (NP=H (DT ) (NNP ) (NNP=H )) (PP (IN=H ) (NP (NNP ) (NNP ) (NNS=H )))))) (VP=H (VBP=H ) (ADJP (JJ=H ))) (. ))),2,88238,"0,0819829471"
(ROOT (S=H (NP (NP=H (NNP ) (NNP=H )) (CC ) (NP (NP=H (DT ) (NNP ) (NNS=H )) (PP (IN=H ) (NP (NNS=H ))))) (VP=H (VBP=H ) (ADJP (JJ=H ))) (. ))),2,88240,"0,0819848053"
(ROOT (S=H (NP (NP=H (NNP ) (NNP=H )) (PP (IN=H ) (NP (NP=H (DT ) (NNP=H )) (PP (IN=H ) (NP (NNP ) (CC ) (NNP ) (NNS=H )))))) (VP=H (VBP=H ) (ADJP (JJ=H ))) (. ))),2,88242,"0,0819866635"
(ROOT (NP=H (NP=H (JJ ) (NNP ) (NNP=H )) (: ) (S (NP (CD=H )) (VP=H (VBP=H ) (ADJP (JJ=H )))) (. ))),2,88244,"0,0819885218"
"(ROOT (S=H (S (VP=H (VB=H ) (NP (NNP ) (NNP=H )))) (, ) (NP (NNP ) (NNP ) (NNS=H )) (VP=H (VBP=H ) (ADJP (JJ=H ))) (. )))",2,88246,"0,08199038"
(ROOT (S=H (NP (NP=H (NP (NNS ) (POS=H )) (JJ ) (NN=H )) (PP (IN=H ) (NP (NNP ) (NNS=H )))) (VP=H (VBP=H ) (ADJP (JJ=H ))) (. ))),2,88248,"0,0819922382"
(ROOT (S=H (NP (NP=H (NNP ) (NNP ) (NNP=H )) (PP (IN=H ) (NP (NP=H (DT ) (NNP=H )) (PP (IN=H ) (NP (NNP ) (NNS=H )))))) (VP=H (VBP=H ) (ADJP (JJ=H ))) (. ))),2,88250,"0,0819940964"
(ROOT (S=H (NP (NP (NNP ) (NNP ) (NNP=H )) (PRN (-LRB- ) (NP=H (NP=H (NNP=H )) (PP (IN=H ) (NP (NNP=H )))) (-RRB- )) (NNS=H )) (VP=H (VBP=H ) (ADJP (JJ=H ))) (. ))),2,88252,"0,0819959546"
(ROOT (S=H (NP (NP=H (NP (NN ) (NN ) (NNS ) (POS=H )) (NN ) (NNS=H )) (PP (IN=H ) (NP (DT ) (NNP ) (NNPS=H )))) (VP=H (VBP=H ) (ADJP (JJ=H ))) (. ))),2,88254,"0,0819978129"
(ROOT (S=H (NP (NP=H (NNP=H )) (PP (IN=H ) (NP (NP=H (JJ ) (NNS=H )) (CC ) (NP (JJ ) (NNS=H ))))) (VP=H (VBP=H ) (ADJP (JJ=H ))) (. ))),2,88256,"0,0819996711"
"(ROOT (S=H (NP (NP=H (NNP=H )) (CC ) (NP (NP=H (JJ ) (NNS=H )) (PP (IN=H ) (NP (NNP ) (, ) (NNP=H ))))) (VP=H (VBP=H ) (ADJP (JJ=H ))) (. )))",2,88258,"0,0820015293"
(ROOT (S=H (NP (NP=H (NNP=H ) (CC ) (NNP )) (PP (IN=H ) (NP (DT ) (NNP ) (NNP ) (NNPS=H )))) (VP=H (VBP=H ) (ADJP (JJ=H ))) (. ))),2,88260,"0,0820033875"
(ROOT (S=H (NP (NP=H (NP (NNS ) (POS=H )) (NN=H )) (PP (IN=H ) (NP (NNP=H )))) (VP=H (VBP=H ) (ADJP (JJ=H ))) (. ))),2,88262,"0,0820052458"
(ROOT (S=H (NP (NP=H (NNP ) (NNPS ) (NNP=H )) (PP (IN=H ) (NP (NN ) (NNS=H )))) (VP=H (VBP=H ) (ADJP (JJ=H ))) (. ))),2,88264,"0,082007104"
(ROOT (S=H (NP (NAC (NNP=H ) (PP (IN=H ) (NP (DT ) (NNP ) (NNPS=H )))) (NNS=H )) (VP=H (VBP=H ) (ADJP (JJ=H ))) (. ))),2,88266,"0,0820089622"
(ROOT (S=H (NP (NP=H (NNP=H )) (PP (IN=H ) (NP (NP=H (NN=H ) (CC ) (NN )) (PP (IN=H ) (NP (DT ) (NNP ) (NNPS ) (NNP ) (NNP=H )))))) (VP=H (VBP=H ) (ADJP (JJ=H ))) (. ))),2,88268,"0,0820108204"
(ROOT (S=H (NP (ADJP (JJ=H ) (PP (IN=H ) (NP (NNP=H ) (CC ) (NNP )))) (NN=H )) (VP=H (VBP=H ) (ADJP (JJ=H ))) (. ))),2,88270,"0,0820126787"
(ROOT (S=H (NP (NP=H (NNP ) (NNP=H )) (PP (IN=H ) (NP (DT ) (JJ ) (NNP ) (NNP ) (NNS=H )))) (VP=H (VBP=H ) (ADJP (JJ=H ))) (. ))),2,88272,"0,0820145369"
(ROOT (S=H (NP (NP=H (NNP ) (NNPS ) (NNP ) (NNS=H )) (PP (TO=H ) (NP (NNP=H )))) (VP=H (VBP=H ) (ADJP (JJ=H ))) (. ))),2,88274,"0,0820163951"
(ROOT (S=H (NP (NNP=H )) (VP=H (VBD=H ) (NP (NP=H (NNS=H )) (SBAR (S=H (NP (NP=H (JJ ) (NNS=H )) (PP (IN=H ) (NP (NNP=H )))) (VP=H (VBP=H ) (ADJP (JJ=H ))))))) (. ))),2,88276,"0,0820182533"
(ROOT (S=H (NP (NNP=H )) (VP=H (VBD=H ) (NP (NP=H (NNS=H )) (SBAR (S=H (NP (NP=H (JJ ) (NNS=H )) (PP (IN=H ) (NP (NNP ) (JJ ) (NN=H )))) (VP=H (VBP=H ) (ADJP (JJ=H ))))))) (. ))),2,88278,"0,0820201115"
(ROOT (S=H (NP (NP (JJ ) (JJ ) (NNS ) (POS=H )) (NNP ) (NNS=H )) (VP=H (VBP=H ) (ADJP (JJ=H ))) (. ))),2,88280,"0,0820219698"
(ROOT (S=H (NP (NP (NNP ) (NNP ) (NNP ) (JJ ) (NNS ) (POS=H )) (NN ) (NN ) (NNS=H )) (VP=H (VBP=H ) (ADJP (JJ=H ))) (. ))),2,88282,"0,082023828"
(ROOT (S=H (NP (NP=H (NP (JJ ) (NNS ) (POS=H )) (NN ) (NNS=H )) (PP (IN=H ) (NP (DT ) (NNP ) (NNPS=H )))) (VP=H (VBP=H ) (ADJP (JJ=H ))) (. ))),2,88284,"0,0820256862"
(ROOT (S=H (NP (NP=H (RB ) (JJ ) (NN=H )) (PP (IN=H ) (NP (DT ) (NNP ) (NNPS=H )))) (VP=H (VBP=H ) (ADJP (JJ=H ))) (. ))),2,88286,"0,0820275444"
(ROOT (NP=H (NP=H (NP=H (NNP=H )) (PP (IN=H ) (NP (NP=H (DT ) (NNP=H )) (PP (IN=H ) (NP (NN=H )))))) (: ) (S (NP (NNP ) (NNS=H )) (VP=H (VBP=H ) (ADJP (JJ=H )))) (. ))),2,88288,"0,0820294027"
(ROOT (S=H (NP (NP (CD ) (NN=H )) (PRN (-LRB- ) (NP=H (NNP=H )) (-RRB- )) (NNS=H )) (VP=H (VBP=H ) (ADJP (JJ=H ))) (. ))),2,88290,"0,0820312609"
(ROOT (S=H (NP (NP (DT ) (NNP ) (NNP=H )) (PRN (-LRB- ) (NP=H (JJ ) (NN=H )) (-RRB- )) (NNS=H )) (VP=H (VBP=H ) (ADJP (JJ=H ))) (. ))),2,88292,"0,0820331191"
(ROOT (S=H (NP (NP=H (JJ ) (NN=H )) (PP (IN=H ) (NP (NNP ) (CC ) (NNP ) (NNS=H )))) (VP=H (VBP=H ) (ADJP (JJ=H ))) (. ))),2,88294,"0,0820349773"
(ROOT (S=H (NP (NNP ) (NNP=H )) (NP (JJ ) (NN ) (NNS ) (NNS=H )) (VP=H (VBP=H ) (ADJP (JJ=H ))) (. ))),2,88296,"0,0820368356"
(ROOT (S=H (NP (NP=H (NNP ) (FW ) (NNP ) (FW ) (NNP=H )) (NP (NN ) (NNS=H ))) (VP=H (VBP=H ) (ADJP (JJ=H ))) (. ))),2,88298,"0,0820386938"
(ROOT (NP=H (NP=H (NNP=H )) (: ) (S (NP (NP=H (NNP ) (NNP=H )) (PP (IN=H ) (NP (NN ) (NNS=H )))) (VP=H (VBP=H ) (ADJP (JJ=H )))) (. ))),2,88300,"0,082040552"
(ROOT (S=H (NP (NP=H (NNP ) (NNP=H )) (PP (IN=H ) (NP (JJ ) (PRN (-LRB- ) (NP=H (NP=H (JJ=H )) (: ) (NP (NNP=H ))) (-RRB- )) (NNS=H )))) (VP=H (VBP=H ) (ADJP (JJ=H ))) (. ))),2,88302,"0,0820424102"
(ROOT (S=H (NP (NP=H (NNP ) (NNP=H )) (PP (IN=H ) (NP (JJ ) (PRN (-LRB- ) (NP=H (NP=H (NNP ) (NNP=H )) (: ) (NP (NNP=H ))) (-RRB- )) (NNS=H )))) (VP=H (VBP=H ) (ADJP (JJ=H ))) (. ))),2,88304,"0,0820442685"
"(ROOT (S=H (NP (NP=H (NNP ) (NNP ) (NNP ) (NNP=H )) (, ) (NP (JJ ) (NNS=H ))) (VP=H (VBP=H ) (ADJP (JJ=H ))) (. )))",2,88306,"0,0820461267"
(ROOT (S=H (NP (NP=H (NNP ) (NNP=H )) (PP (IN=H ) (NP (ADJP (ADJP=H (JJ=H )) (PRN (-LRB- ) (NP=H (NP=H (JJ=H )) (: ) (NP (NNP=H ))) (-RRB- ))) (PRN (-LRB- ) (NP=H (CD=H )) (-RRB- )) (NNS=H )))) (VP=H (VBP=H ) (ADJP (JJ=H ))) (. ))),2,88308,"0,0820479849"
(ROOT (S=H (NP (NP (DT ) (NNP=H )) (PRN (-LRB- ) (NP=H (JJ ) (NN=H )) (-RRB- )) (NNS=H )) (VP=H (VBP=H ) (ADJP (JJ=H ))) (. ))),2,88310,"0,0820498431"
"(ROOT (S=H (NP (NP (NNP ) (NNP=H )) (PRN (-LRB- ) (NP=H (NNP ) (NNP=H )) (, ) (NP (CD=H )) (-RRB- )) (NNS=H )) (VP=H (VBP=H ) (ADJP (JJ=H ))) (. )))",2,88312,"0,0820517013"
(ROOT (S=H (NP (NP=H (NNP ) (NNP=H )) (NP (`` ) (JJ ) ('' ) (NNS=H ))) (VP=H (VBP=H ) (ADJP (JJ=H ))) (. ))),2,88314,"0,0820535596"
(ROOT (S=H (NP (NP=H (JJ ) (ADJP (JJ=H ) (PRT (RP=H ))) (NN=H )) (PRN (-LRB- ) (VP=H (VBN=H ) (S (VP=H (VBG=H ) (NP (NNS=H ))))) (-RRB- ))) (VP=H (VBP=H ) (SBAR (S=H (VP=H (VBP=H ) (ADJP (JJ=H )))))) (. ))),2,88316,"0,0820554178"
(ROOT (S=H (NP (NP=H (JJ ) (ADJP (JJ=H ) (PRT (RP=H ))) (NN=H )) (PRN (-LRB- ) (NP=H (NP=H (NNPS=H )) (PP (IN=H ) (NP (NN ) (NNS=H )))) (-RRB- ))) (VP=H (VBP=H ) (SBAR (S=H (VP=H (VBP=H ) (ADJP (JJ=H )))))) (. ))),2,88318,"0,082057276"
(ROOT (S=H (NP (NP=H (JJ ) (ADJP (JJ=H ) (PRT (RP=H ))) (NN=H )) (PRN (-LRB- ) (S=H (NP (NNP ) (NNS=H )) (VP=H (VBG=H ) (NP (NNS=H )))) (-RRB- ))) (VP=H (VBP=H ) (SBAR (S=H (VP=H (VBP=H ) (ADJP (JJ=H )))))) (. ))),2,88320,"0,0820591342"
(ROOT (S=H (NP (NP=H (JJ ) (ADJP (JJ=H ) (PRT (RP=H ))) (NN=H )) (PRN (-LRB- ) (NP=H (NN ) (NN ) (NNS=H )) (-RRB- ))) (VP=H (VBP=H ) (SBAR (S=H (VP=H (VBP=H ) (ADJP (JJ=H )))))) (. ))),2,88322,"0,0820609925"
(ROOT (S=H (NP (NP=H (JJ ) (ADJP (JJ=H ) (PRT (RP=H ))) (NN=H )) (PRN (-LRB- ) (NP=H (NP=H (NNPS=H )) (PP (IN=H ) (NP (JJ ) (NN=H )))) (-RRB- ))) (VP=H (VBP=H ) (SBAR (S=H (VP=H (VBP=H ) (ADJP (JJ=H )))))) (. ))),2,88324,"0,0820628507"
(ROOT (S=H (NP (NNP=H )) (VP=H (VBD=H ) (NP (NP=H (NNS=H )) (SBAR (S=H (NP (NP=H (JJ ) (NNS=H )) (PP (IN=H ) (NP (NNP=H )))) (VP=H (VBD=H ) (SBAR (S=H (NP (NN=H )) (VP=H (VBP=H ) (ADJP (JJ=H )))))))))) (. ))),2,88326,"0,0820647089"
(ROOT (S=H (NP (NNP ) (NNP=H )) (VP=H (VBZ=H ) (SBAR (S=H (NP (NNS=H ) (CC ) (NNS )) (VP=H (VBP=H ) (ADJP (JJ=H )))))) (. ))),2,88328,"0,0820665671"
(ROOT (S=H (NP (NNP=H )) (VP=H (VBD=H ) (SBAR (S=H (NP (NP=H (NNS=H )) (PP (IN=H ) (NP (DT ) (NNP ) (NNP ) (NNP ) (NNP=H )))) (VP=H (VBP=H ) (ADJP (JJ=H )))))) (. ))),2,88330,"0,0820684254"
(ROOT (S=H (NP (NP=H (JJ ) (ADJP (JJ=H ) (PRT (RP=H ))) (NN=H )) (PRN (-LRB- ) (S=H (NP (NNP ) (NNS=H )) (VP=H (VBG=H ) (NP (NN ) (NN ) (NNS=H )))) (-RRB- ))) (VP=H (VBP=H ) (SBAR (S=H (VP=H (VBP=H ) (ADJP (JJ=H )))))) (. ))),2,88332,"0,0820702836"
(ROOT (NP=H (NP=H (NNP ) (NNP=H )) (: ) (S (NP (JJ ) (NNP ) (NNS=H )) (VP=H (VBP=H ) (ADJP (JJ=H )))) (. ))),2,88334,"0,0820721418"
(ROOT (S=H (NP (NP (JJ ) (NNP ) (NNP=H )) (PRN (-LRB- ) (NP=H (JJ=H )) (-RRB- )) (NNS=H )) (VP=H (VBP=H ) (ADJP (JJ=H ))) (. ))),2,88336,"0,082074"
(ROOT (S=H (NP (NP=H (NNP ) (NNP=H )) (PP (IN=H ) (NP (JJ ) (PRN (-LRB- ) (NP=H (CD=H )) (-RRB- )) (NNS=H )))) (VP=H (VBP=H ) (ADJP (JJ=H ))) (. ))),2,88338,"0,0820758582"
(ROOT (S=H (NP (NP (DT ) (NNS ) (POS=H )) (NNP ) (PRN (-LRB- ) (NP=H (NNP=H )) (-RRB- )) (NNP=H )) (VP=H (VBP=H ) (ADJP (JJ=H ))) (. ))),2,88340,"0,0820777165"
(ROOT (NP=H (NP=H (NNP ) (NNS=H )) (: ) (S (NP (NNP ) (NNP=H )) (VP=H (VBP=H ) (ADJP (JJ=H )))) (. ))),2,88342,"0,0820795747"
(ROOT (S=H (NP (NP=H (NNP=H )) (PP (IN=H ) (NP (ADJP (NNP ) (JJ=H )) (NNS=H )))) (VP=H (VBP=H ) (ADJP (JJ=H ))) (. ))),2,88344,"0,0820814329"
(ROOT (S=H (NP (NP=H (NNP ) (NNP=H )) (PP (IN=H ) (NP (DT ) (JJ ) (NN ) (NNS=H )))) (VP=H (VBP=H ) (ADJP (JJ=H ))) (. ))),2,88346,"0,0820832911"
(ROOT (S=H (NP (NP=H (NNP=H )) (PP (IN=H ) (NP (NNP ) (NNPS=H ) (CC ) (NNP )))) (VP=H (VBP=H ) (ADJP (JJ=H ))) (. ))),2,88348,"0,0820851494"
(ROOT (S=H (NP (NP=H (JJ ) (NN=H )) (PP (IN=H ) (NP (CD ) (NNS=H )))) (VP=H (VBP=H ) (ADJP (JJ=H ))) (. ))),2,88350,"0,0820870076"
(ROOT (S=H (NP (NP (NNS ) (POS=H )) (NNP ) (PRN (-LRB- ) (NP=H (NNP ) (NNP=H )) (-RRB- )) (NNP=H )) (VP=H (VBP=H ) (ADJP (JJ=H ))) (. ))),2,88352,"0,0820888658"
(ROOT (S=H (NP (NP (NNP ) (NNPS ) (POS=H )) (NNP ) (NNP ) (NNS=H )) (VP=H (VBP=H ) (ADJP (JJ=H ))) (. ))),2,88354,"0,082090724"
(ROOT (S=H (NP (NNP=H )) (VP=H (VBD=H ) (SBAR (S=H (NP (NNS=H )) (PP (IN=H ) (NP (DT ) (NNP=H ))) (VP=H (VBP=H ) (ADJP (JJ=H )))))) (. ))),2,88356,"0,0820925823"
(ROOT (S=H (NP (NP=H (NNP ) (CC ) (NNP ) (NNP=H )) (NP (JJ ) (NNS=H ))) (VP=H (VBP=H ) (ADJP (JJ=H ))) (. ))),2,88358,"0,0820944405"
(ROOT (S=H (NP (NP=H (NNP ) (NNPS ) (NNP ) (NNP ) (NNS=H )) (PP (IN=H ) (NP (NNS=H )))) (VP=H (VBP=H ) (ADJP (JJ=H ))) (. ))),2,88360,"0,0820962987"
(ROOT (S=H (NP (NP (NNP ) (NNPS ) (NNP=H )) (PRN (-LRB- ) (NP=H (NNP ) (NNPS=H )) (-RRB- )) (NNS=H )) (VP=H (VBP=H ) (ADJP (JJ=H ))) (. ))),2,88362,"0,0820981569"
(ROOT (S=H (NP (NN=H ) (S (VP=H (TO=H ) (VP (VB=H ) (NP (NNS=H )))))) (VP=H (VBP=H ) (ADJP (JJ=H ))) (. ))),2,88364,"0,0821000151"
(ROOT (S=H (NP (NP=H (NNP=H )) (VP (VBG=H ) (NP (NP=H (NNS=H )) (PP (IN=H ) (NP (NNP=H )))) (PP (IN=H ) (NP (NN=H ) (CC ) (NN ))))) (VP=H (VBP=H ) (ADJP (JJ=H ))) (. ))),2,88366,"0,0821018734"
(ROOT (S=H (NP (NNP=H )) (VP=H (NN=H ) (SBAR (S=H (NP (NNS=H )) (VP=H (VBP=H ) (ADJP (JJ=H )))))) (. ))),2,88368,"0,0821037316"
"(ROOT (S=H (NP (NAC (NNP=H ) (, ) (NNP )) (NNP ) (NNP=H )) (VP=H (VBP=H ) (ADJP (JJ=H ))) (. )))",2,88370,"0,0821055898"
(ROOT (S=H (NP (NP=H (JJ ) (NNS ) (NNS=H )) (PP (IN=H ) (NP (DT ) (NNP=H )))) (VP=H (VBP=H ) (ADJP (JJ=H ))) (. ))),2,88372,"0,082107448"
(ROOT (S=H (NP (NP=H (NNP=H )) (PP (IN=H ) (NP (NP=H (NNP ) (CC ) (NNP ) (NNP=H )) (PP (IN=H ) (NP (DT ) (NNPS=H )))))) (VP=H (VBP=H ) (ADJP (JJ=H ))) (. ))),2,88374,"0,0821093063"
(ROOT (S=H (NP (NP=H (NP=H (JJ ) (NNS ) (NNS=H )) (PP (IN=H ) (NP (NNP=H )))) (PRN (-LRB- ) (NP=H (NNP=H )) (-RRB- ))) (VP=H (VBP=H ) (ADJP (JJ=H ))) (. ))),2,88376,"0,0821111645"
(ROOT (S=H (NP (NNP ) (NNPS ) (NN ) (NNP ) (NNP=H )) (VP=H (VBD=H ) (SBAR (S=H (NP (NNS=H )) (VP=H (VBP=H ) (ADJP (JJ=H )))))) (. ))),2,88378,"0,0821130227"
(ROOT (S=H (NP (NP=H (NNP=H )) (CC ) (NP (ADJP (NN ) (NN=H )) (JJ ) (VBN ) (NNS=H ))) (VP=H (VBP=H ) (ADJP (JJ=H ))) (. ))),2,88380,"0,0821148809"
(ROOT (S=H (NP (NNP=H )) (VP=H (VBZ=H ) (SBAR (S=H (NP (JJ ) (VBN ) (NNS=H )) (VP=H (VBP=H ) (ADJP (JJ=H )))))) (. ))),2,88382,"0,0821167392"
(ROOT (S=H (NP (NP (NNP=H )) (PRN (-LRB- ) (NP=H (NN=H )) (-RRB- )) (NNS=H )) (PP (IN=H ) (NP (NNP=H ))) (VP=H (VBP=H ) (ADJP (JJ=H ))) (. ))),2,88384,"0,0821185974"
(ROOT (S=H (NP (NP=H (NN=H )) (PP (IN=H ) (NP (NP=H (JJ ) (NNS=H )) (PP (IN=H ) (NP (DT ) (NNPS=H )))))) (VP=H (VBP=H ) (ADJP (JJ=H ))) (. ))),2,88386,"0,0821204556"
(ROOT (S=H (NP (NP=H (NNP ) (NNP=H )) (VP (VBG=H ) (NP (NN ) (NNS=H )) (PP (IN=H ) (NP (NN=H ))))) (VP=H (VBP=H ) (ADJP (JJ=H ))) (. ))),2,88388,"0,0821223138"
(ROOT (S=H (NP (NP=H (NNP ) (NNP ) (NNP ) (NNP ) (NNP=H )) (PP (IN=H ) (NP (DT ) (NNP ) (NNPS=H )))) (VP=H (VBP=H ) (ADJP (JJ=H ))) (. ))),2,88390,"0,082124172"
(ROOT (S=H (NP (NP=H (NNP=H )) (VP (VBG=H ) (NP (NP=H (NNS=H )) (PP (IN=H ) (NP (NNP ) (NNP=H )))) (PP (IN=H ) (NP (NN=H ))))) (VP=H (VBP=H ) (ADJP (JJ=H ))) (. ))),2,88392,"0,0821260303"
"(ROOT (S=H (S (NP (NNP=H )) (VP=H (VBZ=H ) (PP (IN=H ) (NP (NNP ) (NNP ) (NNP=H ))))) (, ) (NP (NNP ) (NNP=H )) (VP=H (VBP=H ) (ADJP (JJ=H ))) (. )))",2,88394,"0,0821278885"
(ROOT (S=H (NP (NNP ) (NNPS ) (NNP=H )) (VP=H (VBZ=H ) (SBAR (S=H (NP (NP=H (NNS=H )) (PP (IN=H ) (NP (NN=H )))) (VP=H (VBP=H ) (ADJP (JJ=H )))))) (. ))),2,88396,"0,0821297467"
(ROOT (S=H (NP (NP=H (NNP ) (NNP=H )) (PP (IN=H ) (NP (NP=H (DT ) (NNP ) (NNPS=H )) (PP (IN=H ) (NP (NNP ) (NNS=H )))))) (VP=H (VBP=H ) (ADJP (JJ=H ))) (. ))),2,88398,"0,0821316049"
(ROOT (S=H (NP (NP (JJ ) (NNP ) (NNP ) (NNS ) (POS=H )) (NN=H )) (VP=H (VBP=H ) (ADJP (JJ=H ))) (. ))),2,88400,"0,0821334632"
(ROOT (S=H (NP (NP=H (NNP ) (NNP=H )) (PP (IN=H ) (NP (NP=H (NN=H )) (PP (IN=H ) (NP (DT ) (NNP ) (NNPS=H )))))) (VP=H (VBP=H ) (ADJP (JJ=H ))) (. ))),2,88402,"0,0821353214"
(ROOT (S=H (NP (NP=H (NNP ) (NNP ) (NNP ) (NNP=H )) (CC ) (NP (NNP ) (NNPS ) (NN=H ))) (VP=H (VBP=H ) (ADJP (JJ=H ))) (. ))),2,88404,"0,0821371796"
(ROOT (S=H (NP (NP=H (NNP ) (NNP ) (NNP=H )) (PP (IN=H ) (NP (NNS ) (NNS=H )))) (VP=H (VBP=H ) (ADJP (JJ=H ))) (. ))),2,88406,"0,0821390378"
(ROOT (S=H (NP (NNP ) (NNPS ) (. ) (NNPS=H )) (VP=H (VBP=H ) (SBAR (S=H (NP (NN ) (NNS=H )) (VP=H (VBP=H ) (ADJP (JJ=H )))))) (. ))),2,88408,"0,0821408961"
(ROOT (S=H (NP (NP=H (JJ ) (NN=H )) (PP (IN=H ) (NP (DT ) (NNP ) (NNP ) (NNPS ) (NNS=H )))) (VP=H (VBP=H ) (ADJP (JJ=H ))) (. ))),2,88410,"0,0821427543"
(ROOT (S=H (NP (NP (NNP ) (NNPS ) (NNP ) (POS=H )) (NN ) (CC ) (NN ) (NNS=H )) (VP=H (VBP=H ) (ADJP (JJ=H ))) (. ))),2,88412,"0,0821446125"
(ROOT (S=H (NP (NNP ) (NNP ) (NNP ) (NNP ) (ADJP (NNP=H ) (NNP )) (NNS=H )) (VP=H (VBP=H ) (ADJP (JJ=H ))) (. ))),2,88414,"0,0821464707"
(ROOT (S=H (NP (NP=H (NNP=H )) (PP (IN=H ) (NP (NP=H (NN=H ) (CC ) (NN )) (PP (IN=H ) (NP (DT ) (NNP ) (NNP ) (NNPS=H )))))) (VP=H (VBP=H ) (ADJP (JJ=H ))) (. ))),2,88416,"0,0821483289"
"(ROOT (S=H (NP (NNP ) (NNP ) (NNP ) (PRN (-LRB- ) (NP=H (NNP=H )) (, ) (NP (CD=H )) (-RRB- )) (NNP=H )) (VP=H (VBP=H ) (ADJP (JJ=H ))) (. )))",2,88418,"0,0821501872"
(ROOT (S=H (NP (NP=H (NNP ) (NNP=H )) (PP (IN=H ) (NP (NP=H (NP=H (NNP=H )) (PRN (-LRB- ) (NP=H (NP=H (JJ=H )) (: ) (NP (NNP=H ))) (-RRB- ))) (NP (NP=H (NNS=H )) (PP (IN=H ) (NP (DT ) (JJ ) (JJ ) (JJ ) (NN=H ))))))) (VP=H (VBP=H ) (ADJP (JJ=H ))) (. ))),2,88420,"0,0821520454"
(ROOT (S=H (NP (NP=H (NNP ) (NNP=H )) (PP (IN=H ) (NP (NP=H (NP=H (NNP=H )) (PRN (-LRB- ) (NP=H (NNP=H )) (-RRB- ))) (NP (NP=H (NNS=H )) (PP (IN=H ) (NP (NNP ) (JJ ) (NNS=H ))))))) (VP=H (VBP=H ) (ADJP (JJ=H ))) (. ))),2,88422,"0,0821539036"
(ROOT (S=H (NP (NP=H (NNP ) (NNP ) (NNP=H )) (PP (IN=H ) (NP (NNP ) (NNP ) (NNP ) (NNPS=H )))) (VP=H (VBP=H ) (ADJP (JJ=H ))) (. ))),2,88424,"0,0821557618"
(ROOT (S=H (NP (NNP ) (NNP ) (NNP=H )) (PRN (-LRB- ) (NP=H (NNP=H )) (-RRB- )) (NP (NN ) (NN ) (NNS=H )) (VP=H (VBP=H ) (ADJP (JJ=H ))) (. ))),2,88426,"0,0821576201"
(ROOT (S=H (NP (NP=H (NNP=H )) (VP (VBG=H ) (NP (NNS ) (CC ) (NNS ) (NNS=H )))) (VP=H (VBP=H ) (ADJP (JJ=H ))) (. ))),2,88428,"0,0821594783"
(ROOT (S=H (NP (NP=H (NNP ) (NNP ) (NNP ) (CC ) (NNP ) (NNP=H )) (PP (IN=H ) (NP (NNP ) (NNS=H )))) (VP=H (VBP=H ) (ADJP (JJ=H ))) (. ))),2,88430,"0,0821613365"
(ROOT (S=H (NP (NP=H (NNP ) (NNP=H )) (CC ) (NP (DT ) (NNP ) (CD ) (NNS=H ))) (VP=H (VBP=H ) (ADJP (JJ=H ))) (. ))),2,88432,"0,0821631947"
(ROOT (S=H (NP (NP=H (NNP ) (NNP=H )) (CC ) (NP (DT ) (NNP ) (NNS ) (NNS=H ))) (VP=H (VBP=H ) (ADJP (JJ=H ))) (. ))),2,88434,"0,082165053"
(ROOT (S=H (NP (NP=H (NNP ) (NNP=H )) (CC ) (NP (DT ) (NN ) (NNS=H ))) (VP=H (VBP=H ) (ADJP (JJ=H ))) (. ))),2,88436,"0,0821669112"
(ROOT (S=H (NP (DT ) (NN=H ) (S (VP=H (TO=H ) (VP (VB=H ) (NP (NN ) (NNS=H )))))) (VP=H (VBP=H ) (ADJP (JJ=H ))) (. ))),2,88438,"0,0821687694"
(ROOT (S=H (NP (NNP ) (NNP ) (NNP ) (NNP ) (NNP ) (NNP ) (NNS ) (NNS=H )) (VP=H (VBP=H ) (ADJP (JJ=H ))) (. ))),2,88440,"0,0821706276"
(ROOT (S=H (NP (NAC (NNP=H ) (NNP )) (NNP ) (NNP=H )) (VP=H (VBP=H ) (ADJP (JJ=H ))) (. ))),2,88442,"0,0821724858"
(ROOT (S=H (NP (NP (NNP=H )) (PRN (-LRB- ) (NP=H (NNS=H )) (-RRB- )) (NNS=H )) (PP (IN=H ) (NP (NN=H ))) (VP=H (VBP=H ) (ADJP (JJ=H ))) (. ))),2,88444,"0,0821743441"
(ROOT (S=H (NP (NP=H (NNP=H )) (PP (IN=H ) (NP (NP=H (DT ) (NNPS ) (NNS=H )) (PP (IN=H ) (NP (NN=H )))))) (VP=H (VBP=H ) (ADJP (JJ=H ))) (. ))),2,88446,"0,0821762023"
(ROOT (S=H (ADVP (RB=H )) (NP (JJS ) (NNS ) (NNS=H )) (VP=H (VBP=H ) (ADJP (JJ=H ))) (. ))),2,88448,"0,0821780605"
"(ROOT (S=H (NP (NP=H (NNS ) (CC ) (NN ) (NNS=H )) (PP (IN=H ) (NP (NP=H (NNP ) (NNP=H )) (, ) (NP (NNP=H ))))) (VP=H (VBP=H ) (ADJP (JJ=H ))) (. )))",2,88450,"0,0821799187"
"(ROOT (S=H (S (NP (NNP=H )) (VP=H (VBD=H ) (NP (NNS=H )) (PP (IN=H ) (NP (NNP ) (NNP ) (NNP=H ))))) (, ) (NP (NNP ) (NNP=H )) (VP=H (VBP=H ) (ADJP (JJ=H ))) (. )))",2,88452,"0,082181777"
(ROOT (S=H (NP (NP=H (NNP=H )) (PP (IN=H ) (NP (NP=H (NNP ) (NNP=H )) (PP (IN=H ) (NP (DT ) (NNPS=H )))))) (VP=H (VBP=H ) (ADJP (JJ=H ))) (. ))),2,88454,"0,0821836352"
(ROOT (S=H (NP (NNP=H )) (VP=H (VBP=H ) (SBAR (S=H (NP (NNS ) (NN ) (NNS=H )) (VP=H (VBP=H ) (ADJP (JJ=H )))))) (. ))),2,88456,"0,0821854934"
(ROOT (S=H (NP (NP=H (NNP ) (NNP=H )) (CC ) (NP (NP=H (NNP ) (JJ ) (NNS=H )) (PP (IN=H ) (NP (NN=H ))))) (VP=H (VBP=H ) (ADJP (JJ=H ))) (. ))),2,88458,"0,0821873516"
"(ROOT (S=H (PP (NP (NNP ) (NNS=H ) (CC ) (NNS )) (IN=H ) (NP (NNP=H ))) (, ) (NP (NNP=H )) (VP=H (VBP=H ) (ADJP (JJ=H ))) (. )))",2,88460,"0,0821892099"
(ROOT (S=H (NP (NP=H (NNP ) (NNP=H )) (VP (VBG=H ) (NP (JJ ) (NNS=H )))) (VP=H (VBP=H ) (ADJP (JJ=H ))) (. ))),2,88462,"0,0821910681"
"(ROOT (S=H (S (NP (NNP=H )) (VP=H (VBZ=H ) (PP (IN=H ) (NP (NNPS ) (NNP=H ))))) (, ) (NP (NNP=H )) (VP=H (VBP=H ) (ADJP (JJ=H ))) (. )))",2,88464,"0,0821929263"
(ROOT (S=H (NP (NNP ) (CC ) (NNP ) (NNP ) (NNS ) (NNS=H )) (VP=H (VBP=H ) (ADJP (JJ=H ))) (. ))),2,88466,"0,0821947845"
(ROOT (S=H (NP (NNP=H )) (VP=H (VBP=H ) (SBAR (S=H (NP (DT ) (NNP ) (NNP ) (NNP ) (NN ) (NNS=H )) (VP=H (VBP=H ) (ADJP (JJ=H )))))) (. ))),2,88468,"0,0821966427"
(ROOT (S=H (S (VP=H (VBN=H ) (PP (IN=H ) (NP (NNP ) (NNP=H ))))) (NP (PRP=H )) (VP=H (VBP=H ) (ADJP (JJ=H ))) (. ))),2,88470,"0,082198501"
(ROOT (S=H (NP (NP (NN=H )) (PRN (-LRB- ) (NP=H (JJ ) (JJ ) (NN=H )) (-RRB- )) (NNS=H )) (VP=H (VBP=H ) (ADJP (JJ=H ))) (. ))),2,88472,"0,0822003592"
(ROOT (S=H (NP (NP=H (NNP ) (NNP ) (NNP ) (NNP ) (NNP=H )) (PP (IN=H ) (NP (DT ) (NN ) (NN ) (NNS=H )))) (VP=H (VBP=H ) (ADJP (JJ=H ))) (. ))),2,88474,"0,0822022174"
"(ROOT (S=H (NP (NP=H (NNP=H )) (PP (IN=H ) (NP (NP=H (NNP ) (NNP=H )) (, ) (NP (NP=H (NNP=H )) (PP (IN=H ) (NP (NNP ) (NNS=H ))))))) (VP=H (VBP=H ) (ADJP (JJ=H ))) (. )))",2,88476,"0,0822040756"
"(ROOT (S=H (NP (NP=H (NNP=H )) (PP (IN=H ) (NP (NP=H (NNP ) (, ) (NNP=H )) (PP (IN=H ) (NP (NNP ) (NNS=H )))))) (VP=H (VBP=H ) (ADJP (JJ=H ))) (. )))",2,88478,"0,0822059339"
(ROOT (S=H (NP (NP=H (NNP=H )) (PRN (-LRB- ) (NP=H (NNP=H )) (-RRB- ))) (VP=H (VBD=H ) (SBAR (S=H (NP (NN ) (NNS=H )) (VP=H (VBP=H ) (ADJP (JJ=H )))))) (. ))),2,88480,"0,0822077921"
(ROOT (S=H (NP (NNP=H )) (VP=H (VBP=H ) (SBAR (S=H (NP (DT ) (NNP ) (NN ) (NNS=H )) (VP=H (VBP=H ) (ADJP (JJ=H )))))) (. ))),2,88482,"0,0822096503"
(ROOT (S=H (NP (NNP ) (JJ ) (NNS ) (NN ) (NN=H )) (VP=H (VBD=H ) (SBAR (S=H (NP (NN=H )) (VP=H (VBP=H ) (ADJP (JJ=H )))))) (. ))),2,88484,"0,0822115085"
(ROOT (S=H (PP (IN=H ) (NP (NN=H ))) (NP (NN=H )) (VP=H (VBP=H ) (ADJP (JJ=H ))) (. ))),2,88486,"0,0822133668"
(ROOT (S=H (NP (NP=H (JJ ) (NN ) (NNS ) (NNS=H )) (VP (VBG=H ) (NP (DT ) (NN=H )))) (VP=H (VBP=H ) (ADJP (JJ=H ))) (. ))),2,88488,"0,082215225"
(ROOT (NP=H (NP=H (NNP ) (NNP ) (FW ) (NNP=H )) (: ) (S (NP (NNP ) (NNS=H )) (VP=H (VBP=H ) (ADJP (JJ=H )))) (. ))),2,88490,"0,0822170832"
(ROOT (NP=H (NP=H (NP=H (NNP ) (NNP ) (NNP ) (NNP=H )) (PP (IN=H ) (NP (NNP=H )))) (: ) (S (NP (NNP=H )) (VP=H (VBP=H ) (ADJP (JJ=H )))) (. ))),2,88492,"0,0822189414"
(ROOT (S=H (NP (NP=H (NNP ) (NNP=H )) (PP (IN=H ) (NP (NP=H (NNP ) (NNPS=H )) (PP (IN=H ) (NP (NP=H (NP=H (NNP=H )) (PRN (-LRB- ) (NN=H ) (-RRB- ))) (PP (IN=H ) (NP (NN=H )))))))) (VP=H (VBP=H ) (ADJP (JJ=H ))) (. ))),2,88494,"0,0822207996"
(ROOT (S=H (NP (NP=H (JJ ) (PRN (-LRB- ) (NP=H (NNP ) (NNP ) (NNP=H )) (-RRB- )) (NN=H )) (PP (IN=H ) (NP (NNP ) (NNS=H )))) (VP=H (VBP=H ) (ADJP (JJ=H ))) (. ))),2,88496,"0,0822226579"
(ROOT (S=H (NP (NP=H (NNP ) (`` ) (NNP ) (NNP=H ) ('' )) (NP (NNP ) (NNS=H ))) (VP=H (VBP=H ) (ADJP (JJ=H ))) (. ))),2,88498,"0,0822245161"
(ROOT (S=H (NP (NP=H (NNP ) (NNPS ) (NNPS=H )) (NP (JJ ) (NNS=H ))) (VP=H (VBP=H ) (ADJP (JJ=H ))) (. ))),2,88500,"0,0822263743"
(ROOT (S=H (NP (NP=H (JJ ) (NN=H )) (VP (VBG=H ) (NP (JJ ) (NN ) (NNS=H )))) (VP=H (VBP=H ) (ADJP (JJ=H ))) (. ))),2,88502,"0,0822282325"
(ROOT (S=H (NP (NNP=H )) (PRN (-LRB- ) (NP=H (NN=H )) (-RRB- )) (NP (NN ) (CC ) (NN ) (NNS=H )) (VP=H (VBP=H ) (ADJP (JJ=H ))) (. ))),2,88504,"0,0822300908"
(ROOT (S=H (NP (NP=H (NNP=H )) (PRN (-LRB- ) (NN=H ) (-RRB- ))) (VP=H (VBD=H ) (SBAR (S=H (NP (NN ) (NNS=H )) (VP=H (VBP=H ) (ADJP (JJ=H )))))) (. ))),2,88506,"0,082231949"
(ROOT (S=H (NP (NP=H (NP=H (NNP=H )) (PP (IN=H ) (NP (NP=H (DT ) (NNP ) (NNP=H )) (PP (IN=H ) (NP (NP=H (NNP ) (NNPS=H )) (PP (IN=H ) (NP (NNP=H )))))))) (PRN (-LRB- ) (NN=H ) (-RRB- ))) (VP=H (VBP=H ) (ADJP (JJ=H ))) (. ))),2,88508,"0,0822338072"
(ROOT (NP=H (NP=H (NNP=H )) (PRN (-LRB- ) (NN=H ) (-RRB- )) (: ) (NP (NP=H (JJ ) (NNS=H )) (SBAR (S=H (VP=H (VBP=H ) (ADJP (JJ=H )))))) (. ))),2,88510,"0,0822356654"
(ROOT (S=H (NP (NP=H (NP=H (NNS ) (CC ) (NN ) (NNS=H )) (PP (IN=H ) (NP (NNP=H )))) (PRN (-LRB- ) (NN=H ) (-RRB- ))) (VP=H (VBP=H ) (ADJP (JJ=H ))) (. ))),2,88512,"0,0822375237"
(ROOT (S=H (NP (NP=H (NP=H (JJ ) (NNS ) (NNS=H )) (PP (IN=H ) (NP (NNP=H )))) (PRN (-LRB- ) (NN=H ) (-RRB- ))) (VP=H (VBP=H ) (ADJP (JJ=H ))) (. ))),2,88514,"0,0822393819"
(ROOT (S=H (S (VP=H (VBG=H ) (NP (JJ ) (NNS ) (NN=H )))) (VP=H (VBP=H ) (ADJP (JJ=H ))) (. ))),2,88516,"0,0822412401"
(ROOT (S=H (NP (NP=H (NNP=H )) (PP (IN=H ) (NP (NNP ) (NNP ) (PRN (-LRB- ) (NP=H (NNP ) (NNPS=H )) (-RRB- )) (NNS=H )))) (VP=H (VBP=H ) (ADJP (JJ=H ))) (. ))),2,88518,"0,0822430983"
(ROOT (S=H (NP (NP=H (NNP ) (NNP=H )) (PP (IN=H ) (NP (NP=H (DT ) (JJ ) (NN=H )) (PP (IN=H ) (NP (DT ) (JJ ) (NNP ) (NNP ) (NNPS ) (NNP ) (NN ) (NNS=H )))))) (VP=H (VBP=H ) (ADJP (JJ=H ))) (. ))),2,88520,"0,0822449566"
(ROOT (S=H (NP (NNP ) (NNP=H )) (SBAR=H (X (SYM=H )) (S=H (NP (NP=H (VBN ) (NNS=H )) (PP (IN=H ) (NP (NNP ) (NN ) (NN=H )))) (VP=H (VBP=H ) (ADJP (JJ=H ))))) (. ))),2,88522,"0,0822468148"
(ROOT (S=H (NP (NP=H (NNP=H )) (VP (ADVP (RB=H )) (VBN=H ) (PP (IN=H ) (NP (NNP ) (NNS=H ))))) (VP=H (VBP=H ) (ADJP (JJ=H ))) (. ))),2,88524,"0,082248673"
(ROOT (S=H (NP (NP=H (NNP=H )) (VP (ADVP (RB=H )) (VBN=H ) (PP (IN=H ) (NP (JJ ) (NNS=H )))) (PRN (-LRB- ) (NP=H (NN=H )) (-RRB- ))) (VP=H (VBP=H ) (ADJP (JJ=H ))) (. ))),2,88526,"0,0822505312"
(ROOT (S=H (NP (NP (NNP=H )) (PRN (-LRB- ) (NP=H (NN=H )) (-RRB- )) (NNS=H )) (ADVP (RB=H )) (VP=H (VBP=H ) (ADJP (JJ=H ))) (. ))),2,88528,"0,0822523894"
(ROOT (S=H (NP (NP=H (JJ ) (NNS ) (NNS=H )) (PP (VBN=H ) (PP (IN=H ) (NP (DT ) (NNPS=H ))))) (VP=H (VBP=H ) (ADJP (JJ=H ))) (. ))),2,88530,"0,0822542477"
"(ROOT (S=H (S (NP (JJ ) (NN=H )) (VP=H (VBG=H ) (ADVP (RB=H )))) (, ) (NP (JJ ) (NN ) (NNS=H )) (VP=H (VBP=H ) (ADJP (JJ=H ))) (. )))",2,88532,"0,0822561059"
(ROOT (NP=H (NP=H (NNP ) (NNS=H )) (: ) (S (NP (JJ ) (NN=H )) (VP=H (VBP=H ) (ADJP (JJ=H )))) (. ))),2,88534,"0,0822579641"
(ROOT (NP=H (NP=H (NNP ) (NNS=H )) (: ) (S (NP (JJ ) (NNS=H )) (VP=H (VBP=H ) (ADJP (JJ=H )))) (. ))),2,88536,"0,0822598223"
"(ROOT (S=H (ADVP (NP (JJ ) (NN=H )) (RB=H )) (, ) (NP (NNS ) (NNS ) (NNS=H )) (VP=H (VBP=H ) (ADJP (JJ=H ))) (. )))",2,88538,"0,0822616806"
(ROOT (S=H (NP (NP=H (NP (NNP ) (POS=H )) (JJ ) (NNS ) (NNS=H )) (PP (IN=H ) (NP (DT ) (NNP ) (NNP=H )))) (VP=H (VBP=H ) (ADJP (JJ=H ))) (. ))),2,88540,"0,0822635388"
(ROOT (S=H (NP (NNP ) (NNPS ) (NNS=H )) (ADVP (RB=H )) (VP=H (VBP=H ) (ADJP (JJ=H ))) (. ))),2,88542,"0,082265397"
(ROOT (S=H (NP (NP (NNP ) (NNPS=H )) (PRN (-LRB- ) (NP=H (JJ ) (NN ) (NN=H )) (-RRB- )) (NNS=H )) (VP=H (VBP=H ) (ADJP (JJ=H ))) (. ))),2,88544,"0,0822672552"
(ROOT (S=H (NP (NP=H (NNP=H )) (VP (VBN=H ) (PP (IN=H ) (NP (NNP ) (NNP ) (NNS=H ))))) (VP=H (VBP=H ) (ADJP (JJ=H ))) (. ))),2,88546,"0,0822691135"
(ROOT (S=H (NP (NP (NNP=H )) (PRN (-LRB- ) (NP=H (JJ ) (NNS=H )) (-RRB- )) (NNS=H )) (PP (IN=H ) (NP (NN=H ))) (VP=H (VBP=H ) (ADJP (JJ=H ))) (. ))),2,88548,"0,0822709717"
(ROOT (S=H (NP (NP (NNP=H )) (PRN (-LRB- ) (NP=H (NP=H (NNS=H )) (CC ) (NP (NN=H ))) (-RRB- )) (NNS=H )) (PP (IN=H ) (NP (NN=H ))) (VP=H (VBP=H ) (ADJP (JJ=H ))) (. ))),2,88550,"0,0822728299"
(ROOT (S=H (NP (NP (NNP=H )) (PRN (-LRB- ) (NP=H (JJ ) (NN=H )) (-RRB- )) (NNS=H )) (PP (IN=H ) (NP (NN=H ))) (VP=H (VBP=H ) (ADJP (JJ=H ))) (. ))),2,88552,"0,0822746881"
(ROOT (S=H (NP (NNP=H ) (CC ) (NNP )) (PRN (-LRB- ) (NP=H (NN ) (NN=H )) (-RRB- )) (NP (NN ) (NNS=H )) (VP=H (VBP=H ) (ADJP (JJ=H ))) (. ))),2,88554,"0,0822765463"
(ROOT (S=H (NP (NNP=H )) (VP=H (VBD=H ) (NP (NP=H (NNS=H )) (SBAR (S=H (NP (NNP ) (CD ) (NNS=H )) (VP=H (VBP=H ) (ADJP (JJ=H ))))))) (. ))),2,88556,"0,0822784046"
(ROOT (S=H (NP (NNP=H )) (VP=H (VBD=H ) (NP (NP=H (NNP ) (NNP=H )) (SBAR (S=H (NP (NP=H (CD ) (NNS=H )) (ADJP (JJ ) (JJ=H ))) (VP=H (VBP=H ) (ADJP (JJ=H ))))))) (. ))),2,88558,"0,0822802628"
(ROOT (S=H (NP (NNP=H )) (VP=H (VBD=H ) (NP (NP=H (NNS=H )) (SBAR (S=H (NP (NNP ) (CD ) (NNS=H )) (VP=H (VBD=H ) (SBAR (S=H (NP (NN=H )) (VP=H (VBP=H ) (ADJP (JJ=H )))))))))) (. ))),2,88560,"0,082282121"
"(ROOT (S=H (S (NP (NNS=H )) (VP=H (VBN=H ) (PP (IN=H ) (NP (NP (DT ) (NNP ) (NNP ) (POS=H )) (NNP=H ))))) (, ) (NP (NNP=H )) (VP=H (VBP=H ) (ADJP (JJ=H ))) (. )))",2,88562,"0,0822839792"
"(ROOT (S=H (S (VP=H (VBG=H ) (NP (NN ) (NNS=H )) (PP (IN=H ) (NP (NNP ) (NNP=H ))))) (, ) (NP (NNP=H )) (VP=H (VBP=H ) (ADJP (JJ=H ))) (. )))",2,88564,"0,0822858375"
"(ROOT (S=H (S (NP (NNP=H )) (VP=H (VBZ=H ) (NP (NP=H (NNS=H )) (PP (IN=H ) (NP (NNP ) (NNP=H )))))) (, ) (NP (NNP=H )) (VP=H (VBP=H ) (ADJP (JJ=H ))) (. )))",2,88566,"0,0822876957"
(ROOT (S=H (NP (NP=H (NNP ) (NNP=H )) (PP (IN=H ) (NP (NP=H (NNP ) (NNP=H )) (PP (TO=H ) (NP (DT ) (NNP ) (NNPS=H )))))) (VP=H (VBP=H ) (ADJP (JJ=H ))) (. ))),2,88568,"0,0822895539"
(ROOT (S=H (NP (NP=H (NNP ) (NNPS ) (NNP ) (NNP=H )) (NP (JJ ) (NN ) (NN=H ))) (VP=H (VBP=H ) (ADJP (JJ=H ))) (. ))),2,88570,"0,0822914121"
"(ROOT (S=H (NP (NP=H (NNP ) (NNPS ) (NNP=H )) (PP (IN=H ) (NP (NP=H (NNPS ) (NNS=H )) (PP (IN=H ) (NP (NP=H (NNP=H )) (, ) (NP (CD=H ))))))) (VP=H (VBP=H ) (ADJP (JJ=H ))) (. )))",2,88572,"0,0822932704"
(ROOT (S=H (NP (NNP ) (NNP ) (NNP ) (NNP ) (NNS ) (NNS=H )) (VP=H (VBP=H ) (SBAR (S=H (NP (NNS=H )) (VP=H (VBP=H ) (ADJP (JJ=H )))))) (. ))),2,88574,"0,0822951286"
(ROOT (S=H (NP (NP=H (NNP=H )) (PP (IN=H ) (NP (ADJP (RB ) (JJ=H )) (NN=H ) (CC ) (NN ))) (PP (IN=H ) (NP (DT ) (NNP ) (NNPS=H )))) (VP=H (VBP=H ) (ADJP (JJ=H ))) (. ))),2,88576,"0,0822969868"
(ROOT (S=H (NP (NNP=H )) (VP=H (VBD=H ) (SBAR (S=H (NP (NP=H (NP=H (NP=H (NNS=H )) (NP (NNP=H ))) (: ) (NP (NP=H (NNP=H )) (PP (IN=H ) (NP (DT ) (NNP=H ))))) (PRN (-LRB- ) (NP=H (NN=H ) (CD )) (-RRB- ))) (VP=H (VBP=H ) (ADJP (JJ=H )))))) (. ))),2,88578,"0,082298845"
(ROOT (S=H (NP (NP (NN ) (NN=H )) (PRN (-LRB- ) (NP=H (NNP ) (NNP=H )) (-RRB- )) (NNS=H )) (VP=H (VBP=H ) (ADJP (JJ=H ))) (. ))),2,88580,"0,0823007032"
(ROOT (S=H (NP (NP (NNP ) (NNP=H )) (PRN (-LRB- ) (NP=H (NP=H (CD=H )) (: ) (NP (NN=H ))) (-RRB- )) (NNS=H )) (VP=H (VBP=H ) (ADJP (JJ=H ))) (. ))),2,88582,"0,0823025615"
"(ROOT (S=H (S (NP (NNS=H )) (VP=H (VBN=H ) (PP (IN=H ) (NP (DT ) (NNP ) (NNP=H ))))) (, ) (NP (NNP ) (NNP=H )) (VP=H (VBP=H ) (ADJP (JJ=H ))) (. )))",2,88584,"0,0823044197"
(ROOT (S=H (NP (NP=H (NP=H (NNP ) (NNP ) (NNPS ) (NNP=H )) (PRN (-LRB- ) (NP=H (NP=H (NN=H )) (CC ) (NP (NN=H ))) (-RRB- ))) (PP (IN=H ) (NP (NN=H )))) (VP=H (VBP=H ) (ADJP (JJ=H ))) (. ))),2,88586,"0,0823062779"
(ROOT (S=H (NP (NNP=H )) (VP=H (VBD=H ) (SBAR (S=H (NP (NNS=H )) (PP (IN=H ) (NP (DT ) (NNP ) (JJ ) (NN=H ))) (VP=H (VBP=H ) (ADJP (JJ=H )))))) (. ))),2,88588,"0,0823081361"
(ROOT (S=H (NP (NP=H (NNP=H )) (NP-TMP (CD ) (NNS=H ))) (VP=H (VBP=H ) (ADJP (JJ=H ))) (. ))),2,88590,"0,0823099944"
(ROOT (NP=H (NP=H (JJ=H )) (: ) (S (NP (NNP ) (NNPS=H )) (VP=H (VBP=H ) (ADJP (JJ=H )))) (. ))),2,88592,"0,0823118526"
(ROOT (S=H (NP (NNP ) (NNP ) (NNP=H )) (PRN (-LRB- ) (NP=H (NNP ) (NNP=H )) (-RRB- )) (NP (NN ) (NNS=H )) (VP=H (VBP=H ) (ADJP (JJ=H ))) (. ))),2,88594,"0,0823137108"
(ROOT (S=H (NP (NNP ) (NNP ) (NNPS ) (NNP=H )) (: ) (VP=H (VBP=H ) (ADJP (JJ=H ))) (. ))),2,88596,"0,082315569"
(ROOT (S=H (NP (NAC (NNPS=H ) (PP (IN=H ) (NP (DT ) (NNP=H )))) (NNP ) (NNP=H )) (VP=H (VBP=H ) (ADJP (JJ=H ))) (. ))),2,88598,"0,0823174273"
(ROOT (S=H (NP (NNP=H )) (VP=H (VBD=H ) (SBAR (S=H (NP (NP=H (NNS=H )) (PP (IN=H ) (NP (NP=H (NNS=H )) (PP (IN=H ) (NP (NP=H (NNP=H )) (PP (IN=H ) (NP (NN=H )))))))) (VP=H (VBP=H ) (ADJP (JJ=H )))))) (. ))),2,88600,"0,0823192855"
(ROOT (S=H (NP (NNP=H )) (VP=H (VBD=H ) (SBAR (S=H (NP (NP=H (NNS=H )) (PP (IN=H ) (NP (NP=H (NNS=H ) (CC ) (NNS )) (PP (IN=H ) (NP (NN=H )))))) (VP=H (VBP=H ) (ADJP (JJ=H )))))) (. ))),2,88602,"0,0823211437"
(ROOT (S=H (NP (NP=H (NNP=H )) (PRN (-LRB- ) (NP=H (NNP ) (NNP=H )) (-RRB- ))) (VP=H (VBD=H ) (SBAR (S=H (NP (NN ) (NNS=H )) (VP=H (VBP=H ) (ADJP (JJ=H )))))) (. ))),2,88604,"0,0823230019"
(ROOT (S=H (NP (NP=H (NNP=H )) (NP (DT ) (NNS ) (NNS=H ))) (VP=H (VBP=H ) (ADJP (JJ=H ))) (. ))),2,88606,"0,0823248601"
(ROOT (S=H (NP (NP=H (NNP ) (NNP=H )) (PP (IN=H ) (NP (JJ ) (NNP ) (NN ) (NNS=H )))) (VP=H (VBP=H ) (ADJP (JJ=H ))) (. ))),2,88608,"0,0823267184"
(ROOT (S=H (NP (NP=H (NNP ) (NNPS ) (CC ) (NNP ) (NNP ) (NNS=H )) (PP (IN=H ) (NP (NN=H )))) (VP=H (VBP=H ) (ADJP (JJ=H ))) (. ))),2,88610,"0,0823285766"
(ROOT (S=H (NP (NNP=H )) (VP=H (VBD=H ) (SBAR (S=H (NP (NP=H (NP=H (NP=H (NNS=H )) (NP (NNP=H ))) (: ) (NP (NP=H (NNP=H )) (PP (IN=H ) (NP (DT ) (NNP=H ))))) (PRN (-LRB- ) (NP=H (NN=H ) (CD )) (-RRB- ))) (VP=H (VBD=H ) (SBAR (S=H (NP (NN=H )) (VP=H (VBP=H ) (ADJP (JJ=H ))))))))) (. ))),2,88612,"0,0823304348"
(ROOT (S=H (NP (NP=H (NP (NNP ) (POS=H )) (NNP=H )) (PP (IN=H ) (NP (NP=H (JJ ) (NNS=H )) (PP (IN=H ) (NP (NN=H )))))) (VP=H (VBP=H ) (ADJP (JJ=H ))) (. ))),2,88614,"0,082332293"
"(ROOT (S=H (S (VP=H (ADVP (RB=H )) (VBN=H ) (NP (NP=H (NNS=H )) (PP (VBN=H ) (PP (IN=H ) (NP (NNP=H ))))))) (, ) (NP (NNP=H )) (VP=H (VBP=H ) (ADJP (JJ=H ))) (. )))",2,88616,"0,0823341513"
(ROOT (S=H (NP (NP=H (NNP ) (NNP ) (NNPS ) (NNP=H )) (PP (IN=H ) (NP (NNP=H ) (CC ) (NNP )))) (VP=H (VBP=H ) (ADJP (JJ=H ))) (. ))),2,88618,"0,0823360095"
(ROOT (S=H (NP (NNP ) (IN ) (NNP ) (NNP=H )) (VP=H (VBD=H ) (SBAR (S=H (NP (NNS=H )) (VP=H (VBP=H ) (ADJP (JJ=H )))))) (. ))),2,88620,"0,0823378677"
(ROOT (S=H (NP (NP=H (NNP ) (NNP ) (NNP=H )) (CC ) (NP (NP=H (JJ ) (NNS=H )) (PP (IN=H ) (NP (NN=H ))))) (VP=H (VBP=H ) (ADJP (JJ=H ))) (. ))),2,88622,"0,0823397259"
(ROOT (S=H (NP (NP=H (NNP ) (NNPS ) (CC ) (NNP ) (NNS=H )) (PP (TO=H ) (NP (NNP=H )))) (VP=H (VBP=H ) (ADJP (JJ=H ))) (. ))),2,88624,"0,0823415842"
(ROOT (S=H (NP (NP=H (NNP ) (NNP=H )) (CC ) (NP (NP=H (DT ) (NNP ) (NNS=H )) (PP (TO=H ) (NP (DT ) (NNP ) (NNPS=H ))))) (VP=H (VBP=H ) (ADJP (JJ=H ))) (. ))),2,88626,"0,0823434424"
(ROOT (S=H (NP (NP (JJ ) (NNP ) (NNPS=H )) (PRN (-LRB- ) (NP=H (NP=H (CD=H )) (: ) (NP (CD=H ))) (-RRB- )) (NNS=H )) (VP=H (VBP=H ) (ADJP (JJ=H ))) (. ))),2,88628,"0,0823453006"
(ROOT (S=H (NP (NP=H (NNP=H )) (PP (IN=H ) (NP (NP=H (NNP=H )) (PP (IN=H ) (NP (NP=H (NNP ) (NNS=H )) (PP (IN=H ) (NP (NN=H )))))))) (VP=H (VBP=H ) (ADJP (JJ=H ))) (. ))),2,88630,"0,0823471588"
(ROOT (S=H (NP (NP=H (NNP ) (NNPS ) (CC ) (NNP ) (NNS=H )) (PP (TO=H ) (NP (DT ) (NNP ) (NNPS=H )))) (VP=H (VBP=H ) (ADJP (JJ=H ))) (. ))),2,88632,"0,082349017"
(ROOT (S=H (NP (NP=H (NNP=H )) (SBAR (S=H (NP (NN ) (NN ) (NNS=H )) (VP=H (VBD=H ) (PP (IN=H ) (NP (NP=H (DT ) (NNP=H )) (PP (IN=H ) (NP (NNP=H ))))))))) (VP=H (VBP=H ) (ADJP (JJ=H ))) (. ))),2,88634,"0,0823508753"
(ROOT (S=H (NP (NP (NNP ) (NNPS ) (NNP=H )) (PRN (-LRB- ) (NP=H (NN=H )) (-RRB- )) (NNS=H )) (VP=H (VBP=H ) (ADJP (JJ=H ))) (. ))),2,88636,"0,0823527335"
(ROOT (S=H (NP (NP=H (JJ ) (ADJP (JJ=H ) (PRT (RP=H ))) (NN=H )) (PRN (-LRB- ) (NP=H (NP=H (NNPS=H )) (PP (IN=H ) (NP (NN=H )))) (-RRB- ))) (VP=H (VBP=H ) (SBAR (S=H (VP=H (VBP=H ) (ADJP (JJ=H )))))) (. ))),2,88638,"0,0823545917"
(ROOT (S=H (NP (NP=H (NNP ) (NNP=H )) (CC ) (NP (DT ) (NNP ) (NNP ) (NNP=H ))) (VP=H (VBP=H ) (SBAR (S=H (NP (NN ) (NNS=H )) (VP=H (VBP=H ) (ADJP (JJ=H )))))) (. ))),2,88640,"0,0823564499"
(ROOT (NP=H (NP=H (NNP=H )) (: ) (NP (NP=H (NNP ) (NNP=H )) (SBAR (S=H (NP (NP (NNS ) (POS=H )) (NN ) (NN=H )) (VP=H (VBP=H ) (ADJP (JJ=H )))))) (. ))),2,88642,"0,0823583082"
(ROOT (NP=H (NP=H (NNP ) (NNP ) (NNP=H )) (: ) (S (NP (NNP ) (FW ) (NNP=H )) (VP=H (VBP=H ) (ADJP (JJ=H )))) (. ))),2,88644,"0,0823601664"
(ROOT (S=H (S (VP=H (VBG=H ) (PP (IN=H ) (NP (DT ) (NNP ) (NNP ) (NNPS ) (NNP=H ))))) (VP=H (VBP=H ) (ADJP (JJ=H ))) (. ))),2,88646,"0,0823620246"
(ROOT (S=H (NP (NP=H (NNP ) (NNP ) (NNP=H )) (PP (IN=H ) (NP (NP=H (NNP=H )) (PP (IN=H ) (NP (NNP ) (NNS=H )))))) (VP=H (VBP=H ) (ADJP (JJ=H ))) (. ))),2,88648,"0,0823638828"
(ROOT (S=H (S=H (NP (ADJP (NNP=H ) (NNP )) (NN ) (NNS=H )) (VP=H (VBZ=H ))) (: ) (S (NP (CD ) (NN=H )) (VP=H (VBP=H ) (ADJP (JJ=H )))) (. ))),2,88650,"0,0823657411"
(ROOT (S=H (NP (NP (DT ) (NNP ) (POS=H )) (NNP ) (PRN (-LRB- ) (NP=H (NNP ) (NNP=H )) (-RRB- )) (NNP=H )) (VP=H (VBP=H ) (ADJP (JJ=H ))) (. ))),2,88652,"0,0823675993"
(ROOT (S=H (NP (NP=H (NNP=H )) (PP (IN=H ) (NP (DT ) (NNP ) (PRN (-LRB- ) (NP=H (NNP ) (NNPS=H )) (-RRB- )) (NNS=H )))) (VP=H (VBP=H ) (ADJP (JJ=H ))) (. ))),2,88654,"0,0823694575"
(ROOT (NP=H (NP=H (NNP ) (NNP=H )) (: ) (S (NP (NNP ) (NNP ) (NNP ) (NNP=H )) (VP=H (VBP=H ) (ADJP (JJ=H )))) (. ))),2,88656,"0,0823713157"
(ROOT (S=H (NP (NP=H (NNP ) (NN ) (NN=H )) (PP (IN=H ) (NP (DT ) (NNP ) (NNP ) (NNPS ) (NNP=H )))) (VP=H (VBP=H ) (ADJP (JJ=H ))) (. ))),2,88658,"0,0823731739"
(ROOT (S=H (NP (NP=H (NNP ) (NNP ) (NNP=H )) (PRN (-LRB- ) (NP=H (NNS=H )) (-RRB- ))) (VP=H (VBP=H ) (ADJP (JJ=H ))) (. ))),2,88660,"0,0823750322"
(ROOT (S=H (NP (NNP ) (CC ) (NNP ) (NNP=H )) (VP=H (VBZ=H ) (SBAR (S=H (NP (NNS=H )) (VP=H (VBP=H ) (ADJP (JJ=H )))))) (. ))),2,88662,"0,0823768904"
(ROOT (S=H (NP (NP=H (NN=H )) (PP (IN=H ) (NP (DT ) (NNP ) (NNP ) (NNPS ) (NNP=H )))) (VP=H (VBP=H ) (ADJP (JJ=H ))) (. ))),2,88664,"0,0823787486"
(ROOT (S=H (NP (NP=H (NNP ) (NNPS ) (NNP ) (NNP ) (NNS=H )) (PP (IN=H ) (NP (NNP ) (NNP ) (NN=H )))) (VP=H (VBP=H ) (ADJP (JJ=H ))) (. ))),2,88666,"0,0823806068"
(ROOT (S=H (NP (NP=H (NNP ) (NNP ) (NNP=H )) (PP (IN=H ) (NP (NP=H (NNPS=H )) (PP (IN=H ) (NP (NNP=H )))))) (VP=H (VBP=H ) (ADJP (JJ=H ))) (. ))),2,88668,"0,0823824651"
(ROOT (NP=H (NP=H (NNP=H )) (: ) (S (NP (NP (NNP ) (NNP ) (POS=H )) (NNP ) (NNS=H )) (VP=H (VBP=H ) (ADJP (JJ=H )))) (. ))),2,88670,"0,0823843233"
(ROOT (S=H (NP (NP=H (NNP ) (POS=H )) (PP (IN=H ) (NP (DT ) (NNP ) (NNP ) (NNS=H )))) (VP=H (VBP=H ) (ADJP (JJ=H ))) (. ))),2,88672,"0,0823861815"
(ROOT (S=H (NP (NP=H (NP=H (NNP ) (NNP ) (. ) (NNP=H )) (NP (NNS=H ))) (VP (VBG=H ) (NP (NN=H )))) (VP=H (VBP=H ) (ADJP (JJ=H ))) (. ))),2,88674,"0,0823880397"
(ROOT (NP=H (NP=H (NNS=H ) (CC ) (NNS )) (: ) (S (NP (JJ ) (NN=H )) (VP=H (VBP=H ) (ADJP (JJ=H )))) (. ))),2,88676,"0,082389898"
(ROOT (S=H (NP (NP=H (NNP=H )) (PP (IN=H ) (NP (NP=H (NN=H ) (CC ) (NN )) (PP (IN=H ) (NP (DT ) (JJ ) (NNS=H )))))) (VP=H (VBP=H ) (ADJP (JJ=H ))) (. ))),2,88678,"0,0823917562"
(ROOT (NP=H (NP=H (NNP=H )) (: ) (S (NP (NNP ) (NNP ) (NNPS ) (NNP=H )) (VP=H (VBP=H ) (ADJP (JJ=H )))) (. ))),2,88680,"0,0823936144"
(ROOT (NP=H (NP=H (NNP=H )) (: ) (S (NP (NNP ) (NNP ) (NNP ) (NN ) (NN=H )) (VP=H (VBP=H ) (ADJP (JJ=H )))) (. ))),2,88682,"0,0823954726"
(ROOT (NP=H (NP=H (NP=H (JJ ) (NNS=H )) (PP (IN=H ) (NP (DT ) (NN=H )))) (: ) (NP (NP=H (NNP ) (NNP=H )) (SBAR (S=H (NP (NN=H )) (VP=H (VBP=H ) (ADJP (JJ=H )))))) (. ))),2,88684,"0,0823973308"
(ROOT (NP=H (NP=H (NNP=H )) (: ) (S (NP (JJ ) (NN ) (NN=H )) (VP=H (VBP=H ) (ADJP (JJ=H )))) (. ))),2,88686,"0,0823991891"
(ROOT (S=H (NP (NP=H (NN ) (NN=H )) (PP (VBN=H ) (PP (IN=H ) (NP (NN ) (NNS=H ))))) (VP=H (VBP=H ) (ADJP (JJ=H ))) (. ))),2,88688,"0,0824010473"
(ROOT (NP=H (NP=H (NNP=H )) (: ) (S (NP (NP (NNP ) (NNP ) (POS=H )) (NNS=H )) (VP=H (VBP=H ) (ADJP (JJ=H )))) (. ))),2,88690,"0,0824029055"
(ROOT (S=H (NP (NP=H (JJ ) (NN=H )) (NP (CD ) (NNS=H ))) (VP=H (VBP=H ) (ADJP (JJ=H ))) (. ))),2,88692,"0,0824047637"
(ROOT (S=H (NP (NP=H (NNP=H )) (PP (IN=H ) (NP (NNP ) (NNPS ) (NNP ) (NNP=H )))) (VP=H (VBP=H ) (ADJP (JJ=H ))) (. ))),2,88694,"0,082406622"
(ROOT (S=H (PP (IN ) (IN=H ) (NP (NNP=H ))) (NP (NNS=H )) (VP=H (VBP=H ) (ADJP (JJ=H ))) (. ))),2,88696,"0,0824084802"
(ROOT (S=H (S (VP=H (VBG=H ) (NP (DT ) (NN=H )))) (NP (NNP=H )) (VP=H (VBP=H ) (ADJP (JJ=H ))) (. ))),2,88698,"0,0824103384"
(ROOT (S=H (NP (NP (NNS ) (POS=H )) (NNP ) (NNP ) (NN ) (NNS=H )) (VP=H (VBP=H ) (ADJP (JJ=H ))) (. ))),2,88700,"0,0824121966"
(ROOT (S=H (NP (NP=H (NNP=H )) (CC ) (NP (NP=H (NN ) (NNS=H )) (VP (VBN=H ) (PP (IN=H ) (NP (NNP ) (NNP=H )))))) (VP=H (VBP=H ) (ADJP (JJ=H ))) (. ))),2,88702,"0,0824140549"
"(ROOT (S=H (S (NP (NNS=H )) (VP=H (VBN=H ) (PP (IN=H ) (NP (NP (NNP ) (NNP ) (POS=H )) (NN=H ))))) (, ) (NP (NNP=H )) (VP=H (VBP=H ) (ADJP (JJ=H ))) (. )))",2,88704,"0,0824159131"
(ROOT (S=H (NP (NP=H (JJ ) (NN=H )) (PP (IN=H ) (NP (DT ) (NNP ) (NNP ) (NNP ) (NNPS=H )))) (VP=H (VBP=H ) (ADJP (JJ=H ))) (. ))),2,88706,"0,0824177713"
(ROOT (S=H (NP (NP=H (NNP ) (FW ) (NNP=H )) (NP (CD ) (NNS=H ))) (VP=H (VBP=H ) (ADJP (JJ=H ))) (. ))),2,88708,"0,0824196295"
(ROOT (S=H (NP (NNP ) (NNP ) (NNPS ) (CC ) (NN ) (NN ) (NNS=H )) (VP=H (VBP=H ) (ADJP (JJ=H ))) (. ))),2,88710,"0,0824214877"
(ROOT (S=H (NP (NP=H (NNP ) (NNP=H )) (PP (IN=H ) (NP (NP=H (DT ) (NNPS=H )) (PP (IN=H ) (NP (NN=H )))))) (VP=H (VBP=H ) (ADJP (JJ=H ))) (. ))),2,88712,"0,082423346"
(ROOT (S=H (NP (NP (NNP ) (NNP ) (NNPS=H )) (PRN (-LRB- ) (NP=H (NP=H (NNP ) (NNPS=H )) (NP (NN=H ))) (-RRB- )) (NNS=H )) (VP=H (VBP=H ) (ADJP (JJ=H ))) (. ))),2,88714,"0,0824252042"
"(ROOT (S=H (NP (NP=H (JJ ) (NN=H )) (VP (VBG=H ) (NP (NP=H (NNS=H )) (PP (IN=H ) (NP (NNP ) (, ) (NNP=H )))))) (VP=H (VBP=H ) (ADJP (JJ=H ))) (. )))",2,88716,"0,0824270624"
"(ROOT (S=H (NP (NP (NNP ) (, ) (NNP=H )) (PRN (-LRB- ) (NP=H (JJ ) (NN ) (NN=H )) (-RRB- )) (NNS=H )) (VP=H (VBP=H ) (ADJP (JJ=H ))) (. )))",2,88718,"0,0824289206"
"(ROOT (S=H (S (NP (NNS=H )) (VP=H (VBN=H ) (PP (IN=H ) (NP (NP (NNP ) (POS=H )) (NNP ) (NNP=H ))))) (, ) (NP (NNP=H )) (VP=H (VBP=H ) (ADJP (JJ=H ))) (. )))",2,88720,"0,0824307789"
(ROOT (S=H (NP (NP=H (NNP ) (-LRB- ) (NN=H ) (-RRB- )) (PP (IN=H ) (NP (NNP ) (NN ) (NN ) (NNS=H )))) (VP=H (VBP=H ) (ADJP (JJ=H ))) (. ))),2,88722,"0,0824326371"
(ROOT (S=H (NP (NP=H (NNP ) (NNP ) (NNP ) (NN ) (NN=H )) (PP (IN=H ) (NP (NN ) (NN ) (NNS=H )))) (VP=H (VBP=H ) (ADJP (JJ=H ))) (. ))),2,88724,"0,0824344953"
(ROOT (S=H (NP (NP=H (JJ ) (NN=H )) (VP (VBG=H ) (NP (NN ) (NN ) (NNS=H )))) (VP=H (VBP=H ) (ADJP (JJ=H ))) (. ))),2,88726,"0,0824363535"
(ROOT (NP=H (NP=H (NNP=H )) (: ) (S (NP (NNP ) (NNP ) (NNS ) (NNS=H )) (VP=H (VBP=H ) (ADJP (JJ=H )))) (. ))),2,88728,"0,0824382118"
"(ROOT (S=H (NP (NP (NNP ) (NNP ) (NNP ) (NNP ) (NNP=H )) (PRN (-LRB- ) (NP=H (NNP ) (NNP=H )) (, ) (NP (NNP=H )) (-RRB- )) (NNS=H )) (VP=H (VBP=H ) (ADJP (JJ=H ))) (. )))",2,88730,"0,08244007"
(ROOT (S=H (NP (NNP=H )) (PRN (-LRB- ) (NP=H (NNP ) (NNP=H )) (-RRB- )) (NP (NN ) (NNS=H )) (VP=H (VBP=H ) (ADJP (JJ=H ))) (. ))),2,88732,"0,0824419282"
(ROOT (S=H (NP (NNP ) (NNP=H )) (SBAR=H (X (SYM=H )) (S=H (NP (NP=H (VBN ) (NNS=H )) (PP (IN=H ) (NP (NN=H )))) (VP=H (VBP=H ) (ADJP (JJ=H ))))) (. ))),2,88734,"0,0824437864"
(ROOT (S=H (NP (NP=H (NNP=H )) (PP (IN=H ) (NP (DT ) (NN ) (NN ) (NNS=H )))) (VP=H (VBP=H ) (ADJP (JJ=H ))) (. ))),2,88736,"0,0824456447"
(ROOT (S=H (NP (NP=H (NNP=H )) (PP (IN=H ) (NP (NP=H (DT ) (NNP ) (NNPS ) (CC ) (NNP ) (NNS=H )) (PP (IN=H ) (NP (NN=H )))))) (VP=H (VBP=H ) (ADJP (JJ=H ))) (. ))),2,88738,"0,0824475029"
(ROOT (S=H (NP (NNP ) (NNP ) (CC ) (NNS ) (NNS=H )) (VP=H (VBP=H ) (ADJP (JJ=H ))) (. ))),2,88740,"0,0824493611"
"(ROOT (S=H (NP (NP (NNP ) (NNP ) (NNP ) (NNP ) (NNP=H )) (PRN (-LRB- ) (NP=H (NNP=H )) (, ) (NP (NNP=H )) (-RRB- )) (NNS=H )) (VP=H (VBP=H ) (ADJP (JJ=H ))) (. )))",2,88742,"0,0824512193"
(ROOT (S=H (NP-TMP (NNP=H )) (NP (CD ) (JJ ) (NNP ) (NN ) (NNS=H )) (VP=H (VBP=H ) (ADJP (JJ=H ))) (. ))),2,88744,"0,0824530775"
(ROOT (S=H (NP (NP=H (NNP ) (NNP ) (NNP=H )) (VP (VBG=H ) (NP (NNS=H )) (NP (JJ ) (NNS=H )))) (VP=H (VBP=H ) (ADJP (JJ=H ))) (. ))),2,88746,"0,0824549358"
"(ROOT (NP=H (NP=H (NNP=H )) (: ) (S (NP (NNP ) (NNP ) (NNP=H )) (, ) (NP (NNP ) (NN ) (NNS=H )) (VP=H (VBP=H ) (ADJP (JJ=H )))) (. )))",2,88748,"0,082456794"
(ROOT (S=H (NP (NP (NNP ) (NNP ) (NNP ) (NNP ) (NNS ) (POS=H )) (NN=H )) (VP=H (VBZ=H ) (SBAR (S=H (NP (NNS=H )) (VP=H (VBP=H ) (ADJP (JJ=H )))))) (. ))),2,88750,"0,0824586522"
(ROOT (S=H (NP (NP=H (NNP ) (NNPS ) (NNP ) (NNP=H )) (PP (IN=H ) (NP (JJ ) (NN=H )))) (VP=H (VBP=H ) (ADJP (JJ=H ))) (. ))),2,88752,"0,0824605104"
(ROOT (S=H (NP (NP=H (JJ ) (NN ) (CC ) (NN ) (NN=H )) (NP (CD ) (: ) (CD=H ))) (VP=H (VBP=H ) (ADJP (JJ=H ))) (. ))),2,88754,"0,0824623687"
(ROOT (S=H (NP (DT ) (NNS ) (NN=H )) (VP=H (VBZ=H ) (SBAR (S=H (VP=H (VBP=H ) (ADJP (JJ=H )))))) (. ))),2,88756,"0,0824642269"
(ROOT (S=H (NP (NP=H (NP (NNP ) (NNS ) (POS=H )) (NN ) (NNS=H ) (CC ) (NNS )) (PP (IN=H ) (NP (DT ) (NNP ) (NNPS=H )))) (VP=H (VBP=H ) (ADJP (JJ=H ))) (. ))),2,88758,"0,0824660851"
(ROOT (NP=H (NP=H (CD=H )) (: ) (S (NP (ADJP (CD ) (NNP ) (NNP ) (NN=H )) (NN=H )) (VP=H (VBP=H ) (ADJP (JJ=H )))) (. ))),2,88760,"0,0824679433"
(ROOT (NP=H (NP=H (NNP=H )) (: ) (S (NP (NNP ) (NNP ) (NNP ) (NNP ) (NN=H )) (VP=H (VBP=H ) (ADJP (JJ=H )))) (. ))),2,88762,"0,0824698016"
(ROOT (S=H (NP (NP (NNP ) (NNP ) (NNP ) (NNP ) (NNP ) (NNS ) (POS=H )) (NN=H )) (VP=H (VBP=H ) (ADJP (JJ=H ))) (. ))),2,88764,"0,0824716598"
(ROOT (S=H (NP (NNP ) (NNP ) (NNP ) (NNP ) (NNP ) (NNPS ) (NN=H )) (VP=H (VBP=H ) (ADJP (JJ=H ))) (. ))),2,88766,"0,082473518"
(ROOT (S=H (NP (NP=H (NNP ) (NNPS ) (NNP=H )) (PP (IN=H ) (NP (NNP ) (NN ) (NN=H )))) (VP=H (VBP=H ) (ADJP (JJ=H ))) (. ))),2,88768,"0,0824753762"
(ROOT (S=H (NP (NP=H (JJ ) (ADJP (JJ=H ) (PRT (RP=H ))) (NN=H )) (PRN (-LRB- ) (NP=H (NP=H (NN ) (NNS=H )) (SBAR (WHNP=H (WDT=H )) (S (VP=H (VBP=H ) (NP (NP=H (NNS=H )) (PP (IN=H ) (NP (NN=H )))))))) (-RRB- ))) (VP=H (VBP=H ) (SBAR (S=H (VP=H (VBP=H ) (ADJP (JJ=H )))))) (. ))),2,88770,"0,0824772344"
(ROOT (S=H (NP (NNP ) (NNPS ) (NNP=H )) (PRN (-LRB- ) (NP=H (NNP ) (NNPS=H )) (-RRB- )) (NP (JJ ) (NNS=H )) (VP=H (VBP=H ) (ADJP (JJ=H ))) (. ))),2,88772,"0,0824790927"
(ROOT (NP=H (NP=H (NNP ) (NNP ) (NNP=H )) (: ) (S (NP (NP (NNP ) (POS=H )) (NNS ) (NN=H )) (VP=H (VBP=H ) (ADJP (JJ=H )))) (. ))),2,88774,"0,0824809509"
(ROOT (NP=H (NP=H (NNS=H )) (: ) (S (NP (NNP ) (NNP=H )) (VP=H (VBP=H ) (ADJP (JJ=H )))) (. ))),2,88776,"0,0824828091"
(ROOT (NP=H (NP=H (NNPS=H )) (: ) (S (NP (NNP ) (NNPS ) (NNS=H )) (VP=H (VBP=H ) (ADJP (JJ=H )))) (. ))),2,88778,"0,0824846673"
(ROOT (NP=H (NP=H (NNP ) (NNP ) (NNP=H )) (: ) (S (NP (NNP ) (NNPS ) (NNS=H )) (VP=H (VBP=H ) (ADJP (JJ=H )))) (. ))),2,88780,"0,0824865256"
(ROOT (NP=H (NP=H (NNP ) (NNP=H )) (: ) (S (NP (NNP ) (NNP ) (NNPS ) (NNS=H )) (VP=H (VBP=H ) (ADJP (JJ=H )))) (. ))),2,88782,"0,0824883838"
(ROOT (S=H (NP (NP=H (NNP=H )) (PP (VBN=H ) (PP (IN=H ) (NP (NP=H (CD ) (NNS=H )) (CC ) (NP (CD ) (NNPS=H )))))) (VP=H (VBP=H ) (ADJP (JJ=H ))) (. ))),2,88784,"0,082490242"
(ROOT (NP=H (NP=H (NNP=H )) (: ) (S (NP (NP=H (NNP=H )) (PP (IN=H ) (NP (DT ) (NNP ) (NNS=H )))) (VP=H (VBP=H ) (ADJP (JJ=H )))) (. ))),2,88786,"0,0824921002"
(ROOT (NP=H (NP=H (NNP=H )) (: ) (NP (NP=H (NNP=H )) (PRN (-LRB- ) (NP=H (NN=H )) (-RRB- )) (SBAR (S=H (NP (NN=H )) (VP=H (VBP=H ) (ADJP (JJ=H )))))) (. ))),2,88788,"0,0824939585"
(ROOT (NP=H (NP=H (NNP=H )) (: ) (S (NP (NP=H (NNP=H )) (PP (IN=H ) (NP (DT ) (NNP ) (NN=H )))) (VP=H (VBP=H ) (ADJP (JJ=H )))) (. ))),2,88790,"0,0824958167"
(ROOT (NP=H (NP=H (NNP=H )) (: ) (S (NP (NP=H (NNP ) (NNP=H )) (PP (IN=H ) (NP (DT ) (NNP ) (NN=H )))) (VP=H (VBP=H ) (ADJP (JJ=H )))) (. ))),2,88792,"0,0824976749"
(ROOT (NP=H (NP=H (NNP=H )) (: ) (S (NP (JJ ) (NNP ) (NN ) (NNS=H )) (VP=H (VBP=H ) (ADJP (JJ=H )))) (. ))),2,88794,"0,0824995331"
(ROOT (NP=H (NP=H (NNP=H )) (PRN (-LRB- ) (NP=H (NN=H )) (-RRB- )) (: ) (NP (NP=H (NNP=H )) (SBAR (S=H (NP (NN ) (NNS=H )) (VP=H (VBP=H ) (ADJP (JJ=H )))))) (. ))),2,88796,"0,0825013913"
(ROOT (S=H (NP (NP=H (NNP ) (NNP=H )) (PP (IN=H ) (NP (NP=H (DT ) (NNP ) (NNP ) (NNS=H )) (PP (IN=H ) (NP (NP=H (NN=H )) (PP (IN=H ) (NP (NNP ) (NNP=H )))))))) (VP=H (VBP=H ) (ADJP (JJ=H ))) (. ))),2,88798,"0,0825032496"
(ROOT (NP=H (NP=H (NP=H (NNP=H )) (PP (IN=H ) (NP (NNP=H )))) (: ) (S (NP (NNP ) (NNP=H )) (VP=H (VBP=H ) (ADJP (JJ=H )))) (. ))),2,88800,"0,0825051078"
(ROOT (S=H (NP (NP=H (NNP=H ) (CC ) (NNP )) (CC ) (NP (NP=H (DT ) (NN=H )) (PP (IN=H ) (NP (NNPS=H ))))) (VP=H (VBP=H ) (ADJP (JJ=H ))) (. ))),2,88802,"0,082506966"
(ROOT (NP=H (NP=H (NP=H (NNP ) (NN ) (NNS=H )) (PP (IN=H ) (NP (NNP=H )))) (: ) (S (NP (NNP=H )) (VP=H (VBP=H ) (ADJP (JJ=H )))) (. ))),2,88804,"0,0825088242"
(ROOT (S=H (NP (NNP ) (NNPS ) (NNP ) (NN ) (NNP ) (NNP=H )) (VP=H (VBP=H ) (ADJP (JJ=H ))) (. ))),2,88806,"0,0825106825"
(ROOT (S=H (NP (NP=H (JJ ) (NN=H )) (PP (IN=H ) (NP (NP=H (NNP ) (NNS=H )) (PP (IN=H ) (NP (NN=H )))))) (VP=H (VBP=H ) (ADJP (JJ=H ))) (. ))),2,88808,"0,0825125407"
(ROOT (NP=H (NP=H (NNP ) (NNP=H )) (: ) (S (NP (NNP ) (NN ) (NN=H )) (VP=H (VBP=H ) (ADJP (JJ=H )))) (. ))),2,88810,"0,0825143989"
(ROOT (S=H (NP (DT ) (NNP ) (NNPS ) (NN=H )) (VP=H (VBP=H ) (ADJP (JJ=H ))) (. ))),2,88812,"0,0825162571"
"(ROOT (S=H (S (VP=H (ADVP (RB=H )) (VBN=H ) (NP (NP=H (NNS=H )) (PP (VBN=H ) (PP (IN=H ) (NP (NNP ) (NNP=H ))))))) (, ) (NP (NNP=H )) (VP=H (VBP=H ) (ADJP (JJ=H ))) (. )))",2,88814,"0,0825181154"
(ROOT (S=H (NP (NP=H (NNP ) (NN=H )) (PP (IN=H ) (NP (DT ) (NNPS ) (NNPS=H )))) (VP=H (VBP=H ) (ADJP (JJ=H ))) (. ))),2,88816,"0,0825199736"
(ROOT (S=H (NP (NP=H (NNP=H ) (CD )) (PP (IN=H ) (NP (DT ) (NNPS ) (NNPS=H )))) (VP=H (VBP=H ) (ADJP (JJ=H ))) (. ))),2,88818,"0,0825218318"
(ROOT (S=H (NP (NNP ) (NNP ) (PRN (-LRB- ) (NP=H (NP=H (CD=H )) (: ) (NP (CD=H ))) (-RRB- )) (NNP=H )) (VP=H (VBP=H ) (ADJP (JJ=H ))) (. ))),2,88820,"0,08252369"
(ROOT (S=H (NP (NNP ) (NNP=H )) (PRN (-LRB- ) (NP=H (NP=H (CD=H )) (: ) (NP (CD=H ))) (-RRB- )) (NP (JJ ) (NNS=H )) (VP=H (VBP=H ) (ADJP (JJ=H ))) (. ))),2,88822,"0,0825255482"
(ROOT (X=H (NP (NN=H ) (CD )) (: ) (S=H (NP (NNP=H )) (VP=H (VBP=H ) (ADJP (JJ=H )))) (. ))),2,88824,"0,0825274065"
(ROOT (S=H (NP (NNP ) (NNPS ) (NNP ) (NNP ) (NNS=H )) (PP (VBG=H ) (PP (IN=H ) (NP (NNP=H )))) (VP=H (VBP=H ) (ADJP (JJ=H ))) (. ))),2,88826,"0,0825292647"
(ROOT (S=H (NP (NP=H (NNP=H )) (PP (IN=H ) (NP (NN=H ) (CC ) (NNS )))) (VP=H (VBP=H ) (ADJP (JJ=H ))) (. ))),2,88828,"0,0825311229"
(ROOT (S=H (NP (NP (NNP ) (NNP ) (POS=H )) (NNP ) (NNP ) (NNP ) (NNP ) (NN=H )) (VP=H (VBP=H ) (SBAR (S=H (NP (NNS=H )) (VP=H (VBP=H ) (ADJP (JJ=H )))))) (. ))),2,88830,"0,0825329811"
(ROOT (S=H (ADVP (RB=H )) (PP (IN=H ) (NP (NP=H (DT ) (NN=H )) (PRN (-LRB- ) (NP=H (NN ) (NN=H )) (-RRB- )))) (NP (NNS=H )) (VP=H (VBP=H ) (ADJP (JJ=H ))) (. ))),2,88832,"0,0825348394"
(ROOT (S=H (NP (NP=H (NNP ) (CC ) (NNP ) (NNPS ) (NNP=H )) (NP (NNS=H ))) (VP=H (VBP=H ) (ADJP (JJ=H ))) (. ))),2,88834,"0,0825366976"
(ROOT (S=H (NP (NP (JJ ) (JJ ) (NNS ) (POS=H )) (NN ) (NN ) (NN ) (NNS=H )) (VP=H (VBP=H ) (ADJP (JJ=H ))) (. ))),2,88836,"0,0825385558"
(ROOT (S=H (NP (NP (NN ) (NNS ) (POS=H )) (NN ) (NN ) (NN ) (NNS=H )) (VP=H (VBP=H ) (ADJP (JJ=H ))) (. ))),2,88838,"0,082540414"
(ROOT (S=H (NP (NNP ) (NN=H )) (VP=H (VBZ=H ) (SBAR (S=H (NP (JJ ) (NNS=H )) (VP=H (VBP=H ) (ADJP (JJ=H )))))) (. ))),2,88840,"0,0825422723"
(ROOT (S=H (NP (NP (NNP ) (POS=H )) (NNP ) (NNP ) (NNP ) (NN=H )) (VP=H (VBP=H ) (SBAR (S=H (NP (NNS=H )) (VP=H (VBP=H ) (ADJP (JJ=H )))))) (. ))),2,88842,"0,0825441305"
(ROOT (S=H (NP (NP=H (NNP=H )) (PRN (: ) (ADJP=H (JJ=H )) (: ))) (VP=H (VBP=H ) (SBAR (S=H (NP (NNS=H )) (VP=H (VBP=H ) (ADJP (JJ=H )))))) (. ))),2,88844,"0,0825459887"
(ROOT (S=H (NP (NP=H (NNP=H )) (PRN (-LRB- ) (NP=H (CD ) (NNP ) (NNS=H )) (-RRB- ))) (VP=H (VBP=H ) (ADJP (JJ=H ))) (. ))),2,88846,"0,0825478469"
(ROOT (S=H (NP (NP (NNP ) (NNP ) (POS=H )) (JJ ) (NNS ) (NNS=H )) (VP=H (VBP=H ) (ADJP (JJ=H ))) (. ))),2,88848,"0,0825497051"
(ROOT (S=H (NP (NP (NNP ) (NNP ) (POS=H )) (NP (JJ ) (NNS ) (NNS ) (POS=H )) (JJ ) (NNS=H )) (VP=H (VBP=H ) (ADJP (JJ=H ))) (. ))),2,88850,"0,0825515634"
(ROOT (NP=H (NP=H (NP=H (NNP=H )) (PRN (-LRB- ) (NNP ) (NN=H ) (-RRB- ))) (NP (NP=H (NNP ) (NNP=H )) (SBAR (S=H (NP (JJ ) (NN ) (NN ) (NNS=H )) (VP=H (VBP=H ) (ADJP (JJ=H )))))) (. ))),2,88852,"0,0825534216"
(ROOT (S=H (NP (NP=H (NNP ) (NNPS ) (NNP=H )) (PP (IN=H ) (NP (DT ) (NNPS=H )))) (VP=H (VBP=H ) (ADJP (JJ=H ))) (. ))),2,88854,"0,0825552798"
(ROOT (S=H (S (VP=H (VBG=H ) (NP (NNP ) (NNS=H )))) (NP (JJ ) (NNS=H )) (VP=H (VBP=H ) (ADJP (JJ=H ))) (. ))),2,88856,"0,082557138"
(ROOT (S=H (NP (NP=H (NN=H ) (CC ) (NN )) (PP (IN=H ) (NP (NP=H (DT ) (NNP ) (NNPS=H )) (PP (IN=H ) (NP (NN=H )))))) (VP=H (VBP=H ) (ADJP (JJ=H ))) (. ))),2,88858,"0,0825589963"
(ROOT (S=H (S=H (NP (NNP ) (NNP=H )) (VP=H (VBD=H ) (NP (NNS=H )) (PP (IN=H ) (NP (CD=H ))))) (: ) (S (NP (CD=H )) (VP=H (VBP=H ) (ADJP (JJ=H )))) (. ))),2,88860,"0,0825608545"
"(ROOT (S=H (S (NP (JJ ) (NNS=H )) (VP=H (VBD=H ) (PP (IN=H ) (NP (NNP=H ))))) (, ) (NP (NNP=H )) (VP=H (VBP=H ) (ADJP (JJ=H ))) (. )))",2,88862,"0,0825627127"
(ROOT (S=H (NP (NP=H (NNP ) (NN=H )) (PP (IN=H ) (NP (DT ) (CD ) (NNP ) (NNP ) (NNS=H )))) (VP=H (VBP=H ) (ADJP (JJ=H ))) (. ))),2,88864,"0,0825645709"
"(ROOT (S=H (S (NP (NNP=H )) (VP=H (VBP=H ) (NP (NNS=H )) (PP (IN=H ) (NP (NNP ) (NNP=H ))))) (, ) (NP (NNP=H )) (VP=H (VBP=H ) (ADJP (JJ=H ))) (. )))",2,88866,"0,0825664292"
(ROOT (S=H (NP (NP=H (NNP ) (NNP=H )) (SBAR (S=H (NP (PRP=H )) (VP=H (VB=H ) (NP (NP=H (NNS=H )) (PP (IN=H ) (NP (NNP=H )))))))) (VP=H (VBP=H ) (ADJP (JJ=H ))) (. ))),2,88868,"0,0825682874"
(ROOT (S=H (NP (JJ ) (NN ) (NN=H )) (VP=H (VBP=H ) (SBAR (S=H (NP (JJ ) (NNS=H )) (VP=H (VBP=H ) (ADJP (JJ=H )))))) (. ))),2,88870,"0,0825701456"
(ROOT (NP=H (NP=H (NP=H (NNS=H ) (CC ) (NNS )) (PP (IN=H ) (NP (NNP=H )))) (: ) (S (NP (NNP=H )) (VP=H (VBP=H ) (ADJP (JJ=H )))) (. ))),2,88872,"0,0825720038"
(ROOT (S=H (NP (NNP ) (NNP ) (NNP=H )) (VP=H (VBD=H ) (SBAR (S=H (NP (NN ) (NN ) (NNS=H )) (VP=H (VBP=H ) (ADJP (JJ=H )))))) (. ))),2,88874,"0,082573862"
(ROOT (S=H (S (VP=H (VBG=H ) (NP (NNP ) (NNP ) (NNS=H )))) (NP (JJ ) (NNS=H )) (VP=H (VBP=H ) (ADJP (JJ=H ))) (. ))),2,88876,"0,0825757203"
(ROOT (S=H (NP (NP=H (NNP=H )) (PP (IN=H ) (NP (NNP ) (NN ) (NN ) (NN ) (JJ ) (NNS=H )))) (VP=H (VBP=H ) (ADJP (JJ=H ))) (. ))),2,88878,"0,0825775785"
(ROOT (S=H (NP (NNP ) (NNP ) (NNP ) (NN ) (NN ) (NN=H )) (VP=H (VBP=H ) (SBAR (S=H (NP (NNS=H )) (VP=H (VBP=H ) (ADJP (JJ=H )))))) (. ))),2,88880,"0,0825794367"
(ROOT (NP=H (NP=H (NNP=H ) (CC ) (NNP )) (: ) (S (NP (NP=H (JJ ) (NNP ) (NN ) (NNS=H )) (PP (TO=H ) (NP (NNS=H )))) (VP=H (VBP=H ) (ADJP (JJ=H )))) (. ))),2,88882,"0,0825812949"
(ROOT (S=H (NP (NP=H (NNP ) (NNP=H )) (PP (IN=H ) (NP (JJ ) (NNP ) (NNP ) (NN ) (NNS=H )))) (VP=H (VBP=H ) (ADJP (JJ=H ))) (. ))),2,88884,"0,0825831532"
(ROOT (NP=H (NP=H (NP=H (NNS=H )) (PP (IN=H ) (NP (DT ) (NNP=H )))) (: ) (S (NP (NNP ) (NNS=H )) (VP=H (VBP=H ) (ADJP (JJ=H )))) (. ))),2,88886,"0,0825850114"
(ROOT (S=H (NP (NP=H (NP (NNP ) (NNS ) (POS=H )) (JJ ) (NNS=H )) (PP (IN=H ) (NP (DT ) (NNPS=H )))) (VP=H (VBP=H ) (ADJP (JJ=H ))) (. ))),2,88888,"0,0825868696"
(ROOT (S=H (NP (NNP ) (NNS ) (NN=H )) (VP=H (VBP=H ) (SBAR (S=H (NP (NNS=H )) (VP=H (VBP=H ) (ADJP (JJ=H )))))) (. ))),2,88890,"0,0825887278"
(ROOT (S=H (NP (NP (NNP ) (NNP ) (POS=H )) (NNP ) (NNP ) (NN=H )) (VP=H (VBP=H ) (SBAR (S=H (NP (NNS=H )) (VP=H (VBP=H ) (ADJP (JJ=H )))))) (. ))),2,88892,"0,0825905861"
(ROOT (S=H (NP (NP=H (NNP ) (NNP=H )) (PP (IN=H ) (NP (NP=H (NNP ) (NN ) (NN ) (NNS=H )) (PP (IN=H ) (NP (NN=H )))))) (VP=H (VBP=H ) (ADJP (JJ=H ))) (. ))),2,88894,"0,0825924443"
(ROOT (S=H (NP (NP=H (NNP ) (NNP ) (NNP=H )) (VP (VBG=H ) (NP (NN ) (NN ) (NNS=H )))) (VP=H (VBP=H ) (ADJP (JJ=H ))) (. ))),2,88896,"0,0825943025"
(ROOT (S=H (NP (NP (NNP ) (NNP ) (NNPS ) (POS=H )) (NN ) (NN ) (NN ) (NNS=H )) (VP=H (VBP=H ) (ADJP (JJ=H ))) (. ))),2,88898,"0,0825961607"
(ROOT (S=H (NP (NNP=H )) (VP=H (VBD=H ) (SBAR (S=H (NP (NP=H (NNS=H )) (PP (IN=H ) (NP (DT ) (NNP ) (NNP ) (JJ ) (NN=H )))) (VP=H (VBP=H ) (ADJP (JJ=H )))))) (. ))),2,88900,"0,0825980189"
"(ROOT (S=H (NP (NP=H (NP=H (NNP ) (, ) (NNP=H ) (CC ) (NNP )) (NP (JJ ) (NN ) (NNS=H ))) (VP (VBG=H ) (NP (NN=H )) (PP (TO=H ) (NP (NN=H ))))) (VP=H (VBP=H ) (ADJP (JJ=H ))) (. )))",2,88902,"0,0825998772"
(ROOT (S=H (NP (NP=H (NNP ) (NNP ) (NNP=H )) (PP (IN=H ) (NP (NNP ) (CC ) (NNPS ) (NNP=H )))) (VP=H (VBP=H ) (ADJP (JJ=H ))) (. ))),2,88904,"0,0826017354"
(ROOT (S=H (NP (NP=H (NN=H )) (PP (IN=H ) (NP (NP=H (DT ) (JJ ) (NN=H )) (PP (IN=H ) (NP (NP=H (NNP ) (NNS=H )) (PP (IN=H ) (NP (NN=H )))))))) (VP=H (VBP=H ) (ADJP (JJ=H ))) (. ))),2,88906,"0,0826035936"
(ROOT (S=H (NP (NP=H (NN=H )) (PP (IN=H ) (NP (NP=H (DT ) (JJ ) (NN=H )) (PP (IN=H ) (NP (NNP ) (NNS=H )))))) (VP=H (VBP=H ) (ADJP (JJ=H ))) (. ))),2,88908,"0,0826054518"
(ROOT (S=H (NP (NP=H (NNP=H )) (PP (IN=H ) (NP (NP=H (NNPS ) (CC ) (NNP ) (NNP=H )) (PRN (-LRB- ) (NP=H (NNP=H )) (-RRB- ))))) (VP=H (VBP=H ) (ADJP (JJ=H ))) (. ))),2,88910,"0,0826073101"
(ROOT (S=H (NP (NP=H (DT ) (NN=H )) (PP (IN=H ) (NP (NP=H (NN ) (CC ) (NN ) (NNS=H )) (PP (IN=H ) (NP (NN=H )))))) (VP=H (VBP=H ) (ADJP (JJ=H ))) (. ))),2,88912,"0,0826091683"
"(ROOT (S=H (S (NP (NNP=H )) (VP=H (VBZ=H ) (PP (IN=H ) (NP (NNP ) (FW ) (NNP ) (NNP=H ))))) (, ) (NP (NNP=H )) (VP=H (VBP=H ) (ADJP (JJ=H ))) (. )))",2,88914,"0,0826110265"
(ROOT (S=H (NP (NNP=H )) (VP=H (VBD=H ) (SBAR (S=H (NP (NNS=H )) (VP=H (VBD=H ) (SBAR (S=H (NP (NP=H (NNS=H )) (PP (IN=H ) (NP (NNP=H )))) (VP=H (VBP=H ) (ADJP (JJ=H ))))))))) (. ))),2,88916,"0,0826128847"
"(ROOT (S=H (S (VP=H (VBG=H ) (NP (NN=H )))) (, ) (NP (NNP=H )) (VP=H (VBP=H ) (ADJP (JJ=H ))) (. )))",2,88918,"0,082614743"
(ROOT (S=H (NP (NNP=H )) (VP=H (VBD=H ) (SBAR (S=H (NP (NNS=H )) (VP=H (VBD=H ) (SBAR (S=H (NP (NP=H (NN ) (NN ) (NN=H )) (ADJP (JJ ) (JJ=H ))) (VP=H (VBP=H ) (ADJP (JJ=H ))))))))) (. ))),2,88920,"0,0826166012"
(ROOT (S=H (NP (NNP ) (JJ ) (NNS ) (NNS ) (NN ) (NN ) (NN=H )) (VP=H (VBP=H ) (ADJP (JJ=H ))) (. ))),2,88922,"0,0826184594"
(ROOT (S=H (NP (NP=H (NNP ) (NNP=H )) (PP (IN=H ) (NP (NP=H (NNP ) (NNP=H )) (PP (TO=H ) (NP (DT ) (NNPS=H )))))) (VP=H (VBP=H ) (ADJP (JJ=H ))) (. ))),2,88924,"0,0826203176"
(ROOT (S=H (NP (NP (NNP ) (NNP ) (NNP=H )) (PRN (-LRB- ) (FRAG=H (ADJP=H (JJ=H )) (: )) (-RRB- )) (NNS=H )) (VP=H (VBP=H ) (ADJP (JJ=H ))) (. ))),2,88926,"0,0826221758"
(ROOT (S=H (NP (NP=H (NNP=H )) (PP (IN=H ) (NP (NP=H (NNP ) (NNP=H )) (CC ) (NP (PRP$ ) (NNS=H ))))) (VP=H (VBP=H ) (ADJP (JJ=H ))) (. ))),2,88928,"0,0826240341"
(ROOT (S=H (NP (NNP=H )) (VP=H (VBD=H ) (SBAR (S=H (NP (NP=H (NNS=H )) (PP (IN=H ) (NP (NNP ) (NNP ) (NNP ) (NNP=H )))) (VP=H (VBP=H ) (ADJP (JJ=H )))))) (. ))),2,88930,"0,0826258923"
(ROOT (S=H (NP (NP=H (NNP ) (NNP ) (NNP=H )) (PP (IN=H ) (NP (JJ ) (VBG ) (NNS=H )))) (VP=H (VBP=H ) (ADJP (JJ=H ))) (. ))),2,88932,"0,0826277505"
(ROOT (S=H (NP (NP (NNP ) (NNP=H )) (PRN (-LRB- ) (NP=H (NP (NNS ) (POS=H )) (NN=H )) (-RRB- )) (NNS=H )) (VP=H (VBP=H ) (ADJP (JJ=H ))) (. ))),2,88934,"0,0826296087"
(ROOT (S=H (NP (NAC (NNP=H ) (NNP )) (NNP ) (NNP ) (NNP=H )) (VP=H (VBP=H ) (ADJP (JJ=H ))) (. ))),2,88936,"0,082631467"
"(ROOT (S=H (NP (NNP ) (NNP=H )) (VP=H (VBZ=H ) (, ) (SBAR (S=H (NP (NP=H (NNP ) (CC ) (NNP ) (NNS=H )) (PP (IN=H ) (NP (NN=H )))) (VP=H (VBP=H ) (ADJP (JJ=H )))))) (. )))",2,88938,"0,0826333252"
"(ROOT (S=H (NP (NP=H (NNP ) (NNP=H )) (PP (IN=H ) (NP (JJS ) (NNP ) (NNP ) (, ) (NNP ) (NNP ) (JJ ) (NNS=H )))) (VP=H (VBP=H ) (ADJP (JJ=H ))) (. )))",2,88940,"0,0826351834"
(ROOT (S=H (NP (NNP ) (NNPS ) (CC ) (NN ) (NNS ) (NNS=H )) (VP=H (VBP=H ) (ADJP (JJ=H ))) (. ))),2,88942,"0,0826370416"
"(ROOT (S=H (S (NP=H (NNP ) (NNP ) (POS=H ))) (, ) (NP (NNP=H )) (VP=H (VBP=H ) (ADJP (JJ=H ))) (. )))",2,88944,"0,0826388999"
(ROOT (S=H (NP (NNP=H )) (VP=H (VBD=H ) (SBAR (S=H (NP (NP=H (NNS=H )) (VP (VBG=H ) (NP (NP=H (NN ) (NNS=H )) (ADJP (JJ ) (JJ=H ))))) (VP=H (VBP=H ) (ADJP (JJ=H )))))) (. ))),2,88946,"0,0826407581"
(ROOT (S=H (NP (NNP=H )) (VP=H (VBD=H ) (SBAR (S=H (NP (NNS=H )) (VP=H (VBD=H ) (SBAR (S=H (NP (NP=H (NNS=H )) (PP (IN=H ) (NP (NNP=H )))) (VP=H (VBD=H ) (SBAR (S=H (NP (NN=H )) (VP=H (VBP=H ) (ADJP (JJ=H )))))))))))) (. ))),2,88948,"0,0826426163"
(ROOT (S=H (NP (NNP=H )) (VP=H (VBD=H ) (SBAR (S=H (NP (NNS=H )) (VP=H (VBD=H ) (SBAR (S=H (NP (NP=H (NNS=H )) (PP (IN=H ) (NP (NNP ) (JJ ) (NN=H )))) (VP=H (VBP=H ) (ADJP (JJ=H ))))))))) (. ))),2,88950,"0,0826444745"
(ROOT (S=H (NP (NP (NNP ) (NNP ) (NNP ) (NNS ) (POS=H )) (NN ) (NN ) (NN ) (NN ) (NNS=H )) (VP=H (VBP=H ) (ADJP (JJ=H ))) (. ))),2,88952,"0,0826463328"
(ROOT (NP=H (NP=H (NNP=H )) (: ) (S (NP (JJ ) (JJ ) (NNS=H )) (VP=H (VBP=H ) (ADJP (JJ=H )))) (. ))),2,88954,"0,082648191"
(ROOT (NP=H (NP=H (NP=H (NN ) (NNS=H )) (PP (IN=H ) (NP (NNP=H )))) (: ) (S (NP (NNP=H )) (VP=H (VBP=H ) (ADJP (JJ=H )))) (. ))),2,88956,"0,0826500492"
(ROOT (S=H (NP (NP=H (NNP ) (CC ) (NNS ) (NNS=H )) (PP (VBN=H ) (PP (IN=H ) (NP (NNP=H ))))) (VP=H (VBP=H ) (ADJP (JJ=H ))) (. ))),2,88958,"0,0826519074"
(ROOT (S=H (NP (NP=H (NNP ) (NNP ) (NNP=H )) (SBAR (S=H (NP (NN ) (NNS=H )) (VP=H (VBZ=H ) (PP (IN=H ) (NP (NN=H ))))))) (VP=H (VBP=H ) (ADJP (JJ=H ))) (. ))),2,88960,"0,0826537656"
(ROOT (S=H (NP (NP=H (NNP ) (NNP ) (NNP=H )) (PP (IN=H ) (NP (JJ ) (NN ) (NN ) (NNS=H )))) (VP=H (VBP=H ) (ADJP (JJ=H ))) (. ))),2,88962,"0,0826556239"
(ROOT (S=H (NP (NP=H (NNP ) (NN=H )) (PP (IN=H ) (NP (NP=H (NP (DT ) (NNS ) (POS=H )) (NNP=H )) (PP (IN=H ) (NP (NNP=H )))))) (VP=H (VBP=H ) (ADJP (JJ=H ))) (. ))),2,88964,"0,0826574821"
(ROOT (S=H (NP (CD ) (JJ ) (JJ ) (NN=H )) (VP=H (VBP=H ) (SBAR (S=H (NP (NNS=H )) (VP=H (VBP=H ) (ADJP (JJ=H )))))) (. ))),2,88966,"0,0826593403"
(ROOT (S=H (NP (NP=H (JJ ) (ADJP (JJ=H ) (PRT (RP=H ))) (NN=H )) (PRN (-LRB- ) (NP=H (NNP ) (NN ) (NN ) (NNS=H )) (-RRB- ))) (VP=H (VBP=H ) (SBAR (S=H (VP=H (VBP=H ) (ADJP (JJ=H )))))) (. ))),2,88968,"0,0826611985"
(ROOT (S=H (NP (NP=H (JJ ) (ADJP (JJ=H ) (PRT (RP=H ))) (NN=H )) (PRN (-LRB- ) (NP=H (NP=H (NNP=H )) (VP (VBN=H ) (NP (NNS=H )) (PP (IN=H ) (NP (DT ) (NN ) (NN=H ))))) (-RRB- ))) (VP=H (VBP=H ) (SBAR (S=H (VP=H (VBP=H ) (ADJP (JJ=H )))))) (. ))),2,88970,"0,0826630568"
(ROOT (S=H (NP (JJ ) (PRN (-LRB- ) (NP=H (JJ ) (JJ ) (NNS=H )) (-RRB- )) (NNS=H )) (VP=H (VBP=H ) (ADJP (JJ=H ))) (. ))),2,88972,"0,082664915"
(ROOT (S=H (NP (NNP ) (NNP=H )) (VP=H (VBD=H ) (SBAR (S=H (NP (NP=H (NNS=H )) (PP (IN=H ) (NP (DT ) (NNPS=H )))) (VP=H (VBP=H ) (ADJP (JJ=H )))))) (. ))),2,88974,"0,0826667732"
(ROOT (S=H (NP (NP=H (NP (NNP ) (NNS ) (POS=H )) (NN ) (NNS=H )) (PP (IN=H ) (NP (DT ) (NNPS=H )))) (VP=H (VBP=H ) (ADJP (JJ=H ))) (. ))),2,88976,"0,0826686314"
(ROOT (S=H (NP (NP (CD=H )) (PRN (-LRB- ) (NP=H (JJ ) (JJ ) (NN=H )) (-RRB- )) (NNS=H )) (VP=H (VBP=H ) (ADJP (JJ=H ))) (. ))),2,88978,"0,0826704897"
(ROOT (S=H (NP (NP=H (NNP=H )) (PP (IN=H ) (NP (NP=H (JJ ) (NNS=H )) (VP (VBG=H ) (NP (JJ ) (NNS=H )))))) (VP=H (VBP=H ) (ADJP (JJ=H ))) (. ))),2,88980,"0,0826723479"
(ROOT (FRAG=H (NP (NP=H (NNP ) (NNP ) (NNP=H )) (PP (IN=H ) (NP (NNP=H )))) (: ) (S=H (NP (NNP=H )) (VP=H (VBP=H ) (ADJP (JJ=H )))) (. ))),2,88982,"0,0826742061"
(ROOT (S=H (NP (NP=H (NP=H (NNP ) (NNP ) (NNPS ) (NNP=H )) (PRN (-LRB- ) (NP=H (NP=H (CD=H )) (: ) (NP (CD=H ))) (-RRB- ))) (PP (IN=H ) (NP (NN=H )))) (VP=H (VBP=H ) (ADJP (JJ=H ))) (. ))),2,88984,"0,0826760643"
(ROOT (S=H (NP (NP=H (NP=H (NNP ) (NNP=H )) (NP (JJ ) (NNS=H ))) (CC ) (NP (NP=H (NNS=H )) (PP (IN=H ) (NP (NN=H ))))) (VP=H (VBP=H ) (ADJP (JJ=H ))) (. ))),2,88986,"0,0826779225"
(ROOT (NP=H (NP=H (CD ) (NNP ) (NNP ) (NNP ) (NN=H )) (: ) (S (NP (NNP ) (NNP ) (NNP=H )) (VP=H (VBP=H ) (ADJP (JJ=H )))) (. ))),2,88988,"0,0826797808"
(ROOT (S=H (NP (NP=H (JJ ) (NN ) (NN=H )) (PP (IN=H ) (NP (NNS=H )))) (VP=H (VBP=H ) (ADJP (JJ=H ))) (. ))),2,88990,"0,082681639"
(ROOT (S=H (NP (NP=H (NNP ) (NNP ) (NNP ) (NNP ) (NNP=H )) (NP (JJ ) (NN ) (NN ) (NNS=H ))) (VP=H (VBP=H ) (ADJP (JJ=H ))) (. ))),2,88992,"0,0826834972"
(ROOT (S=H (NP (NP=H (NNP=H )) (PP (IN=H ) (NP (NP (NNP ) (NNPS ) (POS=H )) (NNP ) (NNP=H )))) (VP=H (VBP=H ) (ADJP (JJ=H ))) (. ))),2,88994,"0,0826853554"
(ROOT (NP=H (NP=H (NNP ) (NNP=H )) (: ) (NP (NP=H (NNP ) (NNP=H )) (SBAR (S=H (NP (JJ ) (NN=H )) (VP=H (VBP=H ) (ADJP (JJ=H )))))) (. ))),2,88996,"0,0826872137"
(ROOT (S=H (NP (NNP=H )) (VP=H (VBP=H ) (SBAR (S=H (NP (CD ) (NNS=H )) (VP=H (VBP=H ) (ADJP (JJ=H )))))) (. ))),2,88998,"0,0826890719"
(ROOT (S=H (NP (NNP ) (NNP ) (NNP ) (NNP ) (NNP=H )) (VP=H (VBD=H ) (SBAR (S=H (NP (NNS=H )) (VP=H (VBP=H ) (ADJP (JJ=H )))))) (. ))),2,89000,"0,0826909301"
(ROOT (NP=H (NP=H (NNP=H )) (: ) (S (NP (NNP ) (NNPS ) (NNPS ) (NN=H )) (VP=H (VBP=H ) (ADJP (JJ=H )))) (. ))),2,89002,"0,0826927883"
(ROOT (S=H (NP (NN=H )) (VP=H (VBD=H ) (ADVP (NP (QP (JJR ) (IN=H ) (CD )) (NNS=H )) (RB=H )) (SBAR (S=H (NP (JJ ) (NN ) (NNS=H )) (VP=H (VBP=H ) (ADJP (JJ=H )))))) (. ))),2,89004,"0,0826946466"
(ROOT (S=H (NP (NP=H (NNP ) (NNP=H )) (PP (IN=H ) (NP (NP=H (JJ ) (NNS=H )) (PP (IN=H ) (NP (NN=H )))))) (VP=H (VBP=H ) (ADJP (JJ=H ))) (. ))),2,89006,"0,0826965048"
(ROOT (S=H (NP (JJ ) (NN ) (NN=H )) (VP=H (VBD=H ) (SBAR (S=H (NP (NP (NNS ) (POS=H )) (NN ) (NN ) (NNS=H )) (VP=H (VBP=H ) (ADJP (JJ=H )))))) (. ))),2,89008,"0,082698363"
(ROOT (S=H (NP (NP=H (NNP ) (NNP=H )) (PP (IN=H ) (NP (NNS ) (NN ) (NNS=H )))) (VP=H (VBP=H ) (ADJP (JJ=H ))) (. ))),2,89010,"0,0827002212"
(ROOT (NP=H (NP=H (NP=H (NNPS=H )) (PP (IN=H ) (NP (NNP=H )))) (: ) (S (NP (NNP ) (NNP=H )) (VP=H (VBP=H ) (ADJP (JJ=H )))) (. ))),2,89012,"0,0827020794"
(ROOT (S=H (NP (NP=H (NNP ) (NNP=H )) (PP (IN=H ) (NP (NP=H (NNS=H )) (PP (IN=H ) (NP (NP=H (DT ) (NNP=H )) (PP (IN=H ) (NP (NNP=H )))))))) (VP=H (VBP=H ) (ADJP (JJ=H ))) (. ))),2,89014,"0,0827039377"
(ROOT (NP=H (NP=H (NNP ) (NNP=H )) (: ) (NP (NP=H (NNP ) (NNP=H )) (SBAR (S=H (NP (NP (NNS ) (POS=H )) (NN ) (NN=H )) (VP=H (VBP=H ) (ADJP (JJ=H )))))) (. ))),2,89016,"0,0827057959"
(ROOT (S=H (NP (NP=H (NP (NP (NNS=H )) (PP (IN=H ) (NP (NN ) (NNS=H ))) (POS=H )) (NN ) (NNS=H )) (PP (IN=H ) (NP (DT ) (NNP ) (NNPS=H )))) (VP=H (VBP=H ) (ADJP (JJ=H ))) (. ))),2,89018,"0,0827076541"
(ROOT (S=H (NP (NP=H (NNP ) (NNP=H )) (PP (IN=H ) (NP (NP=H (NNP ) (NNPS=H )) (CC ) (NP (PRP$ ) (NNS=H ))))) (VP=H (VBP=H ) (ADJP (JJ=H ))) (. ))),2,89020,"0,0827095123"
(ROOT (S=H (NP (NP=H (NNP ) (NNP=H )) (PP (IN=H ) (NP (NP=H (DT ) (NNP ) (NNP=H )) (PP (TO=H ) (NP (DT ) (NNPS=H )))))) (VP=H (VBP=H ) (ADJP (JJ=H ))) (. ))),2,89022,"0,0827113706"
(ROOT (S=H (NP (NP=H (NP=H (NNP=H )) (CC ) (NP (NN ) (NNS=H ))) (CC ) (NP (NP=H (NN=H )) (PP (IN=H ) (NP (NNP ) (NNP=H ))))) (VP=H (VBP=H ) (ADJP (JJ=H ))) (. ))),2,89024,"0,0827132288"
(ROOT (S=H (NP (NP=H (NP (NNS ) (POS=H )) (NNP=H )) (PP (IN=H ) (NP (NNP ) (NN=H )))) (VP=H (VBP=H ) (ADJP (JJ=H ))) (. ))),2,89026,"0,082715087"
(ROOT (S=H (NP (NP=H (NN ) (NN=H )) (PP (IN=H ) (NP (NNP ) (NNP ) (NNS=H )))) (VP=H (VBP=H ) (ADJP (JJ=H ))) (. ))),2,89028,"0,0827169452"
(ROOT (S=H (NP (NNP=H )) (PP (IN=H ) (NP (CD ) (NNP ) (NNP ) (NN ) (NNS=H ))) (VP=H (VBP=H ) (ADJP (JJ=H ))) (. ))),2,89030,"0,0827188035"
(ROOT (S=H (NP (NP=H (NNP=H )) (PP (IN=H ) (NP (NP=H (NNP=H )) (PP (IN=H ) (NP (NNS=H )))))) (VP=H (VBP=H ) (ADJP (JJ=H ))) (. ))),2,89032,"0,0827206617"
(ROOT (S=H (NP (NP=H (NNP=H )) (PP (IN=H ) (NP (NNS ) (NN=H )))) (VP=H (VBP=H ) (ADJP (JJ=H ))) (. ))),2,89034,"0,0827225199"
(ROOT (S=H (NP (NP=H (CD ) (: ) (CD=H )) (PP (IN=H ) (NP (JJ ) (NN ) (NN ) (NN ) (NNS=H )))) (VP=H (VBP=H ) (ADJP (JJ=H ))) (. ))),2,89036,"0,0827243781"
(ROOT (S=H (NP (NNP=H )) (VP=H (VBD=H ) (SBAR (S=H (NP (NNP ) (NNP ) (NNP ) (NN ) (NNS=H )) (VP=H (VBD=H ) (SBAR (S=H (NP (NN=H )) (VP=H (VBP=H ) (ADJP (JJ=H ))))))))) (. ))),2,89038,"0,0827262363"
"(ROOT (S=H (NP (NNP=H )) (VP=H (VBD=H ) (NP (NP=H (NNS=H )) (SBAR (S=H (NP (DT ) (NNP ) (NNP ) (, ) (NN ) (CD ) (JJ ) (NN=H )) (VP=H (VBP=H ) (ADJP (JJ=H ))))))) (. )))",2,89040,"0,0827280946"
(ROOT (S=H (NP (NP=H (NNP ) (NNP=H )) (PP (IN=H ) (NP (DT ) (NNS=H )))) (VP=H (VBP=H ) (ADJP (JJ=H ))) (. ))),2,89042,"0,0827299528"
(ROOT (S=H (NP (NP=H (NNP ) (NNP ) (NNP=H )) (PP (IN=H ) (NP (NP=H (DT ) (NNP ) (NNP=H )) (PP (IN=H ) (NP (NP=H (NNP ) (NNPS=H )) (PP (IN=H ) (NP (NNP=H )))))))) (VP=H (VBP=H ) (ADJP (JJ=H ))) (. ))),2,89044,"0,082731811"
(ROOT (S=H (NP (NP=H (NNS ) (NN=H )) (PP (IN=H ) (NP (NN=H )))) (VP=H (VBP=H ) (ADJP (JJ=H ))) (. ))),2,89046,"0,0827336692"
(ROOT (S=H (NP (NNP=H )) (VP=H (VBZ=H ) (SBAR (S=H (NP (NP=H (NN=H )) (PP (IN=H ) (NP (DT ) (NNPS ) (NNPS=H )))) (VP=H (VBP=H ) (ADJP (JJ=H )))))) (. ))),2,89048,"0,0827355275"
"(ROOT (S=H (NP (NP=H (NNP=H )) (, ) (NP (NP=H (NNP ) (NNP ) (NNP ) (NNS=H )) (PP (IN=H ) (NP (NN=H ))))) (VP=H (VBP=H ) (ADJP (JJ=H ))) (. )))",2,89050,"0,0827373857"
(ROOT (S=H (NP (NP=H (NNP ) (NNP=H )) (PP (IN=H ) (NP (NP=H (DT ) (NNP ) (NNPS=H )) (PP (IN=H ) (NP (NNP ) (JJ ) (NNS=H )))))) (VP=H (VBP=H ) (ADJP (JJ=H ))) (. ))),2,89052,"0,0827392439"
(ROOT (S=H (NP (NP=H (NNP ) (NNP=H )) (CC ) (NP (NP=H (JJ ) (NNS=H )) (PP (IN=H ) (NP (NNP=H ))))) (VP=H (VBP=H ) (ADJP (JJ=H ))) (. ))),2,89054,"0,0827411021"
(ROOT (S=H (NP (NP=H (NNP ) (NNP=H )) (PP (IN=H ) (NP (DT ) (NNP ) (NNP ) (JJ ) (NNS=H )))) (VP=H (VBP=H ) (ADJP (JJ=H ))) (. ))),2,89056,"0,0827429604"
(ROOT (S=H (PP (ADVP (RB=H )) (IN=H ) (NP (NNP=H ))) (: ) (NP (NNP ) (NNP=H )) (VP=H (VBP=H ) (ADJP (JJ=H ))) (. ))),2,89058,"0,0827448186"
(ROOT (S=H (NP (ADJP (NNP=H ) (NNP )) (NNP ) (NNP=H )) (VP=H (VBP=H ) (ADJP (JJ=H ))) (. ))),2,89060,"0,0827466768"
(ROOT (S=H (NP (CD ) (NNP ) (NNPS ) (NN ) (NN=H )) (VP=H (VBP=H ) (ADJP (JJ=H ))) (. ))),2,89062,"0,082748535"
(ROOT (S=H (NP (CD ) (NNP ) (NNP ) (NNPS ) (NNP ) (NNS=H )) (VP=H (VBP=H ) (ADJP (JJ=H ))) (. ))),2,89064,"0,0827503932"
(ROOT (S=H (S=H (NP (NNP=H )) (VP=H (VBZ=H ) (PP (IN=H ) (NP (DT ) (CD ) (NNPS ) (NNPS=H ))))) (: ) (S (NP (NP (NNP ) (POS=H )) (NN=H )) (VP=H (VBP=H ) (ADJP (JJ=H )))) (. ))),2,89066,"0,0827522515"
(ROOT (S=H (NP (NP=H (NNP ) (NNP ) (NNP=H )) (PP (IN=H ) (NP (NNP ) (NNPS ) (NNP=H )))) (VP=H (VBP=H ) (ADJP (JJ=H ))) (. ))),2,89068,"0,0827541097"
(ROOT (S=H (NP (NP=H (NNP ) (NNP=H )) (PP (IN=H ) (NP (NP=H (DT ) (NN=H )) (PP (IN=H ) (NP (NNP ) (NNPS ) (NNP=H )))))) (VP=H (VBP=H ) (ADJP (JJ=H ))) (. ))),2,89070,"0,0827559679"
(ROOT (S=H (NP (NP=H (NN=H )) (PP (IN=H ) (NP (NP=H (DT ) (NNPS=H )) (PP (IN=H ) (NP (NNP=H ) (CC ) (NNP )))))) (VP=H (VBP=H ) (ADJP (JJ=H ))) (. ))),2,89072,"0,0827578261"
(ROOT (S=H (NP (NP=H (NNP=H ) (CD )) (PP (IN=H ) (NP (DT ) (CD ) (NNPS ) (NNPS=H )))) (VP=H (VBP=H ) (ADJP (JJ=H ))) (. ))),2,89074,"0,0827596844"
(ROOT (S=H (NP (NP=H (NNP=H ) (CD )) (PP (IN=H ) (NP (DT ) (NNPS ) (NNP ) (NN ) (NNS=H )))) (VP=H (VBP=H ) (ADJP (JJ=H ))) (. ))),2,89076,"0,0827615426"
(ROOT (S=H (NP (CD ) (NNP ) (NNP ) (NN ) (JJ ) (NN ) (NNS ) (NN=H )) (VP=H (VBP=H ) (ADJP (JJ=H ))) (. ))),2,89078,"0,0827634008"
(ROOT (S=H (ADVP (RB=H )) (PP (IN=H ) (NP (DT ) (NNP ) (NNPS=H ))) (NP (JJ ) (NNS=H )) (VP=H (VBP=H ) (ADJP (JJ=H ))) (. ))),2,89080,"0,082765259"
(ROOT (NP=H (NP=H (NNS=H )) (: ) (S (NP (NP=H (CD=H )) (PP (IN=H ) (NP (JJ ) (NN=H )))) (VP=H (VBP=H ) (ADJP (JJ=H )))) (. ))),2,89082,"0,0827671173"
(ROOT (S=H (NP (NNP ) (NNP=H )) (VP=H (VBD=H ) (SBAR (S=H (NP (DT ) (NNP ) (NNS=H )) (VP=H (VBP=H ) (ADJP (JJ=H )))))) (. ))),2,89084,"0,0827689755"
"(ROOT (S=H (S (NP (NNP=H )) (VP=H (VBD=H ) (NP (NP=H (NNP ) (NNP=H )) (PP (IN=H ) (NP (DT ) (NNP=H )))))) (, ) (NP (NN=H ) (CD )) (VP=H (VBD=H ) (SBAR (S=H (NP (NN=H )) (VP=H (VBP=H ) (ADJP (JJ=H )))))) (. )))",2,89086,"0,0827708337"
(ROOT (S=H (NP (NP=H (NN ) (NN=H )) (VP (VBN=H ) (PP (IN=H ) (NP (NNS=H ))))) (VP=H (VBP=H ) (ADJP (JJ=H ))) (. ))),2,89088,"0,0827726919"
"(ROOT (S=H (S (VP=H (VB=H ) (NP (VBG ) (NNS=H )) (PP (VBN=H ) (PP (IN=H ) (NP (NNP=H )))))) (, ) (NP (NNP=H )) (VP=H (VBP=H ) (ADJP (JJ=H ))) (. )))",2,89090,"0,0827745501"
(ROOT (NP=H (NP=H (NNP=H )) (: ) (S (NP (NNP ) (NNP ) (NN ) (NN ) (NNS=H )) (VP=H (VBP=H ) (ADJP (JJ=H )))) (. ))),2,89092,"0,0827764084"
(ROOT (S=H (S=H (NP (PRP=H )) (VP=H (VBP=H ) (NP (DT ) (NNP=H )))) (: ) (S (S (VP=H (VB=H ) (S (NP (PRP=H )) (ADJP=H (NNP=H ) (PP (IN=H ) (NP (ADJP (RB ) (JJ=H )) (PRN (-LRB- ) (NP=H (NNP=H )) (-RRB- )) (NNS=H ))))))) (VP=H (VBP=H ) (ADJP (JJ=H )))) (. ))),2,89094,"0,0827782666"
(ROOT (S=H (NP (NP=H (NNP=H )) (VP (VBN=H ) (PP (IN=H ) (NP (JJ ) (NNS=H ))) (PP (IN=H ) (NP (NN=H ))))) (VP=H (VBP=H ) (ADJP (JJ=H ))) (. ))),2,89096,"0,0827801248"
(ROOT (S=H (NP (NP=H (NNP ) (NNP=H )) (PP (IN=H ) (NP (NP=H (DT ) (NNPS=H )) (PP (TO=H ) (NP (NNP=H )))))) (VP=H (VBP=H ) (ADJP (JJ=H ))) (. ))),2,89098,"0,082781983"
(ROOT (S=H (PP (IN=H ) (NP (NP=H (DT ) (NN=H )) (PRN (-LRB- ) (NP=H (NN=H )) (-RRB- )))) (NP (NNS=H )) (VP=H (VBP=H ) (ADJP (JJ=H ))) (. ))),2,89100,"0,0827838413"
(ROOT (S=H (NP (NP=H (NNP=H )) (VP (VBG=H ) (NP (NP=H (NNS=H )) (PP (IN=H ) (NP (DT ) (NNP ) (NNP ) (NNP=H )))))) (VP=H (VBP=H ) (ADJP (JJ=H ))) (. ))),2,89102,"0,0827856995"
(ROOT (S=H (NP (NAC (NNP=H ) (PP (IN=H ) (NP (NNP=H ) (CC ) (NNP )))) (NNP ) (NNP=H )) (VP=H (VBP=H ) (ADJP (JJ=H ))) (. ))),2,89104,"0,0827875577"
(ROOT (S=H (NP (NP=H (NNP=H )) (PP (IN=H ) (NP (NP=H (JJ ) (NN=H )) (PP (IN=H ) (NP (DT ) (NNPS=H )))))) (VP=H (VBP=H ) (ADJP (JJ=H ))) (. ))),2,89106,"0,0827894159"
(ROOT (NP=H (NP=H (CD=H )) (: ) (NP (NP=H (CD=H )) (SBAR (S=H (NP (NP (JJ ) (NNS ) (POS=H )) (JJ ) (NNS=H )) (VP=H (VBP=H ) (ADJP (JJ=H )))))) (. ))),2,89108,"0,0827912742"
(ROOT (NP=H (NP=H (NNP=H )) (: ) (S (NP (NP=H (NNP ) (NNPS=H )) (PP (IN=H ) (NP (NNP ) (NNS=H )))) (VP=H (VBP=H ) (ADJP (JJ=H )))) (. ))),2,89110,"0,0827931324"
(ROOT (S=H (NP (NP=H (NNP=H )) (PP (IN=H ) (NP (NP=H (NNS=H )) (PP (IN=H ) (NP (NN ) (NNS=H )))))) (VP=H (VBP=H ) (ADJP (JJ=H ))) (. ))),2,89112,"0,0827949906"
(ROOT (S=H (NP (NNP=H )) (VP=H (VBD=H ) (NP (NP=H (NNS=H )) (SBAR (S=H (NP (NP=H (NP=H (DT ) (NN=H )) (PRN (-LRB- ) (NP=H (NNP=H ) (QP (CD=H ) (CD ))) (-RRB- ))) (ADJP (JJ ) (JJ=H ))) (VP=H (VBP=H ) (ADJP (JJ=H ))))))) (. ))),2,89114,"0,0827968488"
(ROOT (NP=H (NP=H (NNP=H )) (PRN (-LRB- ) (NP=H (NN=H )) (-RRB- )) (: ) (NP (NP=H (NNP ) (NNP=H )) (SBAR (S=H (NP (NNS=H )) (VP=H (VBP=H ) (ADJP (JJ=H )))))) (. ))),2,89116,"0,082798707"
(ROOT (S=H (NP (NP=H (NNP=H )) (PP (IN=H ) (NP (NNP ) (CC ) (NNP ) (NNPS=H ))) (PP (IN=H ) (NP (NNP ) (NNP=H )))) (VP=H (VBP=H ) (ADJP (JJ=H ))) (. ))),2,89118,"0,0828005653"
"(ROOT (S=H (S (VP=H (VB=H ) (NP (NNS=H )))) (, ) (NP (NNP=H )) (VP=H (VBP=H ) (ADJP (JJ=H ))) (. )))",2,89120,"0,0828024235"
(ROOT (NP=H (NP=H (NNP=H )) (: ) (S (NP (NNPS ) (NNS=H )) (VP=H (VBP=H ) (ADJP (JJ=H )))) (. ))),2,89122,"0,0828042817"
(ROOT (S=H (NP (NNP ) (NNPS ) (NNS=H )) (VP=H (VBZ=H ) (NP (NP=H (NN ) (NNS=H )) (SBAR (S=H (VP=H (VBP=H ) (ADJP (JJ=H ))))))) (. ))),2,89124,"0,0828061399"
(ROOT (NP=H (NP=H (NP=H (NNP ) (NNP=H )) (PP (IN=H ) (NP (DT ) (NNP=H )))) (: ) (NP (NP=H (NNP ) (NNP=H )) (SBAR (S=H (NP (NNS=H )) (VP=H (VBP=H ) (ADJP (JJ=H )))))) (. ))),2,89126,"0,0828079982"
(ROOT (S=H (NP (NP=H (NNP=H )) (PP (IN=H ) (NP (NNP ) (NN ) (NNS ) (NN ) (NNS=H )))) (VP=H (VBP=H ) (ADJP (JJ=H ))) (. ))),2,89128,"0,0828098564"
(ROOT (S=H (NP (NP (DT ) (NNP ) (NN=H )) (PRN (-LRB- ) (NP=H (NN ) (NN=H )) (-RRB- )) (NNS=H )) (VP=H (VBP=H ) (ADJP (JJ=H ))) (. ))),2,89130,"0,0828117146"
(ROOT (S=H (NP (NP=H (NNP=H )) (: ) (NP (NP=H (NNP ) (NNP ) (NNS=H )) (PP (IN=H ) (NP (NP=H (NN=H )) (VP (VBN=H ) (PP (IN=H ) (NP (NNP=H )))))))) (VP=H (VBP=H ) (ADJP (JJ=H ))) (. ))),2,89132,"0,0828135728"
(ROOT (S=H (NP (NP=H (NNP=H )) (: ) (NP (NP=H (NNP ) (NNP ) (NNS=H )) (PP (IN=H ) (NP (NP=H (NN=H )) (VP (VBN=H ) (PP (IN=H ) (NP (DT ) (NNP ) (NNPS=H )))))))) (VP=H (VBP=H ) (ADJP (JJ=H ))) (. ))),2,89134,"0,0828154311"
(ROOT (S=H (NP (NP=H (NNP ) (NN ) (JJ ) (NN=H )) (NP (JJ ) (NNS=H ))) (VP=H (VBP=H ) (ADJP (JJ=H ))) (. ))),2,89136,"0,0828172893"
(ROOT (S=H (NP (NP=H (JJ ) (NN ) (NN=H )) (NP (JJ ) (NN ) (NN ) (NNS=H ))) (VP=H (VBP=H ) (ADJP (JJ=H ))) (. ))),2,89138,"0,0828191475"
(ROOT (S=H (NP (NP=H (NNP=H )) (PP (VBG=H ) (NP (NNS=H )))) (VP=H (VBD=H ) (SBAR (S=H (NP (NP=H (NNS=H )) (PRN (-LRB- ) (NP=H (NN=H ) (CD )) (-RRB- ))) (VP=H (VBP=H ) (ADJP (JJ=H )))))) (. ))),2,89140,"0,0828210057"
(ROOT (S=H (NP (NP=H (CD ) (NNP ) (NNP ) (NN ) (NN=H )) (NP (NN ) (NN ) (NNS=H ))) (VP=H (VBP=H ) (ADJP (JJ=H ))) (. ))),2,89142,"0,0828228639"
(ROOT (S=H (NP (NP (JJ ) (NNS ) (POS=H )) (NN ) (NN ) (NNS=H )) (NP-TMP (CD ) (NN=H )) (VP=H (VBP=H ) (ADJP (JJ=H ))) (. ))),2,89144,"0,0828247222"
(ROOT (S=H (NP (NP=H (NNP=H )) (VP (ADVP (RB=H )) (VBG=H ) (NP (JJ ) (NNS=H )))) (VP=H (VBP=H ) (ADJP (JJ=H ))) (. ))),2,89146,"0,0828265804"
(ROOT (S=H (NP (NNP ) (NN=H )) (PP (IN=H ) (NP (NNS=H ))) (VP=H (VBP=H ) (ADJP (JJ=H ))) (. ))),2,89148,"0,0828284386"
(ROOT (S=H (NP (NP=H (NNP=H )) (PP (IN=H ) (S (VP=H (VBG=H ) (PP (IN=H ) (NP (DT ) (NNP ) (NNPS=H ))))))) (VP=H (VBP=H ) (ADJP (JJ=H ))) (. ))),2,89150,"0,0828302968"
(ROOT (S=H (NP (NP=H (NN=H ) (CC ) (NNS )) (PP (IN=H ) (NP (NP=H (NNP ) (NNS=H )) (PP (IN=H ) (NP (NN=H )))))) (VP=H (VBP=H ) (ADJP (JJ=H ))) (. ))),2,89152,"0,0828321551"
(ROOT (S=H (NP (NP=H (NNP=H ) (. )) (PP (IN=H ) (NP (DT ) (NNP ) (NN ) (NNS=H )))) (VP=H (VBP=H ) (ADJP (JJ=H ))) (. ))),2,89154,"0,0828340133"
(ROOT (S=H (NP (NP=H (NNP ) (NNP=H )) (VP (VBN=H ) (PP (IN=H ) (NP (NNS=H ))))) (VP=H (VBP=H ) (ADJP (JJ=H ))) (. ))),2,89156,"0,0828358715"
"(ROOT (S=H (S (NP (NNS=H )) (VP=H (VBN=H ) (PP (IN=H ) (NP (NNP ) (CC ) (NNP ) (NNP=H ))))) (, ) (NP (NNP=H )) (VP=H (VBP=H ) (ADJP (JJ=H ))) (. )))",2,89158,"0,0828377297"
(ROOT (S=H (NP (DT ) (NNP ) (NNP ) (NNP=H )) (VP=H (VBP=H ) (SBAR (S=H (NP (NNS=H )) (VP=H (VBP=H ) (ADJP (JJ=H )))))) (. ))),2,89160,"0,082839588"
(ROOT (S=H (NP (NNP ) (NNP ) (NNP ) (PRN (-LRB- ) (NP=H (NN=H )) (-RRB- )) (NNP=H )) (VP=H (VBP=H ) (ADJP (JJ=H ))) (. ))),2,89162,"0,0828414462"
(ROOT (S=H (NP (NP (NAC (NNP=H ) (PP (IN=H ) (NP (NNP ) (NNP=H )))) (NNS ) (POS=H )) (NN=H )) (ADVP (RB=H )) (VP=H (VBP=H ) (ADJP (JJ=H ))) (. ))),2,89164,"0,0828433044"
(ROOT (S=H (NP (NP=H (NNP ) (NNP=H )) (CC ) (NP (NP=H (DT ) (NNP ) (NNS=H )) (PP (TO=H ) (NP (NNP=H ))))) (VP=H (VBP=H ) (ADJP (JJ=H ))) (. ))),2,89166,"0,0828451626"
(ROOT (S=H (NP (NP=H (NP (NNP ) (POS=H )) (NN=H )) (PP (IN=H ) (NP (NN ) (NNS=H )))) (VP=H (VBP=H ) (ADJP (JJ=H ))) (. ))),2,89168,"0,0828470209"
(ROOT (S=H (NP (NNP=H )) (VP=H (VBD=H ) (NP (NP=H (NNS=H )) (SBAR (S=H (NP (NP=H (DT ) (NN=H )) (PRN (-LRB- ) (NP=H (NNP=H ) (QP (CD=H ) (CD ))) (-RRB- ))) (VP=H (VBD=H ) (SBAR (S=H (NP (NN=H )) (VP=H (VBP=H ) (ADJP (JJ=H )))))))))) (. ))),2,89170,"0,0828488791"
(ROOT (NP=H (NP=H (NNP=H )) (: ) (S (NP (NP=H (NNP ) (NNP ) (NNS=H )) (PP (IN=H ) (NP (NP=H (DT ) (NN=H )) (PP (IN=H ) (NP (NN=H )))))) (VP=H (VBP=H ) (ADJP (JJ=H )))) (. ))),2,89172,"0,0828507373"
(ROOT (NP=H (NP=H (NNP ) (NNP ) (NNP=H )) (: ) (S (NP (NP (NNP ) (POS=H )) (NNP ) (NN ) (NN=H )) (VP=H (VBP=H ) (ADJP (JJ=H )))) (. ))),2,89174,"0,0828525955"
(ROOT (S=H (NP (NP=H (NNP ) (NNPS ) (CC ) (NNP ) (NNS=H )) (PP (IN=H ) (NP (NNP ) (NN=H )))) (VP=H (VBP=H ) (ADJP (JJ=H ))) (. ))),2,89176,"0,0828544537"
(ROOT (NP=H (NP=H (NNP ) (NNP ) (NNP ) (IN ) (NNP=H )) (: ) (S (NP (NNP ) (NNP=H )) (VP=H (VBP=H ) (ADJP (JJ=H )))) (. ))),2,89178,"0,082856312"
(ROOT (S=H (NP (NP=H (NNP ) (NNP=H )) (CC ) (NP (NP=H (DT ) (NNP ) (NNS=H )) (PP (TO=H ) (NP (NNP=H ) (CC ) (NNP ))))) (VP=H (VBP=H ) (ADJP (JJ=H ))) (. ))),2,89180,"0,0828581702"
"(ROOT (S=H (S (NP (NNP ) (NNP ) (NNP=H )) (VP=H (VBZ=H ) (PP (IN=H ) (NP (DT ) (NNP ) (NNP=H ))))) (, ) (NP (NNP=H )) (VP=H (VBP=H ) (ADJP (JJ=H ))) (. )))",2,89182,"0,0828600284"
(ROOT (S=H (NP (NNP ) (NNP ) (NNP=H )) (VP=H (VBZ=H ) (PP (IN=H ) (NP (NP=H (NNP ) (NNPS=H )) (SBAR (S=H (VP=H (VBP=H ) (ADJP (JJ=H )))))))) (. ))),2,89184,"0,0828618866"
"(ROOT (S=H (NP (NP=H (NP (NNP ) (POS=H )) (NN=H )) (PP (IN=H ) (NP (NP=H (NN ) (NNS=H )) (, ) (NP (CD=H ))))) (VP=H (VBP=H ) (ADJP (JJ=H ))) (. )))",2,89186,"0,0828637449"
"(ROOT (S=H (S (NP (NNP ) (NNP ) (NNP=H )) (VP=H (VBZ=H ) (PP (IN=H ) (NP (NP=H (NNP ) (NNP=H )) (PP (IN=H ) (NP (NNP=H ))))))) (, ) (NP (NNP=H )) (VP=H (VBP=H ) (ADJP (JJ=H ))) (. )))",2,89188,"0,0828656031"
"(ROOT (S=H (S (NP (NNP ) (NNP ) (NNP=H )) (VP=H (VBZ=H ) (PP (IN=H ) (NP (NP=H (NNP=H )) (PP (IN=H ) (NP (NNP ) (NNPS=H ))))))) (, ) (NP (NNP=H )) (VP=H (VBP=H ) (ADJP (JJ=H ))) (. )))",2,89190,"0,0828674613"
(ROOT (S=H (NP (NP=H (NNP ) (NNP ) (NNP=H )) (NP (NN ) (CC ) (NN ) (NNS=H ))) (VP=H (VBP=H ) (ADJP (JJ=H ))) (. ))),2,89192,"0,0828693195"
(ROOT (S=H (NP (NP=H (NNP=H )) (CC ) (NP (NP=H (NN ) (NNS=H )) (PP (IN=H ) (NP (NP=H (DT ) (NNP ) (NNP=H )) (PP (IN=H ) (NP (NP=H (NNP ) (NNPS=H )) (PP (IN=H ) (NP (NNP ) (NNP=H ))))))))) (VP=H (VBP=H ) (ADJP (JJ=H ))) (. ))),2,89194,"0,0828711778"
(ROOT (S=H (NP (NNP ) (NNP=H )) (VP=H (VBZ=H ) (SBAR (S=H (NP (VBG ) (NN ) (NNS=H )) (VP=H (VBP=H ) (ADJP (JJ=H )))))) (. ))),2,89196,"0,082873036"
(ROOT (NP=H (NP=H (NNP ) (NNP ) (NNP ) (NNP=H )) (: ) (S (NP (NP (NNP ) (POS=H )) (NN=H )) (VP=H (VBP=H ) (ADJP (JJ=H )))) (. ))),2,89198,"0,0828748942"
(ROOT (NP=H (NP=H (NP=H (NNS=H ) (CC ) (NNS )) (PP (IN=H ) (NP (DT ) (NNP=H )))) (: ) (NP (NP=H (NNP ) (NNP=H )) (SBAR (S=H (NP (NN=H )) (VP=H (VBP=H ) (ADJP (JJ=H )))))) (. ))),2,89200,"0,0828767524"
(ROOT (S=H (NP (NP=H (NNP ) (NNP=H )) (VP (VBG=H ) (NP (NNS ) (NNS=H )))) (VP=H (VBP=H ) (ADJP (JJ=H ))) (. ))),2,89202,"0,0828786106"
(ROOT (S=H (NP (NNP ) (NNP ) (NNP=H )) (VP=H (VBP=H ) (SBAR (S=H (NP (JJ ) (NNS=H )) (VP=H (VBP=H ) (ADJP (JJ=H )))))) (. ))),2,89204,"0,0828804689"
(ROOT (S=H (NP (NP (NAC (NNP=H ) (PP (IN=H ) (NP (NNP ) (NNP=H )))) (NNS ) (POS=H )) (NN=H )) (VP=H (VBP=H ) (ADJP (JJ=H ))) (. ))),2,89206,"0,0828823271"
(ROOT (S=H (NP (NP=H (JJ ) (NN=H )) (VP (VBG=H ) (NP (NP=H (NNS=H )) (PP (IN=H ) (NP (DT ) (NNP ) (NNP=H )))))) (VP=H (VBP=H ) (ADJP (JJ=H ))) (. ))),2,89208,"0,0828841853"
(ROOT (S=H (NP (JJ ) (NN=H )) (PRN (-LRB- ) (NP=H (NN=H )) (-RRB- )) (NP (JJ ) (NNS=H )) (VP=H (VBP=H ) (ADJP (JJ=H ))) (. ))),2,89210,"0,0828860435"
(ROOT (NP=H (NP=H (NNP=H )) (PRN (-LRB- ) (NP=H (NN=H )) (-RRB- )) (: ) (NP (NP=H (NN ) (NN=H )) (SBAR (S=H (NP (NN ) (NNS=H )) (VP=H (VBP=H ) (ADJP (JJ=H )))))) (. ))),2,89212,"0,0828879018"
(ROOT (S=H (S (VP=H (VBG=H ) (PP (IN=H ) (NP (DT ) (NNP ) (PRN (-LRB- ) (NP=H (NP=H (NNP ) (NNP=H )) (NP (NN=H ))) (-RRB- )) (NNS=H ))))) (VP=H (VBP=H ) (ADJP (JJ=H ))) (. ))),2,89214,"0,08288976"
(ROOT (NP=H (NP=H (NNP ) (PRN (-LRB- ) (NP=H (NN=H )) (-RRB- )) (NNP=H )) (: ) (NP (NP=H (NN ) (NN=H )) (SBAR (S=H (NP (NN ) (NNS=H )) (VP=H (VBP=H ) (ADJP (JJ=H )))))) (. ))),2,89216,"0,0828916182"
(ROOT (S=H (NP (NP (NNP ) (NNPS=H )) (PRN (-LRB- ) (NP=H (NN=H ) (CD )) (-RRB- )) (NNS=H )) (VP=H (VBP=H ) (ADJP (JJ=H ))) (. ))),2,89218,"0,0828934764"
(ROOT (S=H (NP (NNP ) (NNP ) (NNPS ) (CC ) (NN ) (NN ) (NNS ) (NNS=H )) (VP=H (VBP=H ) (ADJP (JJ=H ))) (. ))),2,89220,"0,0828953347"
(ROOT (NP=H (NP=H (NNP=H )) (PRN (-LRB- ) (NP=H (CD=H )) (-RRB- )) (: ) (NP (NP=H (NN ) (NN=H )) (SBAR (S=H (NP (NP=H (NN ) (NNS=H )) (PP (IN=H ) (NP (DT ) (NNP ) (NNP ) (NNP=H )))) (VP=H (VBP=H ) (ADJP (JJ=H )))))) (. ))),2,89222,"0,0828971929"
(ROOT (NP=H (NP=H (CD=H )) (: ) (S (NP (NP (NNP ) (NNP ) (NNP ) (NN ) (NNS ) (POS=H )) (NN ) (NNS ) (NN=H )) (VP=H (VBP=H ) (ADJP (JJ=H )))) (. ))),2,89224,"0,0828990511"
(ROOT (NP=H (NP=H (CD=H )) (: ) (S (NP (NP (NNP ) (NNP ) (NNP ) (NNP ) (NNP ) (NNS ) (POS=H )) (NN ) (NN=H )) (VP=H (VBP=H ) (ADJP (JJ=H )))) (. ))),2,89226,"0,0829009093"
(ROOT (S=H (NP (NP=H (NN=H )) (PP (IN=H ) (NP (NP=H (NNP=H )) (PP (IN=H ) (NP (JJ ) (NNS=H )))))) (VP=H (VBP=H ) (ADJP (JJ=H ))) (. ))),2,89228,"0,0829027675"
(ROOT (S=H (NP (NP=H (NNP ) (NNP=H )) (PP (IN=H ) (NP (NP=H (NNS=H )) (PP (IN=H ) (NP (DT ) (NNPS=H )))))) (VP=H (VBP=H ) (ADJP (JJ=H ))) (. ))),2,89230,"0,0829046258"
(ROOT (S=H (NP (CD ) (NNP ) (NNP ) (NNPS ) (NNP ) (NNP ) (NNS=H )) (VP=H (VBP=H ) (ADJP (JJ=H ))) (. ))),2,89232,"0,082906484"
(ROOT (S=H (NP (NP=H (NP (NNP ) (NNS ) (POS=H )) (NN ) (CC ) (NN ) (NNS=H )) (PP (IN=H ) (NP (DT ) (NNP ) (NNPS=H )))) (VP=H (VBP=H ) (ADJP (JJ=H ))) (. ))),2,89234,"0,0829083422"
(ROOT (S=H (NP (NP=H (NNP=H )) (PP (IN=H ) (NP (DT ) (NNP ) (PRN (-LRB- ) (NP=H (NN=H )) (-RRB- )) (NNS=H )))) (VP=H (VBP=H ) (ADJP (JJ=H ))) (. ))),2,89236,"0,0829102004"
(ROOT (S=H (NP (NP=H (NNP=H )) (VP (VBG=H ) (NP (NNS=H )) (PP (IN=H ) (NP (NP=H (NN=H )) (CC ) (NP (DT ) (NN=H )))))) (VP=H (VBP=H ) (ADJP (JJ=H ))) (. ))),2,89238,"0,0829120587"
(ROOT (NP=H (NP=H (CD=H )) (: ) (NP (NP=H (CD=H )) (SBAR (S=H (NP (NP (NNP ) (NNP ) (NNP ) (NNP ) (NNP ) (NNS ) (POS=H )) (NN ) (NN=H )) (VP=H (VBP=H ) (ADJP (JJ=H )))))) (. ))),2,89240,"0,0829139169"
(ROOT (NP=H (NP=H (CD=H )) (: ) (S (NP (NP (NNP ) (NNP ) (NNP ) (NNP ) (NNP ) (NNP ) (NNS ) (POS=H )) (NN ) (NN=H )) (VP=H (VBP=H ) (ADJP (JJ=H )))) (. ))),2,89242,"0,0829157751"
(ROOT (S=H (NP (NP=H (NNP=H )) (PP (VBN=H ) (PP (IN=H ) (NP (NNP ) (NNS=H ))))) (VP=H (VBP=H ) (ADJP (JJ=H ))) (. ))),2,89244,"0,0829176333"
(ROOT (S=H (NP (NNP ) (NNP ) (CC ) (NNP ) (CD ) (NN ) (CC ) (NN ) (NNS=H )) (VP=H (VBP=H ) (ADJP (JJ=H ))) (. ))),2,89246,"0,0829194916"
(ROOT (S=H (NP (NP (NNP ) (IN ) (NNP=H )) (PRN (-LRB- ) (NP=H (NN=H )) (-RRB- )) (NNS=H )) (VP=H (VBP=H ) (ADJP (JJ=H ))) (. ))),2,89248,"0,0829213498"
(ROOT (S=H (S=H (NP (NP=H (NNP=H )) (PP (IN=H ) (NP (NNP ) (NN ) (NNS=H )))) (VP=H (VBZ=H ))) (: ) (S (NP (CD ) (NN=H )) (VP=H (VBP=H ) (ADJP (JJ=H )))) (. ))),2,89250,"0,082923208"
(ROOT (S=H (NP (NP=H (JJ ) (NN=H ) (CC ) (NN )) (PP (IN=H ) (NP (DT ) (NNPS=H )))) (VP=H (VBP=H ) (ADJP (JJ=H ))) (. ))),2,89252,"0,0829250662"
(ROOT (S=H (NP (NP (NNPS=H )) (PRN (-LRB- ) (NP=H (JJ ) (NN=H )) (-RRB- )) (NNS=H )) (VP=H (VBP=H ) (ADJP (JJ=H ))) (. ))),2,89254,"0,0829269244"
(ROOT (S=H (NP (NP (NNP ) (NNP ) (POS=H )) (NNS ) (NN=H )) (VP=H (VBP=H ) (ADJP (JJ=H ))) (. ))),2,89256,"0,0829287827"
"(ROOT (S=H (S (NP (JJ ) (NNS=H )) (VP=H (VBN=H ) (PP (IN=H ) (NP (NNP=H ))))) (, ) (NP (NNP=H )) (VP=H (VBP=H ) (ADJP (JJ=H ))) (. )))",2,89258,"0,0829306409"
(ROOT (S=H (NP (NP=H (NN=H )) (CC ) (NP (NN ) (NNS=H ))) (VP=H (VBP=H ) (ADJP (JJ=H ))) (. ))),2,89260,"0,0829324991"
(ROOT (S=H (NP (NP=H (DT ) (NNP ) (NNP=H )) (PP (IN=H ) (NP (NNP ) (CC ) (NNP ) (NNS=H )))) (VP=H (VBP=H ) (ADJP (JJ=H ))) (. ))),2,89262,"0,0829343573"
(ROOT (S=H (NP (NP=H (CD=H )) (VP (VBG=H ) (NP (NN ) (NNS=H )))) (VP=H (VBP=H ) (ADJP (JJ=H ))) (. ))),2,89264,"0,0829362156"
(ROOT (S=H (NP (NP=H (NNP ) (JJ ) (NNS ) (NNS=H )) (PP (IN=H ) (NP (NNS=H )))) (VP=H (VBP=H ) (ADJP (JJ=H ))) (. ))),2,89266,"0,0829380738"
(ROOT (S=H (NP (NP=H (NNPS ) (NNP ) (JJ ) (JJ ) (NNS=H )) (PP (IN=H ) (NP (NNP ) (NNP=H )))) (VP=H (VBP=H ) (ADJP (JJ=H ))) (. ))),2,89268,"0,082939932"
(ROOT (S=H (NP (NP=H (NNP ) (NNP ) (NNP=H )) (PP (IN=H ) (NP (NP=H (NN=H )) (PP (IN=H ) (NP (DT ) (NNP ) (NNPS=H )))))) (VP=H (VBP=H ) (ADJP (JJ=H ))) (. ))),2,89270,"0,0829417902"
(ROOT (S=H (NP (NP=H (NNP ) (NN ) (CC ) (NN ) (NNS=H )) (PP (IN=H ) (NP (NP=H (NN=H )) (PP (IN=H ) (NP (DT ) (NNP ) (NNPS=H )))))) (VP=H (VBP=H ) (ADJP (JJ=H ))) (. ))),2,89272,"0,0829436485"
(ROOT (S=H (NP (NP=H (JJ ) (PRN (-LRB- ) (NP=H (NN ) (NN=H )) (-RRB- )) (NN=H )) (ADJP (JJ=H ) (PP (TO=H ) (NP (NNS=H ))))) (VP=H (VBP=H ) (ADJP (JJ=H ))) (. ))),2,89274,"0,0829455067"
(ROOT (S=H (NP (NP=H (NNP ) (NNPS ) (ADJP (NP (CD ) (NNS=H )) (JJ=H )) (NNS=H )) (PP (IN=H ) (NP (NN=H )))) (VP=H (VBP=H ) (ADJP (JJ=H ))) (. ))),2,89276,"0,0829473649"
"(ROOT (NP=H (NP=H (NP=H (NNS=H )) (PP (IN=H ) (NP (NNP=H )))) (ADJP (NN=H ) (CD )) (, ) (S (NP (NNP=H )) (VP=H (VBP=H ) (ADJP (JJ=H )))) (. )))",2,89278,"0,0829492231"
(ROOT (S=H (NP (NP=H (CD=H )) (PP (IN=H ) (NP (DT ) (NNP ) (NNPS ) (NNP=H )))) (VP=H (VBP=H ) (ADJP (JJ=H ))) (. ))),2,89280,"0,0829510813"
(ROOT (S=H (NP (NP=H (NNP ) (NN ) (NN=H )) (PP (IN=H ) (NP (NP=H (NN ) (NNS=H )) (VP (VBG=H ) (NP (JJ ) (NNS=H )))))) (VP=H (VBP=H ) (ADJP (JJ=H ))) (. ))),2,89282,"0,0829529396"
(ROOT (S=H (NP (NP (NN=H )) (PRN (-LRB- ) (NP=H (JJ ) (NN ) (NN=H )) (-RRB- )) (NNS=H )) (VP=H (VBP=H ) (ADJP (JJ=H ))) (. ))),2,89284,"0,0829547978"
(ROOT (S=H (NP (NP=H (NNP=H )) (PP (TO=H ) (NP (NNS=H )))) (VP=H (VBP=H ) (ADJP (JJ=H ))) (. ))),2,89286,"0,082956656"
(ROOT (S=H (NP (NP=H (NNP=H )) (PP (IN=H ) (NP (NP=H (DT ) (NNP=H )) (PP (IN=H ) (NP (DT ) (CD ) (NNS=H )))))) (VP=H (VBP=H ) (ADJP (JJ=H ))) (. ))),2,89288,"0,0829585142"
(ROOT (S=H (NP (NP=H (NNP ) (NNPS ) (NNP ) (NNS=H )) (NP (CD ) (: ) (CD=H ))) (VP=H (VBP=H ) (ADJP (JJ=H ))) (. ))),2,89290,"0,0829603725"
"(ROOT (S=H (NP (NNP ) (, ) (NNP=H )) (VP=H (VBP=H ) (SBAR (S=H (NP (NNP ) (NN ) (NN ) (NNS=H )) (VP=H (VBP=H ) (ADJP (JJ=H )))))) (. )))",2,89292,"0,0829622307"
(ROOT (S=H (NP (NP=H (NNP=H )) (PP (IN=H ) (NP (NNP ) (NN ) (NN ) (JJ ) (NNS=H )))) (VP=H (VBP=H ) (ADJP (JJ=H ))) (. ))),2,89294,"0,0829640889"
(ROOT (S=H (NP (NP=H (JJ ) (NN=H )) (PP (IN=H ) (NP (NP=H (DT ) (NNP ) (NNP=H )) (PP (IN=H ) (NP (NP=H (NNP ) (NNPS=H )) (PP (IN=H ) (NP (NNP=H )))))))) (VP=H (VBP=H ) (ADJP (JJ=H ))) (. ))),2,89296,"0,0829659471"
(ROOT (NP=H (NP=H (NP=H (NNPS=H )) (PP (IN=H ) (NP (NNP=H ))) (PRN (-LRB- ) (NP=H (NNP=H )) (-RRB- ))) (: ) (NP (NP=H (NN=H )) (SBAR (S=H (NP (JJ ) (NNS=H )) (VP=H (VBP=H ) (ADJP (JJ=H )))))) (. ))),2,89298,"0,0829678054"
(ROOT (S=H (S (VP=H (VBG=H ) (NP (NP (NNP ) (NNS ) (POS=H )) (NN ) (NN ) (NNS=H )))) (VP=H (VBP=H ) (ADJP (JJ=H ))) (. ))),2,89300,"0,0829696636"
(ROOT (S=H (NP (NP=H (JJ ) (NN=H )) (PP (IN=H ) (NP (NNP ) (NNP ) (NNPS=H )))) (VP=H (VBP=H ) (ADJP (JJ=H ))) (. ))),2,89302,"0,0829715218"
(ROOT (NP=H (NP=H (NNP=H )) (: ) (S (NP (NP (NNP ) (NNP ) (NNP ) (NNS ) (POS=H )) (NN ) (NN=H )) (VP=H (VBP=H ) (ADJP (JJ=H )))) (. ))),2,89304,"0,08297338"
(ROOT (S=H (NP (NP=H (NNP=H )) (PP (IN=H ) (NP (NP=H (DT ) (JJ ) (NN=H )) (CC ) (NP (NNP ) (NNP ) (NNPS=H ))))) (VP=H (VBP=H ) (ADJP (JJ=H ))) (. ))),2,89306,"0,0829752382"
"(ROOT (S=H (S (NP (NNP=H )) (VP=H (VBD=H ) (NP (NP=H (NNS=H )) (PP (IN=H ) (NP (NNP ) (NNP=H )))))) (, ) (NP (NNP=H )) (VP=H (VBP=H ) (ADJP (JJ=H ))) (. )))",2,89308,"0,0829770965"
(ROOT (S=H (NP (ADJP (JJ=H )) (JJ ) (NNS ) (NNS=H )) (VP=H (VBP=H ) (ADJP (JJ=H ))) (. ))),2,89310,"0,0829789547"
(ROOT (S=H (ADVP (RB=H )) (NP (NP (NNP ) (NNS ) (POS=H )) (NN=H )) (VP=H (VBP=H ) (ADJP (JJ=H ))) (. ))),2,89312,"0,0829808129"
(ROOT (S=H (PP (VBG=H ) (NP (NNS=H ))) (NP (NN ) (NNS=H )) (VP=H (VBP=H ) (ADJP (JJ=H ))) (. ))),2,89314,"0,0829826711"
(ROOT (S=H (NP (NNP ) (NNP ) (NNP=H )) (PRN (-LRB- ) (NP=H (NP=H (CD=H )) (: ) (NP (CD=H ))) (-RRB- )) (NP (NN ) (NNS=H )) (VP=H (VBP=H ) (ADJP (JJ=H ))) (. ))),2,89316,"0,0829845294"
(ROOT (S=H (NP (NNP ) (NNP ) (NNP=H )) (PRN (-LRB- ) (NP=H (NP=H (CD=H )) (: ) (NP (CD=H ))) (-RRB- )) (NP (NN ) (NN ) (NNS=H )) (VP=H (VBP=H ) (ADJP (JJ=H ))) (. ))),2,89318,"0,0829863876"
(ROOT (S=H (NP (NP=H (CD ) (NNP=H ) (CD )) (PP (IN=H ) (NP (NN ) (NNS=H )))) (VP=H (VBP=H ) (ADJP (JJ=H ))) (. ))),2,89320,"0,0829882458"
"(ROOT (S=H (S (NP=H (NP=H (NNPS=H )) (PP (IN=H ) (NP (NNP ) (CC ) (NNP ) (NNP=H ))))) (, ) (NP (NNP=H )) (VP=H (VBP=H ) (ADJP (JJ=H ))) (. )))",2,89322,"0,082990104"
(ROOT (S=H (NP (NP=H (NNP=H ) (CC ) (NNP )) (PP (IN=H ) (NP (JJ ) (NNS=H )))) (VP=H (VBP=H ) (ADJP (JJ=H ))) (. ))),2,89324,"0,0829919623"
(ROOT (NP=H (NP=H (JJ ) (NNP ) (NNP=H )) (: ) (S (NP (NNP=H )) (VP=H (VBP=H ) (ADJP (JJ=H )))) (. ))),2,89326,"0,0829938205"
(ROOT (NP=H (NP=H (NNP ) (NNP ) (NNP ) (NNP=H )) (: ) (S (NP (NP (NNP ) (POS=H )) (NN ) (NN ) (NN=H )) (VP=H (VBP=H ) (ADJP (JJ=H )))) (. ))),2,89328,"0,0829956787"
(ROOT (S=H (NP (NP=H (NNP ) (NNP ) (NNP=H )) (PP (IN=H ) (NP (JJ ) (JJ ) (NNS=H )))) (VP=H (VBP=H ) (ADJP (JJ=H ))) (. ))),2,89330,"0,0829975369"
(ROOT (S=H (NP (NP=H (JJ ) (NNS ) (NNS=H )) (PP (IN=H ) (NP (NP=H (DT ) (NNP ) (NNPS=H )) (PP (IN=H ) (NP (NN=H )))))) (VP=H (VBP=H ) (ADJP (JJ=H ))) (. ))),2,89332,"0,0829993951"
(ROOT (S=H (NP (NP=H (NNP=H )) (PP (IN=H ) (NP (NP=H (JJ ) (NNS=H )) (PP (IN=H ) (NP (NNP=H ) (CD )))))) (VP=H (VBP=H ) (ADJP (JJ=H ))) (. ))),2,89334,"0,0830012534"
(ROOT (S=H (S=H (NP (NNP ) (NN=H )) (VP=H (VBZ=H ) (NP (JJ ) (NNS=H )) (PP (IN=H ) (NP (NNS=H ))))) (: ) (S (NP (NNP ) (NNP=H )) (VP=H (VBP=H ) (ADJP (JJ=H )))) (. ))),2,89336,"0,0830031116"
(ROOT (S=H (NP-TMP (NNP=H ) (CD )) (NP (JJ ) (NNS=H )) (VP=H (VBP=H ) (ADJP (JJ=H ))) (. ))),2,89338,"0,0830049698"
(ROOT (NP=H (NP=H (NNP=H )) (: ) (S (NP (NP=H (NNP ) (NNP ) (NNS=H )) (PP (IN=H ) (NP (NNP ) (NNP=H )))) (VP=H (VBP=H ) (ADJP (JJ=H )))) (. ))),2,89340,"0,083006828"
(ROOT (S=H (NP (NP=H (NNP=H )) (PP (IN=H ) (NP (NP=H (NNP ) (NNS=H )) (PP (IN=H ) (NP (NP=H (DT ) (NN=H )) (PP (IN=H ) (NP (NN=H )))))))) (VP=H (VBP=H ) (ADJP (JJ=H ))) (. ))),2,89342,"0,0830086863"
(ROOT (S=H (NP (NNP ) (NNP=H )) (PP (IN=H ) (NP (NNP ) (NNS=H ))) (VP=H (VBP=H ) (ADJP (JJ=H ))) (. ))),2,89344,"0,0830105445"
(ROOT (S=H (NP (NP=H (NNP ) (NNPS ) (JJ ) (NNS=H )) (PP (IN=H ) (NP (NN=H ) (CC ) (NNS )))) (VP=H (VBP=H ) (ADJP (JJ=H ))) (. ))),2,89346,"0,0830124027"
(ROOT (NP=H (NP=H (CD=H )) (: ) (NP (NP=H (NP=H (CD=H )) (NP (NNP ) (NNP ) (NNP ) (NNP ) (NNP=H ))) (: ) (S (NP (NP (NNP ) (POS=H )) (NN ) (NN=H )) (VP=H (VBP=H ) (ADJP (JJ=H ))))) (. ))),2,89348,"0,0830142609"
(ROOT (S=H (NP (NP=H (NNP=H )) (PP (IN=H ) (NP (NP (NNS ) (POS=H )) (NNS=H )))) (VP=H (VBP=H ) (ADJP (JJ=H ))) (. ))),1,89349,"0,08301519"
(ROOT (S=H (S (ADVP (RB=H )) (VP=H (VBN=H ))) (NP (NP (NN=H )) (PRN (-LRB- ) (NP=H (JJ=H )) (-RRB- )) (NNS=H )) (VP=H (VBP=H ) (ADJP (JJ=H ))) (. ))),1,89350,"0,0830161192"
(ROOT (S=H (S (VP=H (ADVP (RB=H )) (VBN=H ))) (VP=H (VBP=H ) (ADJP (JJ=H ))) (. ))),1,89351,"0,0830170483"
(ROOT (S=H (NP (NP=H (NN=H )) (PP (IN=H ) (NP (NP=H (NN=H )) (PP (TO=H ) (NP (DT ) (NNP ) (NNPS=H )))))) (VP=H (VBP=H ) (ADJP (JJ=H ))) (. ))),1,89352,"0,0830179774"
(ROOT (S=H (NP (NP=H (NNP=H )) (PP (TO=H ) (NP (DT ) (NNP ) (NNPS=H )))) (VP=H (VBP=H ) (ADJP (JJ=H ))) (. ))),1,89353,"0,0830189065"
(ROOT (S=H (NP (`` ) (NP=H (NP=H (NNP=H )) (NP (JJ ) (NNS=H ))) ('' ) (VP (VBG=H ) (NP (NN=H )))) (VP=H (VBP=H ) (ADJP (JJ=H ))) (. ))),1,89354,"0,0830198356"
(ROOT (FRAG=H (NP (PRP=H )) (: ) (S=H (NP (NNP ) (NNP ) (NNPS ) (NNS=H )) (VP=H (VBP=H ) (ADJP (JJ=H )))) (. ))),1,89355,"0,0830207647"
(ROOT (S=H (: ) (CC ) (NP (PRP=H )) (VP=H (VBD=H ) (SBAR (S=H (NP (NP=H (NNP ) (NNP=H )) (PP (IN=H ) (NP (NP=H (DT ) (NN=H )) (PP (IN=H ) (NP (JJ ) (NNS=H )))))) (VP=H (VBP=H ) (ADJP (JJ=H )))))) (. ))),1,89356,"0,0830216938"
(ROOT (S=H (NP (NP (JJ ) (NP (DT ) (NN ) (POS=H )) (NNP ) (NNP=H )) (NNS=H )) (VP=H (VBP=H ) (ADJP (JJ=H ))) (. ))),1,89357,"0,0830226229"
(ROOT (SBARQ=H (WHNP (WHNP=H (CD=H )) (PP (IN=H ) (NP (NN=H )))) (SQ=H (VP=H (VBP=H ) (ADJP (JJ=H )))) (. ))),1,89358,"0,083023552"
(ROOT (S=H (ADVP (RB=H )) (NP (DT=H )) (VP=H (VBZ=H ) (SBAR (WHNP=H (WP=H )) (S (NP (PRP=H )) (VP=H (VB=H ) (NP (NP=H (NNP=H ) (. )) (SBAR (S=H (NP (NNS=H )) (VP=H (VBP=H ) (ADJP (JJ=H )))))))))) (. ))),1,89359,"0,0830244812"
(ROOT (S=H (NP (NP=H (NP (NNPS ) (POS=H )) (NNS=H )) (PP (IN=H ) (NP (DT ) (NNP ) (NNPS=H )))) (VP=H (VBP=H ) (ADJP (JJ=H ))) (. ))),1,89360,"0,0830254103"
(ROOT (S=H (NP (NP=H (JJ=H )) (PP (IN=H ) (NP (NNP ) (NNP ) (NNS=H )))) (VP=H (VBP=H ) (ADJP (JJ=H ))) (. ))),1,89361,"0,0830263394"
(ROOT (S=H (NP (NP (CD=H )) (PRN (-LRB- ) (NP=H (CD ) (NN=H )) (-RRB- )) (NNS=H )) (VP=H (VBP=H ) (ADJP (JJ=H ))) (. ))),1,89362,"0,0830272685"
(ROOT (S=H (NP (NP=H (DT ) (NN=H )) (PP (TO=H ) (NP (NNP ) (NNP ) (NNS=H )))) (VP=H (VBP=H ) (ADJP (JJ=H ))) (. ))),1,89363,"0,0830281976"
(ROOT (S=H (NP (NP=H (DT ) (NN=H )) (PP (IN=H ) (NP (JJ ) (NNS ) (NNS=H )))) (VP=H (VBP=H ) (ADJP (JJ=H ))) (. ))),1,89364,"0,0830291267"
(ROOT (S=H (NP (NP=H (DT ) (NNP=H )) (PP (IN=H ) (NP (NNS=H )))) (VP=H (VBP=H ) (ADJP (JJ=H ))) (. ))),1,89365,"0,0830300558"
(ROOT (S=H (NP (NP=H (DT ) (NN=H )) (PP (IN=H ) (NP (CD ) (NNS ) (NNS=H )))) (VP=H (VBP=H ) (ADJP (JJ=H ))) (. ))),1,89366,"0,0830309849"
(ROOT (S=H (NP (NP=H (NNP=H )) (PP (IN=H ) (NP (NNP ) (NNP ) (NNPS ) (CC ) (NNPS ) (NNP=H )))) (VP=H (VBP=H ) (ADJP (JJ=H ))) (. ))),1,89367,"0,0830319141"
(ROOT (S=H (S (ADVP (RB=H )) (VP=H (VBN=H ))) (NP (NP (NN=H )) (PRN (-LRB- ) (NP=H (NN=H )) (-RRB- )) (NNS=H )) (VP=H (VBP=H ) (ADJP (JJ=H ))) (. ))),1,89368,"0,0830328432"
(ROOT (S=H (NP (NP=H (FW ) (FW=H )) (VP (VBG=H ) (NP (NNS=H )))) (VP=H (VBP=H ) (ADJP (JJ=H ))) (. ))),1,89369,"0,0830337723"
(ROOT (S=H (NP (NP=H (NNP ) (NNP=H )) (PP (TO=H ) (NP (PRN (-LRB- ) (NP=H (NNP=H )) (-RRB- )) (NNS=H )))) (VP=H (VBP=H ) (ADJP (JJ=H ))) (. ))),1,89370,"0,0830347014"
(ROOT (S=H (NP (NP=H (NN=H ) (CC ) (NN )) (PP (IN=H ) (NP (NP=H (DT ) (NN ) (NNS=H )) (PP (IN=H ) (NP (NNP=H )))))) (VP=H (VBP=H ) (ADJP (JJ=H ))) (. ))),1,89371,"0,0830356305"
(ROOT (S=H (NP (NP=H (NNP ) (NNP ) (NNP ) (NNP=H )) (PP (IN=H ) (NP (NNP ) (NNP ) (NNP ) (NNP ) (NNS=H )))) (VP=H (VBP=H ) (ADJP (JJ=H ))) (. ))),1,89372,"0,0830365596"
(ROOT (S=H (NP (NP=H (NNP=H )) (PP (IN=H ) (NP (NP=H (JJ ) (JJ ) (NNS=H )) (PP (IN=H ) (NP (DT ) (JJ ) (NN=H )))))) (VP=H (VBP=H ) (ADJP (JJ=H ))) (. ))),1,89373,"0,0830374887"
(ROOT (S=H (NP (NP=H (NNP=H )) (PP (IN=H ) (NP (NP=H (NNP=H )) (CC ) (NP (JJ ) (NNS=H ))))) (VP=H (VBP=H ) (ADJP (JJ=H ))) (. ))),1,89374,"0,0830384178"
(ROOT (S=H (NP (NP=H (NNP=H )) (CC ) (NP (NP=H (JJ ) (NNS=H )) (SBAR (WHNP=H (WDT=H )) (S (VP=H (VBP=H ) (NP (DT ) (JJ ) (NN ) (NN=H ))))))) (VP=H (VBP=H ) (ADJP (JJ=H ))) (. ))),1,89375,"0,0830393469"
(ROOT (S=H (PP (NP (NNP=H )) (IN=H )) (: ) (NP (NNS=H )) (VP=H (VBP=H ) (ADJP (JJ=H ))) (. ))),1,89376,"0,0830402761"
(ROOT (S=H (NP (NP=H (DT ) (NN ) (NNS ) (NNS=H )) (PP (VBG=H ) (NP (NN=H )))) (VP=H (VBP=H ) (ADJP (JJ=H ))) (. ))),1,89377,"0,0830412052"
(ROOT (S=H (NP (NP=H (DT ) (NN ) (NNS ) (NNS=H )) (PP (CC=H ) (NP (NN=H )))) (VP=H (VBP=H ) (ADJP (JJ=H ))) (. ))),1,89378,"0,0830421343"
(ROOT (S=H (NP (NP=H (NNP=H )) (PP (IN=H ) (NP (NP=H (NNS=H ) (CC ) (NNS )) (PP (IN=H ) (NP (NNP=H )))))) (VP=H (VBP=H ) (ADJP (JJ=H ))) (. ))),1,89379,"0,0830430634"
(ROOT (S=H (NP (NP=H (NN=H )) (PP (IN=H ) (NP (NP=H (VBG ) (NNS=H )) (PP (IN=H ) (NP (DT ) (NNP ) (NNPS=H )))))) (VP=H (VBP=H ) (ADJP (JJ=H ))) (. ))),1,89380,"0,0830439925"
(ROOT (S=H (NP (NP=H (NNP=H )) (PP (IN=H ) (NP (NP=H (DT ) (NNPS=H )) (PP (IN=H ) (NP (NP=H (NNP ) (NNP=H )) (PP (IN=H ) (NP (NNP=H )))))))) (VP=H (VBP=H ) (ADJP (JJ=H ))) (. ))),1,89381,"0,0830449216"
(ROOT (S=H (NP (NP=H (NNP ) (POS=H )) (CC ) (NP (NN ) (NNS=H ))) (VP=H (VBP=H ) (ADJP (JJ=H ))) (. ))),1,89382,"0,0830458507"
(ROOT (S=H (NP (NP=H (NNP ) (NNP=H )) (PRN (-LRB- ) (NP=H (JJ ) (NN=H )) (-RRB- ))) (VP=H (VBZ=H ) (SBAR (S=H (NP (NNS=H )) (VP=H (VBP=H ) (ADJP (JJ=H )))))) (. ))),1,89383,"0,0830467798"
(ROOT (S=H (NP (JJ ) (JJ ) (NN ) (NNS ) (CC ) (NNS ) (NNS=H )) (VP=H (VBP=H ) (ADJP (JJ=H ))) (. ))),1,89384,"0,083047709"
(ROOT (S=H (NP (NP (JJ ) (NN=H )) (PRN (-LRB- ) (NNS=H ) (-RRB- )) (NNS=H )) (VP=H (VBP=H ) (ADJP (JJ=H ))) (. ))),1,89385,"0,0830486381"
(ROOT (S=H (NP (JJ ) (UCP (ADJP=H (JJ ) (NN=H )) (CC ) (NP (NN=H ))) (NN ) (NNS=H )) (VP=H (VBP=H ) (ADJP (JJ=H ))) (. ))),1,89386,"0,0830495672"
(ROOT (S=H (NP (NNP ) (JJ ) (CC ) (NNP ) (NN=H )) (VP=H (VBP=H ) (ADJP (JJ=H ))) (. ))),1,89387,"0,0830504963"
(ROOT (S=H (NP (NP=H (NN ) (NN=H )) (PP (IN=H ) (NP (NN ) (NN ) (NNS=H )))) (VP=H (VBP=H ) (ADJP (JJ=H ))) (. ))),1,89388,"0,0830514254"
(ROOT (S=H (S (VP=H (VBN=H ) (S (VP=H (VBG=H ) (NP (NP=H (NNS=H )) (PP (IN=H ) (NP (NNP ) (NNP=H )))))))) (NP (PRP=H )) (VP=H (VBP=H ) (ADJP (JJ=H ))) (. ))),1,89389,"0,0830523545"
(ROOT (S=H (NP (NP=H (NNP=H )) (PP (IN=H ) (NP (NP=H (DT ) (NNPS=H )) (PP (IN=H ) (NP (DT ) (JJ ) (NN ) (NNS=H )))))) (VP=H (VBP=H ) (ADJP (JJ=H ))) (. ))),1,89390,"0,0830532836"
(ROOT (S=H (NP (NP=H (NNPS ) (NNP ) (NNP=H )) (NP (NN=H ) (CC ) (NN ))) (VP=H (VBP=H ) (ADJP (JJ=H ))) (. ))),1,89391,"0,0830542127"
(ROOT (S=H (NP (NP=H (NNPS ) (NNP ) (NNP ) (NNP ) (NNP=H )) (CC ) (NP (NN=H ))) (VP=H (VBP=H ) (ADJP (JJ=H ))) (. ))),1,89392,"0,0830551418"
(ROOT (S=H (NP (NP=H (NNPS ) (NNP=H )) (PP (IN=H ) (NP (JJ ) (NNS=H )))) (VP=H (VBP=H ) (ADJP (JJ=H ))) (. ))),1,89393,"0,083056071"
(ROOT (S=H (NP (ADJP (JJ=H ) (PP (IN=H ) (NP (NN=H )))) (JJ ) (CD ) (NN=H )) (VP=H (VBP=H ) (ADJP (JJ=H ))) (. ))),1,89394,"0,0830570001"
(ROOT (S=H (NP (NN=H )) (VP=H (VBD=H ) (ADVP (NP (QP (JJR ) (IN=H ) (CD )) (NNS=H )) (RB=H )) (SBAR (S=H (NP (JJ ) (NN ) (NN=H )) (VP=H (VBP=H ) (ADJP (JJ=H )))))) (. ))),1,89395,"0,0830579292"
(ROOT (S=H (PP (IN=H ) (NP (NNPS=H ))) (NP (NNP ) (NNS=H )) (VP=H (VBP=H ) (ADJP (JJ=H ))) (. ))),1,89396,"0,0830588583"
(ROOT (S=H (PP (IN=H ) (NP (NNS=H ))) (NP (NNP ) (NNS=H )) (VP=H (VBP=H ) (ADJP (JJ=H ))) (. ))),1,89397,"0,0830597874"
(ROOT (S=H (NP (NNP ) (NN=H )) (VP=H (VBP=H ) (SBAR (S=H (NP (JJ ) (NNS=H )) (VP=H (VBP=H ) (ADJP (JJ=H )))))) (. ))),1,89398,"0,0830607165"
(ROOT (S=H (NP (NP=H (NNP=H )) (PP (IN=H ) (NP (NP=H (NNP=H )) (PP (IN=H ) (NP (NP (NNP ) (NNP ) (POS=H )) (NNS=H )))))) (VP=H (VBP=H ) (ADJP (JJ=H ))) (. ))),1,89399,"0,0830616456"
(ROOT (S=H (NP (NP=H (NNP=H )) (PP (IN=H ) (NP (NNP ) (NNP ) (NNPS ) (NN ) (NNS=H )))) (VP=H (VBP=H ) (ADJP (JJ=H ))) (. ))),1,89400,"0,0830625747"
(ROOT (S=H (NP (NP=H (NNP=H )) (PP (IN=H ) (NP (NNP ) (NNP ) (NNPS ) (NNS ) (NNS=H )))) (VP=H (VBP=H ) (ADJP (JJ=H ))) (. ))),1,89401,"0,0830635038"
"(ROOT (S=H (ADVP (RB=H )) (, ) (NP (JJ ) (, ) (CC ) (JJ ) (NNS=H )) (VP=H (VBP=H ) (ADJP (JJ=H ))) (. )))",1,89402,"0,083064433"
"(ROOT (S=H (ADVP (RB=H )) (, ) (NP (JJ ) (, ) (CC ) (JJ ) (NN ) (NNS=H )) (VP=H (VBP=H ) (ADJP (JJ=H ))) (. )))",1,89403,"0,0830653621"
(ROOT (S=H (NP (NP=H (JJ ) (NNS ) (NN=H )) (PP (IN=H ) (NP (NN ) (NN ) (NNS=H )))) (VP=H (VBP=H ) (ADJP (JJ=H ))) (. ))),1,89404,"0,0830662912"
(ROOT (S=H (NP (JJ ) (NNS ) (NN=H )) (ADVP (RB=H )) (VP=H (VBP=H ) (ADJP (JJ=H ))) (. ))),1,89405,"0,0830672203"
(ROOT (S=H (NP (UCP (JJ=H ) (CC ) (NP (NNP=H ))) (NN ) (NN=H )) (VP=H (VBP=H ) (ADJP (JJ=H ))) (. ))),1,89406,"0,0830681494"
(ROOT (S=H (NP (UCP (JJ=H ) (CC ) (NP (JJ ) (NN=H ))) (NN ) (NN=H )) (VP=H (VBP=H ) (ADJP (JJ=H ))) (. ))),1,89407,"0,0830690785"
(ROOT (S=H (NP (NNP=H )) (VP=H (VBD=H ) (SBAR (S=H (NP (JJ ) (NNP ) (NNS=H )) (VP=H (VBP=H ) (ADJP (JJ=H )))))) (. ))),1,89408,"0,0830700076"
(ROOT (S=H (S (ADVP (RB=H )) (VP=H (VBN=H ))) (NP (NP (NN=H )) (PRN (-LRB- ) (NP=H (NNS=H )) (-RRB- )) (NNS=H )) (VP=H (VBP=H ) (ADJP (JJ=H ))) (. ))),1,89409,"0,0830709367"
(ROOT (S=H (NP (NP=H (NNP ) (NNP=H )) (PP (IN=H ) (NP (NP (DT ) (NNS ) (POS=H )) (NNP ) (NNP=H )))) (VP=H (VBP=H ) (ADJP (JJ=H ))) (. ))),1,89410,"0,0830718659"
(ROOT (S=H (NP (NNP ) (NNP=H )) (NP (CD ) (NNP ) (NNPS ) (NNP=H )) (VP=H (VBP=H ) (ADJP (JJ=H ))) (. ))),1,89411,"0,083072795"
(ROOT (S=H (NP (NP=H (NNP ) (NNP=H )) (ADJP (JJ=H ) (PP (IN=H ) (NP (NNS=H ))))) (VP=H (VBP=H ) (ADJP (JJ=H ))) (. ))),1,89412,"0,0830737241"
(ROOT (S=H (NP (NNP=H )) (VP=H (VBZ=H ) (SBAR (S=H (NP (NP=H (JJ ) (NN ) (NNS=H )) (PP (IN=H ) (NP (NN=H )))) (VP=H (VBP=H ) (ADJP (JJ=H )))))) (. ))),1,89413,"0,0830746532"
(ROOT (S=H (NP (NNP=H )) (VP=H (VBZ=H ) (SBAR (S=H (NP (NP=H (JJ ) (NN ) (NNS=H )) (VP (VBG=H ) (NP (NN=H )))) (VP=H (VBP=H ) (ADJP (JJ=H )))))) (. ))),1,89414,"0,0830755823"
(ROOT (S=H (NP (NNP=H )) (VP=H (VBZ=H ) (SBAR (S=H (NP (NP=H (JJ ) (NN ) (NNS=H )) (VP (VBG=H ) (NP (NN=H )) (PP (TO=H ) (NP (JJ ) (NNS=H ))))) (VP=H (VBP=H ) (ADJP (JJ=H )))))) (. ))),1,89415,"0,0830765114"
(ROOT (S=H (NP (NNP=H )) (PRN (-LRB- ) (NP=H (CD=H )) (-RRB- )) (NP (NNS=H ) (CC ) (NNS )) (VP=H (VBP=H ) (ADJP (JJ=H ))) (. ))),1,89416,"0,0830774405"
(ROOT (S=H (NP (NP=H (NN=H )) (PP (IN=H ) (NP (ADJP (NNP=H ) (NNP )) (NNS=H )))) (VP=H (VBP=H ) (ADJP (JJ=H ))) (. ))),1,89417,"0,0830783696"
(ROOT (S=H (NP (NP=H (NNP=H )) (CC ) (NP (NP=H (NNS=H )) (PP (IN=H ) (NP (JJ ) (NNS=H ))))) (VP=H (VBP=H ) (ADJP (JJ=H ))) (. ))),1,89418,"0,0830792987"
(ROOT (S=H (NP (NP=H (NNP=H )) (CC ) (NP (NP=H (NNS=H )) (PP (IN=H ) (NP (DT ) (NNP=H ))))) (VP=H (VBP=H ) (ADJP (JJ=H ))) (. ))),1,89419,"0,0830802279"
(ROOT (S=H (NP (NP=H (NNP=H )) (CC ) (NP (NP=H (NNS=H )) (PP (IN=H ) (NP (NP=H (DT ) (NNP=H )) (PP (IN=H ) (NP (NN=H ))))))) (VP=H (VBP=H ) (ADJP (JJ=H ))) (. ))),1,89420,"0,083081157"
(ROOT (S=H (PP (IN=H ) (NP (NP=H (DT ) (NN=H )) (CC ) (NP (PRP=H )))) (NP (NNS=H )) (VP=H (VBP=H ) (ADJP (JJ=H ))) (. ))),1,89421,"0,0830820861"
(ROOT (S=H (NP (NP=H (NNP ) (CD ) (NN=H )) (VP (VBG=H ) (NP (NNS=H )))) (VP=H (VBP=H ) (ADJP (JJ=H ))) (. ))),1,89422,"0,0830830152"
(ROOT (S=H (NP (NNP ) (NNP ) (NNP ) (NNP ) (NNP ) (NNPS ) (JJ ) (NN=H )) (VP=H (VBP=H ) (ADJP (JJ=H ))) (. ))),1,89423,"0,0830839443"
(ROOT (S=H (NP (NP=H (NNP ) (NNP=H )) (PP (IN=H ) (NP (DT ) (NNP ) (NNPS ) (NNP ) (NN=H )))) (VP=H (VBP=H ) (ADJP (JJ=H ))) (. ))),1,89424,"0,0830848734"
(ROOT (S=H (NP (NN ) (NN ) (NNS ) (NN=H )) (VP=H (VBP=H ) (SBAR (S=H (NP (NNS=H )) (VP=H (VBP=H ) (ADJP (JJ=H )))))) (. ))),1,89425,"0,0830858025"
(ROOT (S=H (NP (NP=H (NN=H ) (CC ) (NN )) (PP (IN=H ) (NP (NN ) (NNS=H )))) (VP=H (VBP=H ) (ADJP (JJ=H ))) (. ))),1,89426,"0,0830867316"
(ROOT (S=H (NP (NP=H (NNP ) (NNP=H )) (SBAR (S=H (VP=H (TO=H ) (VP (VB=H ) (NP (NNS=H )) (PP (TO=H ) (NP (NP=H (NNP ) (NNP=H )) (PP (IN=H ) (NP (NNP=H )))))))))) (VP=H (VBP=H ) (ADJP (JJ=H ))) (. ))),1,89427,"0,0830876607"
"(ROOT (S=H (NP (JJ ) (, ) (NN ) (, ) (CC ) (NN ) (NNS=H )) (VP=H (VBP=H ) (ADJP (JJ=H ))) (. )))",1,89428,"0,0830885899"
(ROOT (S=H (NP (NP=H (NNP=H )) (CC ) (NP (NP=H (NNP ) (JJ ) (NNS=H )) (PP (IN=H ) (NP (NN=H ))))) (VP=H (VBP=H ) (ADJP (JJ=H ))) (. ))),1,89429,"0,083089519"
(ROOT (S=H (NP (NNPS ) (NNP=H )) (PP (IN=H ) (NP (NNS=H ))) (VP=H (VBP=H ) (ADJP (JJ=H ))) (. ))),1,89430,"0,0830904481"
(ROOT (S=H (NP (NP (NP (NNP ) (POS=H )) (NNP ) (NNP ) (CC ) (NNP ) (NN=H )) (NNS=H )) (VP=H (VBP=H ) (ADJP (JJ=H ))) (. ))),1,89431,"0,0830913772"
(ROOT (S=H (NP (NNP ) (NNP ) (NNP ) (NNP=H )) (VP=H (VBZ=H ) (SBAR (S=H (NP (NNS ) (CC ) (NN ) (NNS=H )) (VP=H (VBP=H ) (ADJP (JJ=H )))))) (. ))),1,89432,"0,0830923063"
"(ROOT (S=H (NP (NP=H (NNP ) (NNP ) (NNP ) (NN ) (NN=H )) (, ) (NP (NN=H )) (CC ) (NP (JJ ) (NNS=H ))) (VP=H (VBP=H ) (ADJP (JJ=H ))) (. )))",1,89433,"0,0830932354"
(ROOT (S=H (NP (NP=H (NNP ) (NNP ) (NNP ) (NNP ) (NNP=H )) (CC ) (NP (JJ ) (NN ) (NNS=H ))) (VP=H (VBP=H ) (ADJP (JJ=H ))) (. ))),1,89434,"0,0830941645"
(ROOT (S=H (S=H (NP (NNP ) (NNP ) (NNP ) (NNP=H )) (VP=H (VBD=H ))) (CC ) (S (NP (NN ) (NNS=H )) (VP=H (VBP=H ) (ADJP (JJ=H )))) (. ))),1,89435,"0,0830950936"
(ROOT (S=H (NP (NP=H (JJ ) (CC ) (JJ ) (NNS ) (NNS=H )) (PP (IN=H ) (NP (NN=H )))) (VP=H (VBP=H ) (ADJP (JJ=H ))) (. ))),1,89436,"0,0830960228"
(ROOT (S=H (NP (NP=H (JJ ) (JJ ) (NN=H )) (PP (IN=H ) (NP (NNS ) (NNS=H )))) (VP=H (VBP=H ) (ADJP (JJ=H ))) (. ))),1,89437,"0,0830969519"
(ROOT (S=H (NP (JJ ) (NN=H )) (PRN (-LRB- ) (NP=H (CD ) (NNS=H )) (-RRB- )) (NP (NN ) (NNS=H )) (VP=H (VBP=H ) (ADJP (JJ=H ))) (. ))),1,89438,"0,083097881"
"(ROOT (S=H (NP (NP=H (NNP=H )) (, ) (NP (NNP ) (NNP ) (NNP ) (NNP ) (NNS=H ))) (VP=H (VBP=H ) (ADJP (JJ=H ))) (. )))",1,89439,"0,0830988101"
(ROOT (S=H (NP (NP=H (NNP=H )) (CC ) (NP (NP (NNP ) (NNPS ) (POS=H )) (NNP=H ))) (VP=H (VBP=H ) (ADJP (JJ=H ))) (. ))),1,89440,"0,0830997392"
(ROOT (S=H (NP (NP=H (NN ) (CC ) (NNS ) (NN=H )) (CC ) (NP (NN ) (NNS=H ))) (VP=H (VBP=H ) (ADJP (JJ=H ))) (. ))),1,89441,"0,0831006683"
(ROOT (S=H (NP (NP (NNP ) (PRN (-LRB- ) (NNP=H ) (NNP ) (-RRB- )) (NNP=H )) (NNS=H )) (VP=H (VBP=H ) (ADJP (JJ=H ))) (. ))),1,89442,"0,0831015974"
"(ROOT (S=H (S (VP=H (VBG=H ) (NP (DT ) (NN=H )))) (, ) (NP (NNP ) (NNP ) (NNP ) (NNS=H )) (VP=H (VBP=H ) (ADJP (JJ=H ))) (. )))",1,89443,"0,0831025265"
(ROOT (S=H (NP (UCP (NN=H ) (CC ) (NN )) (JJ ) (NNS=H )) (VP=H (VBP=H ) (ADJP (JJ=H ))) (. ))),1,89444,"0,0831034556"
(ROOT (S=H (NP (UCP (NN=H ) (CC ) (NN )) (NNS=H )) (VP=H (VBP=H ) (ADJP (JJ=H ))) (. ))),1,89445,"0,0831043848"
(ROOT (S=H (NP (UCP (NN=H ) (CC ) (JJ )) (NNS=H )) (VP=H (VBP=H ) (ADJP (JJ=H ))) (. ))),1,89446,"0,0831053139"
(ROOT (S=H (NP (UCP (NN=H ) (CC ) (JJ )) (NNS=H )) (ADVP (RB=H )) (VP=H (VBP=H ) (ADJP (JJ=H ))) (. ))),1,89447,"0,083106243"
(ROOT (S=H (S=H (NP (NNP=H )) (VP=H (VBP=H ) (PRT (RP=H )))) (: ) (S (NP (NNS=H )) (VP=H (VBP=H ) (ADJP (JJ=H )))) (. ))),1,89448,"0,0831071721"
(ROOT (FRAG=H (NP (NNP ) (NNP=H )) (: ) (S=H (NP (NNS=H )) (VP=H (VBP=H ) (ADJP (JJ=H )))) (. ))),1,89449,"0,0831081012"
"(ROOT (S=H (NP (NP=H (NNP ) (NNP ) (NNP ) (NNP=H )) (, ) (NP (NP=H (NNP ) (NNP ) (NNP=H )) (NP (NNS=H )))) (VP=H (VBP=H ) (ADJP (JJ=H ))) (. )))",1,89450,"0,0831090303"
(ROOT (S=H (NP (NNP=H )) (VP=H (MD=H ) (RB ) (VP (VB=H ) (SBAR (S=H (NP (NNS=H )) (VP=H (VBP=H ) (ADJP (JJ=H ))))))) (. ))),1,89451,"0,0831099594"
"(ROOT (S=H (NP (NNS ) (, ) (NN ) (, ) (NN ) (CC ) (NN ) (NN ) (NNS=H )) (VP=H (VBP=H ) (ADJP (JJ=H ))) (. )))",1,89452,"0,0831108885"
(ROOT (S=H (NP (NP=H (NNP=H )) (PP (IN=H ) (NP (DT ) (NNP ) (NNPS ) (CC ) (NNP ) (NNP=H )))) (VP=H (VBP=H ) (ADJP (JJ=H ))) (. ))),1,89453,"0,0831118176"
(ROOT (S=H (NP (NP=H (NNP ) (NNP=H )) (PP (IN=H ) (NP (NP=H (NNPS=H ) (CC ) (NNPS )) (NP (NN ) (NN=H ))))) (VP=H (VBP=H ) (ADJP (JJ=H ))) (. ))),1,89454,"0,0831127468"
(ROOT (S=H (NP (NP=H (NNP ) (NNP=H )) (PP (IN=H ) (NP (NP=H (NNP ) (NNPS=H )) (CC ) (NP (NNP ) (NNP=H ))))) (VP=H (VBP=H ) (ADJP (JJ=H ))) (. ))),1,89455,"0,0831136759"
(ROOT (S=H (NP (NP (NNS=H )) (PRN (-LRB- ) (NP=H (NNP ) (NNP ) (NNP=H )) (-RRB- )) (NNS=H )) (VP=H (VBP=H ) (ADJP (JJ=H ))) (. ))),1,89456,"0,083114605"
"(ROOT (S=H (NP-TMP (NP=H (NNP=H )) (CC ) (NP (NNP ) (NNP=H ))) (, ) (NP (NNP ) (NNP=H )) (VP=H (VBP=H ) (ADJP (JJ=H ))) (. )))",1,89457,"0,0831155341"
(ROOT (S=H (NP (NP=H (NNP=H )) (PP (IN=H ) (NP (NP=H (NP (DT ) (NNPS ) (POS=H )) (NN=H )) (PP (IN=H ) (NP (NP=H (DT ) (NNP ) (NNP=H )) (PP (IN=H ) (NP (NNP=H )))))))) (VP=H (VBP=H ) (ADJP (JJ=H ))) (. ))),1,89458,"0,0831164632"
(ROOT (S=H (NP (NP=H (NNP=H )) (PP (IN=H ) (NP (NP=H (NNS=H )) (PP (IN=H ) (NP (DT ) (JJ ) (JJ ) (JJ ) (NN=H )))))) (VP=H (VBP=H ) (ADJP (JJ=H ))) (. ))),1,89459,"0,0831173923"
(ROOT (S=H (NP (NP=H (NNP=H )) (PP (IN=H ) (NP (NP=H (NNS=H )) (PP (IN=H ) (NP (DT ) (NNP ) (NNP ) (NNP ) (NNP=H )))))) (VP=H (VBP=H ) (ADJP (JJ=H ))) (. ))),1,89460,"0,0831183214"
(ROOT (S=H (NP (NP=H (NNP=H )) (PP (IN=H ) (NP (DT ) (NNP ) (NNPS ) (NNP ) (NNP ) (NNP=H )))) (VP=H (VBP=H ) (ADJP (JJ=H ))) (. ))),1,89461,"0,0831192505"
"(ROOT (S=H (NP (NP=H (NNP ) (, ) (NNP ) (, ) (NNP ) (NNP=H )) (CC ) (NP (NNP ) (NNP ) (NNS=H ))) (VP=H (VBP=H ) (ADJP (JJ=H ))) (. )))",1,89462,"0,0831201797"
(ROOT (S=H (NP (NP (NNP ) (POS=H )) (NNS ) (CC ) (NNS ) (NNS=H )) (VP=H (VBP=H ) (ADJP (JJ=H ))) (. ))),1,89463,"0,0831211088"
(ROOT (S=H (NP (NNP=H )) (PP (IN=H ) (NP (NNP=H ))) (PP (IN=H ) (NP (NNS=H ))) (VP=H (VBP=H ) (ADJP (JJ=H ))) (. ))),1,89464,"0,0831220379"
(ROOT (S=H (NP (NP=H (NNS ) (CC ) (NN ) (NNS=H )) (PP (IN=H ) (NP (NP=H (DT ) (NNP ) (NNPS=H )) (PP (IN=H ) (NP (NN=H )))))) (VP=H (VBP=H ) (ADJP (JJ=H ))) (. ))),1,89465,"0,083122967"
(ROOT (S=H (NP (NP=H (NNP=H )) (PP (IN=H ) (NP (NP=H (CD ) (NN ) (NNS=H )) (PP (TO=H ) (NP (NNS=H )))))) (VP=H (VBP=H ) (ADJP (JJ=H ))) (. ))),1,89466,"0,0831238961"
(ROOT (S=H (NP (NP=H (NNP ) (NNP ) (CC ) (NNP ) (NNS=H )) (VP (VBG=H ) (NP (NN ) (NN=H )))) (VP=H (VBP=H ) (ADJP (JJ=H ))) (. ))),1,89467,"0,0831248252"
(ROOT (S=H (NP (NP=H (NNP ) (NN ) (NN ) (NN=H )) (CC ) (NP (NNS=H ))) (VP=H (VBP=H ) (ADJP (JJ=H ))) (. ))),1,89468,"0,0831257543"
"(ROOT (S=H (NP (NP=H (NNP ) (, ) (NNP ) (, ) (NNP ) (CC ) (NNP ) (NNP ) (NNP=H )) (NP (NNS=H ))) (VP=H (VBP=H ) (ADJP (JJ=H ))) (. )))",1,89469,"0,0831266834"
(ROOT (S=H (NP (NP=H (NNP=H )) (PP (IN=H ) (NP (NP=H (NNS ) (NNS=H )) (SBAR (WHNP=H (WDT=H )) (S (VP=H (MD=H ) (VP (VB=H ) (PP (IN=H ) (NP (NNP ) (NN=H )))))))))) (VP=H (VBP=H ) (ADJP (JJ=H ))) (. ))),1,89470,"0,0831276125"
(ROOT (S=H (NP (NP=H (NNP=H )) (PP (IN=H ) (NP (NP=H (NNS=H )) (PP (IN=H ) (NP (NP=H (NNP ) (NNS=H )) (PP (IN=H ) (NP (NNP ) (NNP=H )))))))) (VP=H (VBP=H ) (ADJP (JJ=H ))) (. ))),1,89471,"0,0831285417"
(ROOT (S=H (NP (NP=H (NNP=H )) (PP (IN=H ) (NP (NP=H (NNS=H )) (PP (IN=H ) (NP (NP=H (NNP=H )) (PP (IN=H ) (NP (NNP=H )))))))) (VP=H (VBP=H ) (ADJP (JJ=H ))) (. ))),1,89472,"0,0831294708"
(ROOT (S=H (NP (NP=H (NNP=H )) (PP (IN=H ) (NP (NP=H (NNS=H )) (PP (IN=H ) (NP (NNP ) (NNPS=H )))))) (VP=H (VBP=H ) (ADJP (JJ=H ))) (. ))),1,89473,"0,0831303999"
(ROOT (S=H (NP (NP=H (NNP=H )) (PP (IN=H ) (NP (NP=H (NNS=H )) (PP (IN=H ) (NP (NP=H (DT ) (NNS=H ) (CC ) (NNS )) (PP (IN=H ) (NP (NNP=H )))))))) (VP=H (VBP=H ) (ADJP (JJ=H ))) (. ))),1,89474,"0,083131329"
(ROOT (S=H (NP (NNP ) (NNP=H )) (VP=H (VBZ=H ) (SBAR (S=H (NP (NP=H (NN ) (NNS=H )) (PP (IN=H ) (NP (NNP=H )))) (VP=H (VBP=H ) (ADJP (JJ=H )))))) (. ))),1,89475,"0,0831322581"
(ROOT (S=H (NP (NP=H (NNP ) (NNP=H )) (VP (VBN=H ) (NP (NNS=H )) (PP (IN=H ) (NP (NN=H ))))) (VP=H (VBP=H ) (ADJP (JJ=H ))) (. ))),1,89476,"0,0831331872"
(ROOT (S=H (NP (NP=H (NNP ) (NNP=H )) (VP (VBN=H ) (NP (NP=H (NNS=H )) (PP (IN=H ) (NP (DT ) (NNP ) (NNP=H )))))) (VP=H (VBP=H ) (ADJP (JJ=H ))) (. ))),1,89477,"0,0831341163"
(ROOT (S=H (NP (NNP ) (NNP=H )) (VP=H (VBP=H ) (SBAR (S=H (NP (NP=H (JJ ) (NNS=H )) (PP (IN=H ) (NP (DT ) (NNP ) (NNP=H )))) (VP=H (VBP=H ) (ADJP (JJ=H )))))) (. ))),1,89478,"0,0831350454"
(ROOT (S=H (NP (NNP ) (NNP=H )) (VP=H (VBD=H ) (SBAR (S=H (NP (NP=H (JJ ) (NNS=H )) (PP (IN=H ) (NP (DT ) (NNP ) (NNP=H )))) (VP=H (VBP=H ) (ADJP (JJ=H )))))) (. ))),1,89479,"0,0831359745"
(ROOT (S=H (NP (NP=H (NNP ) (NNS ) (NN=H )) (CC ) (NP (NNS=H ))) (VP=H (VBP=H ) (ADJP (JJ=H ))) (. ))),1,89480,"0,0831369037"
(ROOT (S=H (NP (NP (NNPS ) (POS=H )) (NNP ) (NNP=H )) (VP=H (VBP=H ) (ADJP (JJ=H ))) (. ))),1,89481,"0,0831378328"
(ROOT (S=H (NP (NNPS ) (NNS=H )) (VP=H (VBP=H ) (SBAR (S=H (NP (NN ) (NNS=H )) (VP=H (VBP=H ) (ADJP (JJ=H )))))) (. ))),1,89482,"0,0831387619"
(ROOT (S=H (NP (NP=H (NP=H (NNP ) (NNP=H )) (PP (IN=H ) (NP (NNP=H )))) (PRN (-LRB- ) (NP=H (JJ=H )) (-RRB- ))) (VP=H (VBP=H ) (SBAR (S=H (NP (NNS=H )) (VP=H (VBP=H ) (ADJP (JJ=H )))))) (. ))),1,89483,"0,083139691"
"(ROOT (S=H (S (NP (NNS=H )) (VP=H (VBN=H ) (PP (IN=H ) (NP (NNP ) (NNP=H ))))) (, ) (NP (NNP ) (NNP ) (NNP=H )) (VP=H (VBP=H ) (ADJP (JJ=H ))) (. )))",1,89484,"0,0831406201"
(ROOT (S=H (NP (NP=H (NN ) (NN ) (NN=H )) (VP (VBN=H ) (PP (IN=H ) (NP (NNS=H ) (CC ) (NNS ))))) (VP=H (VBP=H ) (ADJP (JJ=H ))) (. ))),1,89485,"0,0831415492"
(ROOT (S=H (NP (NP=H (NNP=H )) (PP (NP (DT ) (JJ ) (NNS=H )) (IN=H ) (NP (NNP ) (NNP ) (IN ) (NNP=H )))) (VP=H (VBP=H ) (ADJP (JJ=H ))) (. ))),1,89486,"0,0831424783"
(ROOT (S=H (NP (NP=H (NNP=H )) (PP (NP (DT ) (JJ ) (NNS=H )) (IN=H ) (NP (NNP ) (NNP ) (NNP=H )))) (VP=H (VBP=H ) (ADJP (JJ=H ))) (. ))),1,89487,"0,0831434074"
(ROOT (S=H (NP (NP=H (NNP=H )) (PP (IN=H ) (NP (NP=H (NNS=H )) (PP (IN=H ) (NP (NP=H (NNP ) (NNP=H )) (PP (IN=H ) (NP (NNP=H )))))))) (VP=H (VBP=H ) (ADJP (JJ=H ))) (. ))),1,89488,"0,0831443366"
(ROOT (S=H (NP (NP=H (NNP=H )) (PP (IN=H ) (NP (NNS ) (NN ) (NN=H )))) (VP=H (VBP=H ) (ADJP (JJ=H ))) (. ))),1,89489,"0,0831452657"
(ROOT (S=H (NP (NP=H (NNP=H )) (PP (IN=H ) (NP (NP=H (DT ) (NNS=H )) (PP (IN=H ) (NP (NNP ) (NNP=H )))))) (VP=H (VBP=H ) (ADJP (JJ=H ))) (. ))),1,89490,"0,0831461948"
(ROOT (S=H (NP (NNP=H )) (VP=H (VBD=H ) (SBAR (IN=H ) (S (NP (NN ) (NNS=H )) (VP=H (VBP=H ) (ADJP (JJ=H )))))) (. ))),1,89491,"0,0831471239"
(ROOT (S=H (NP (NN=H ) (S (VP=H (TO=H ) (VP (VB=H ) (CC ) (VB ) (PP (TO=H ) (NP (NNP ) (NNPS=H ))))))) (VP=H (VBP=H ) (ADJP (JJ=H ))) (. ))),1,89492,"0,083148053"
(ROOT (S=H (NP (NP=H (NNP=H )) (PP (TO=H ) (NP (NNP ) (NNPS=H )))) (VP=H (VBP=H ) (ADJP (JJ=H ))) (. ))),1,89493,"0,0831489821"
(ROOT (S=H (NP (NP=H (NNS ) (NN=H )) (PP (IN=H ) (NP (DT ) (JJ ) (NNP ) (NNS=H )))) (VP=H (VBP=H ) (ADJP (JJ=H ))) (. ))),1,89494,"0,0831499112"
(ROOT (S=H (NP (NP=H (NNP=H )) (PP (IN=H ) (NP (NP (DT ) (NNS ) (POS=H )) (NNP ) (NNP=H )))) (VP=H (VBP=H ) (ADJP (JJ=H ))) (. ))),1,89495,"0,0831508403"
(ROOT (S=H (NP (NP=H (NNP=H )) (PP (IN=H ) (NP (NP=H (DT ) (NNP ) (NNPS=H )) (PP (IN=H ) (NP (NNP ) (NNP ) (NNP=H )))))) (VP=H (VBP=H ) (ADJP (JJ=H ))) (. ))),1,89496,"0,0831517694"
(ROOT (S=H (NP (NP=H (NNP=H )) (NP (FW ) (FW ) (NNS=H ))) (VP=H (VBP=H ) (ADJP (JJ=H ))) (. ))),1,89497,"0,0831526986"
(ROOT (FRAG=H (NP (JJ ) (NNP ) (NNP ) (NNP ) (NNP ) (NNP=H )) (: ) (S=H (NP (NNP=H )) (VP=H (VBP=H ) (ADJP (JJ=H )))) (. ))),1,89498,"0,0831536277"
(ROOT (S=H (UCP (ADJP=H (JJ=H )) (CC ) (VP (VBG=H ) (NP (NNS=H )))) (NP (NP=H (JJ ) (NNS=H )) (PP (IN=H ) (NP (NNP ) (NNP ) (NNP=H )))) (VP=H (VBP=H ) (ADJP (JJ=H ))) (. ))),1,89499,"0,0831545568"
(ROOT (S=H (NP (NP=H (NN=H )) (PP (IN=H ) (NP (NP (NNP ) (POS=H )) (NNS=H )))) (VP=H (VBP=H ) (ADJP (JJ=H ))) (. ))),1,89500,"0,0831554859"
"(ROOT (S=H (S (NP (NNP ) (NNS=H )) (VP=H (VBZ=H ))) (, ) (NP (NNS=H ) (CC ) (NNS )) (VP=H (VBP=H ) (ADJP (JJ=H ))) (. )))",1,89501,"0,083156415"
(ROOT (S=H (NP (NP=H (NN ) (NNS ) (NNS=H )) (CC ) (NP (NN=H ))) (VP=H (VBP=H ) (ADJP (JJ=H ))) (. ))),1,89502,"0,0831573441"
(ROOT (S=H (VP=H (VB=H ) (S (NP (PRP=H )) (VP=H (VB=H ) (NP (PRP=H )) (SBAR (S=H (NP (NNS=H )) (VP=H (VBP=H ) (ADJP (JJ=H )))))))) (. ))),1,89503,"0,0831582732"
(ROOT (S=H (NP (NP=H (NNP=H )) (PP (IN=H ) (NP (NP=H (NN=H ) (VBG )) (PRN (-LRB- ) (NP=H (NN ) (NNS=H )) (-RRB- ))))) (VP=H (VBP=H ) (ADJP (JJ=H ))) (. ))),1,89504,"0,0831592023"
(ROOT (S=H (NP (NP=H (NNP=H )) (ADJP (JJ=H ) (PP (TO=H ) (NP (NP=H (NNS=H )) (VP (VBN=H ) (PP (IN=H ) (NP (NN=H )))))))) (VP=H (VBP=H ) (ADJP (JJ=H ))) (. ))),1,89505,"0,0831601315"
(ROOT (S=H (NP (NNP ) (NNP ) (NNP=H )) (PRN (-LRB- ) (NP=H (JJ ) (NN=H )) (-RRB- )) (NP (NN ) (NNS=H )) (VP=H (VBP=H ) (ADJP (JJ=H ))) (. ))),1,89506,"0,0831610606"
(ROOT (S=H (NP (NP=H (NNP ) (NNP=H )) (PP (IN=H ) (NP (DT ) (JJ ) (JJ ) (NN ) (NNS=H )))) (VP=H (VBP=H ) (ADJP (JJ=H ))) (. ))),1,89507,"0,0831619897"
(ROOT (S=H (NP (NP=H (NNP=H )) (PP (IN=H ) (NP (UCP (NNP ) (CC ) (NNP ) (NNP=H )) (NNS=H )))) (VP=H (VBP=H ) (ADJP (JJ=H ))) (. ))),1,89508,"0,0831629188"
(ROOT (S=H (NP (ADJP (NNP=H )) (`` ) (NN ) (NNS=H )) (VP=H (VBP=H ) (ADJP (JJ=H ))) (. ))),1,89509,"0,0831638479"
(ROOT (S=H (NP (NNP=H )) (VP=H (VBD=H ) (SBAR (S=H (NP (PRP$ ) (JJ ) (NNS=H )) (VP=H (VBP=H ) (ADJP (JJ=H )))))) (. ))),1,89510,"0,083164777"
(ROOT (S=H (NP (NP=H (NNP ) (POS=H )) (PP (IN=H ) (NP (DT ) (NNP ) (NNP=H )))) (VP=H (VBP=H ) (ADJP (JJ=H ))) (. ))),1,89511,"0,0831657061"
(ROOT (S=H (NP (NP=H (NNP=H )) (PP (IN=H ) (NP (NNP ) (NNPS ) (NNP ) (NN=H )))) (VP=H (VBP=H ) (ADJP (JJ=H ))) (. ))),1,89512,"0,0831666352"
(ROOT (S=H (NP (NP=H (NNP=H )) (CC ) (NP (NP=H (JJ ) (NNS=H )) (PP (IN=H ) (NP (NNP ) (NNP=H ) (CC ) (NNP ))))) (VP=H (VBP=H ) (ADJP (JJ=H ))) (. ))),1,89513,"0,0831675643"
"(ROOT (S=H (S (VP=H (VB=H ) (NP (NNP=H )))) (, ) (NP (NNP ) (NNP=H )) (VP=H (VBP=H ) (ADJP (JJ=H ))) (. )))",1,89514,"0,0831684935"
(ROOT (S=H (NP (NNP=H )) (VP=H (VBP=H ) (SBAR (S=H (NP (NNP=H )) (VP=H (VBP=H ) (SBAR (S=H (NP (NNS=H )) (VP=H (VBP=H ) (ADJP (JJ=H ))))))))) (. ))),1,89515,"0,0831694226"
(ROOT (S=H (NP (NP=H (NNP=H )) (SBAR (WHNP=H (WP=H )) (S (VP=H (VBD=H ) (NP (JJ ) (NNS=H )))))) (VP=H (VBP=H ) (ADJP (JJ=H ))) (. ))),1,89516,"0,0831703517"
(ROOT (S=H (NP (NP=H (NNP=H )) (SBAR (WHNP=H (WP=H )) (S (VP=H (VBG=H ) (NP (NNS=H )))))) (VP=H (VBP=H ) (ADJP (JJ=H ))) (. ))),1,89517,"0,0831712808"
(ROOT (S=H (NP (NP=H (NNP=H )) (SBAR (WHNP=H (WP=H )) (S (NP (NNS=H )) (VP=H (VBD=H ) (PP (IN=H ) (NP (NNP ) (NNP=H ))))))) (VP=H (VBP=H ) (ADJP (JJ=H ))) (. ))),1,89518,"0,0831722099"
"(ROOT (S=H (SQ (VBZ=H ) (NP (PRP=H )) (VP (VB=H ) (NP (PRP=H )) (, ) (ADVP (RB=H )))) (. ) (NP (NNS=H )) (VP=H (VBP=H ) (ADJP (JJ=H ))) (. )))",1,89519,"0,083173139"
(ROOT (S=H (NP (NP (NNP ) (POS=H )) (NNPS ) (NNP=H )) (VP=H (VBP=H ) (ADJP (JJ=H ))) (. ))),1,89520,"0,0831740681"
(ROOT (S=H (NP (NAC (NNP=H ) (NNP ) (PP (IN=H ) (NP (NNP ) (NNPS=H )))) (NNS=H )) (VP=H (VBP=H ) (ADJP (JJ=H ))) (. ))),1,89521,"0,0831749972"
(ROOT (S=H (NP (NP=H (NNS ) (NNS=H )) (VP (VBG=H ) (NP (NNS=H )))) (VP=H (VBP=H ) (ADJP (JJ=H ))) (. ))),1,89522,"0,0831759263"
(ROOT (S=H (NP (NP=H (NNP=H ) (CC ) (NNP )) (PP (IN=H ) (NP (NNP ) (NNS=H )))) (VP=H (VBP=H ) (ADJP (JJ=H ))) (. ))),1,89523,"0,0831768555"
(ROOT (FRAG=H (NP (NNS=H ) (CC ) (NNS )) (: ) (S=H (NP (NP=H (NNP=H )) (PP (IN=H ) (NP (NNP ) (NNS=H )))) (VP=H (VBP=H ) (ADJP (JJ=H )))) (. ))),1,89524,"0,0831777846"
(ROOT (S=H (NP (NN=H )) (VP=H (VBD=H ) (SBAR (S=H (NP (NN ) (NNS=H )) (VP=H (VBP=H ) (ADJP (JJ=H )))))) (. ))),1,89525,"0,0831787137"
(ROOT (S=H (NP (NP=H (RB ) (JJ ) (JJ ) (NN=H )) (NP (NN ) (NN ) (NNS=H ))) (VP=H (VBP=H ) (ADJP (JJ=H ))) (. ))),1,89526,"0,0831796428"
(ROOT (S=H (NP (RB ) (NP=H (JJ ) (NNP ) (NN=H )) (CC ) (NP (NN ) (NN ) (NNS=H ))) (VP=H (VBP=H ) (ADJP (JJ=H ))) (. ))),1,89527,"0,0831805719"
(ROOT (S=H (NP (ADJP (JJ=H ) (PP (IN=H ) (NP (NNPS=H )))) (JJ ) (NN ) (NNS=H )) (VP=H (VBP=H ) (ADJP (JJ=H ))) (. ))),1,89528,"0,083181501"
(ROOT (S=H (NP (NAC (NP=H (CD ) (NNS=H )) (ADVP (RB=H ))) (NNS=H )) (VP=H (VBP=H ) (ADJP (JJ=H ))) (. ))),1,89529,"0,0831824301"
(ROOT (S=H (NP (NP=H (NNP=H ) (CD )) (NP (CD ) (NNS=H ))) (VP=H (VBP=H ) (ADJP (JJ=H ))) (. ))),1,89530,"0,0831833592"
(ROOT (S=H (NP (NP=H (NP=H (NNP ) (NNP=H )) (PP (IN=H ) (NP (NP=H (DT ) (NNP=H )) (PP (IN=H ) (NP (NNPS=H )))))) (PRN (-LRB- ) (NP=H (NNP=H )) (-RRB- ))) (VP=H (VBP=H ) (ADJP (JJ=H ))) (. ))),1,89531,"0,0831842884"
(ROOT (S=H (NP (NP (NNP ) (POS=H )) (NNP ) (ADJP (NP (NN=H )) (JJ=H )) (NNS=H )) (VP=H (VBP=H ) (ADJP (JJ=H ))) (. ))),1,89532,"0,0831852175"
"(ROOT (S=H (NP (NP=H (NNP=H )) (, ) (NP (JJ ) (NNS=H )) (, ) (CC ) (NP (NP=H (NN=H )) (NP (QP (CD=H ) (CD )) (NNS=H )))) (VP=H (VBP=H ) (ADJP (JJ=H ))) (. )))",1,89533,"0,0831861466"
"(ROOT (S=H (NP (NP=H (NNP=H )) (, ) (NP (JJ ) (NNS=H )) (, ) (CC ) (NP (NP=H (NN=H )) (NP (NNP ) (CD ) (NNS=H )))) (VP=H (VBP=H ) (ADJP (JJ=H ))) (. )))",1,89534,"0,0831870757"
(ROOT (S=H (NP (NP=H (JJ ) (NN=H )) (PP (IN=H ) (NP (NP=H (DT ) (JJ=H )) (PP (TO=H ) (NP (JJ ) (NNS=H )))))) (VP=H (VBP=H ) (ADJP (JJ=H ))) (. ))),1,89535,"0,0831880048"
(ROOT (S=H (NP (JJ ) (PRN (-LRB- ) (NP=H (NNP=H )) (-RRB- )) (NNS=H )) (PP (IN=H ) (NP (NNP=H ))) (VP=H (VBP=H ) (ADJP (JJ=H ))) (. ))),1,89536,"0,0831889339"
(ROOT (S=H (NP (NP=H (NNP ) (NNP=H )) (PP (IN=H ) (NP (NP=H (NNP ) (NNP ) (NNS=H )) (PP (VBG=H ) (NP (DT ) (NNP ) (NNP=H )))))) (VP=H (VBP=H ) (ADJP (JJ=H ))) (. ))),1,89537,"0,083189863"
(ROOT (S=H (NP (NP=H (NP=H (JJ ) (NN ) (POS=H )) (CC ) (NP (NNP ) (POS=H ))) (NP (NNP ) (NNP ) (NNP=H ))) (VP=H (VBP=H ) (ADJP (JJ=H ))) (. ))),1,89538,"0,0831907921"
(ROOT (S=H (NP (NP=H (NNP ) (NNPS ) (NNP=H )) (PRN (-LRB- ) (NP=H (JJ ) (NN=H )) (-RRB- ))) (VP=H (VBP=H ) (ADJP (JJ=H ))) (. ))),1,89539,"0,0831917212"
(ROOT (S=H (NP (NP (NNP ) (NNP ) (NNP ) (NNPS ) (POS=H )) (NN=H )) (VP=H (VBP=H ) (ADJP (JJ=H ))) (. ))),1,89540,"0,0831926504"
(ROOT (S=H (NP (NP=H (NNP ) (NNP=H )) (VP (VBN=H ) (NP (JJ ) (NNS=H )))) (VP=H (VBP=H ) (ADJP (JJ=H ))) (. ))),1,89541,"0,0831935795"
(ROOT (S=H (NP (NP (JJ ) (JJ ) (NN ) (NN=H )) (PRN (-LRB- ) (ADJP=H (JJ=H )) (-RRB- )) (NNS=H )) (VP=H (VBP=H ) (ADJP (JJ=H ))) (. ))),1,89542,"0,0831945086"
(ROOT (S=H (NP (NP=H (DT ) (NN=H )) (SBAR (S=H (NP (PRP=H )) (VP=H (VB=H ) (NP (NNS=H )))))) (VP=H (VBP=H ) (ADJP (JJ=H ))) (. ))),1,89543,"0,0831954377"
(ROOT (S=H (NP (NP=H (NNP ) (NNP=H )) (PP (IN=H ) (NP (NP=H (DT ) (NNP=H )) (PP (IN=H ) (NP (DT ) (NNP ) (NNPS=H )))))) (VP=H (VBP=H ) (ADJP (JJ=H ))) (. ))),1,89544,"0,0831963668"
(ROOT (S=H (NP (NP=H (NNP ) (NNP=H )) (PP (IN=H ) (NP (NP=H (NNP ) (NNP=H )) (PP (IN=H ) (NP (NNP ) (NNP ) (NNPS=H )))))) (VP=H (VBP=H ) (ADJP (JJ=H ))) (. ))),1,89545,"0,0831972959"
(ROOT (S=H (NP (NP=H (NNP ) (NN=H )) (PP (IN=H ) (NP (DT ) (NNP ) (NNPS ) (NN ) (NNS=H )))) (VP=H (VBP=H ) (ADJP (JJ=H ))) (. ))),1,89546,"0,083198225"
(ROOT (S=H (NP (NP=H (NNP ) (NNS ) (NN=H )) (PP (IN=H ) (NP (DT ) (JJ ) (NNP ) (NNS=H )))) (VP=H (VBP=H ) (ADJP (JJ=H ))) (. ))),1,89547,"0,0831991541"
(ROOT (S=H (NP (NNP ) (NNP ) (NNP ) (NNPS ) (NNS=H )) (PP (IN=H ) (NP (NN=H ))) (VP=H (VBP=H ) (ADJP (JJ=H ))) (. ))),1,89548,"0,0832000832"
(ROOT (S=H (NP (NP=H (NNPS ) (NNP=H )) (PP (IN=H ) (NP (NNP ) (NNP=H )))) (VP=H (VBP=H ) (ADJP (JJ=H ))) (. ))),1,89549,"0,0832010124"
(ROOT (S=H (NP (NP=H (NNP ) (NNP ) (NNPS ) (NNP=H )) (PP (IN=H ) (NP (DT ) (NNP ) (NN=H )))) (VP=H (VBP=H ) (ADJP (JJ=H ))) (. ))),1,89550,"0,0832019415"
(ROOT (S=H (NP (NP=H (NNP=H )) (PP (IN=H ) (NP (NP=H (DT ) (NNP=H )) (PP (IN=H ) (NP (NNS=H )))))) (VP=H (VBP=H ) (ADJP (JJ=H ))) (. ))),1,89551,"0,0832028706"
(ROOT (S=H (NP (NP=H (NNP=H )) (PP (IN=H ) (NP (NP (NNP ) (NNP ) (NNP ) (POS=H )) (NNS=H )))) (VP=H (VBP=H ) (ADJP (JJ=H ))) (. ))),1,89552,"0,0832037997"
(ROOT (S=H (NP (NP=H (NN=H )) (VP (VBG=H ) (PP (IN=H ) (NP (NP=H (DT ) (JJ ) (NNPS ) (NNPS=H )) (PP (IN=H ) (NP (NN=H ))))))) (VP=H (VBP=H ) (ADJP (JJ=H ))) (. ))),1,89553,"0,0832047288"
(ROOT (S=H (NP (NP=H (NN=H )) (VP (VBG=H ) (NP (JJ ) (JJ ) (NNS=H )))) (VP=H (VBP=H ) (ADJP (JJ=H ))) (. ))),1,89554,"0,0832056579"
(ROOT (S=H (NP (NP=H (NN=H )) (VP (VBG=H ) (NP (NN ) (NN ) (NNS=H )))) (VP=H (VBP=H ) (ADJP (JJ=H ))) (. ))),1,89555,"0,083206587"
"(ROOT (S=H (S (VP=H (VBZ=H ) (PP (IN=H ) (NP (NNP=H ))))) (, ) (NP (NNP=H )) (VP=H (VBP=H ) (ADJP (JJ=H ))) (. )))",1,89556,"0,0832075161"
(ROOT (S=H (NP (NP=H (CD=H )) (CC ) (NP (NNS=H ))) (VP=H (VBP=H ) (ADJP (JJ=H ))) (. ))),1,89557,"0,0832084453"
(ROOT (S=H (NP (NP=H (NNP=H )) (PP (IN=H ) (NP (NP=H (NN ) (NNS=H )) (SBAR (WHNP=H (WDT=H )) (S (VP=H (VBP=H ) (NP (NP=H (DT ) (NNP ) (NNP ) (NNP=H )) (PP (IN=H ) (NP (NNP ) (NNP ) (NNP=H )))))))))) (VP=H (VBP=H ) (ADJP (JJ=H ))) (. ))),1,89558,"0,0832093744"
(ROOT (S=H (NP (NP=H (NP=H (NNP=H )) (PP (IN=H ) (NP (NNP=H )))) (PRN (-LRB- ) (NP=H (NNP ) (NNPS=H )) (-RRB- ))) (VP=H (VBP=H ) (ADJP (JJ=H ))) (. ))),1,89559,"0,0832103035"
(ROOT (S=H (NP (NNP ) (NN=H ) (CC ) (NN )) (VP=H (VBP=H ) (SBAR (S=H (NP (NNS=H )) (VP=H (VBP=H ) (ADJP (JJ=H )))))) (. ))),1,89560,"0,0832112326"
(ROOT (S=H (NP (NNP ) (NN=H ) (CC ) (NN )) (VP=H (VBP=H ) (SBAR (S=H (NP (NP=H (NNS=H )) (PP (IN=H ) (NP (DT ) (NNP ) (NNPS=H )))) (VP=H (VBP=H ) (ADJP (JJ=H )))))) (. ))),1,89561,"0,0832121617"
"(ROOT (S=H (NP (JJ ) (JJ ) (NN ) (NNS ) (, ) (NNS=H ) (CC ) (NNS )) (VP=H (VBP=H ) (ADJP (JJ=H ))) (. )))",1,89562,"0,0832130908"
(ROOT (S=H (NP (NP=H (NNP ) (NNP ) (NNP=H )) (PP (IN=H ) (NP (NP=H (NNP ) (NNS=H )) (PP (IN=H ) (NP (DT ) (NNP ) (CC ) (NNP ) (NNP ) (JJ ) (NN=H )))))) (VP=H (VBP=H ) (ADJP (JJ=H ))) (. ))),1,89563,"0,0832140199"
(ROOT (S=H (NP (NP=H (NNP ) (NNP ) (NNP=H )) (PP (IN=H ) (NP (NP=H (NNP ) (NNS=H )) (PP (IN=H ) (NP (DT ) (NNP ) (NNP ) (JJ ) (NN=H )))))) (VP=H (VBP=H ) (ADJP (JJ=H ))) (. ))),1,89564,"0,083214949"
(ROOT (S=H (NP (NP=H (NNP ) (NNP ) (NNPS ) (NNP=H )) (NP (JJ ) (NNS=H ))) (VP=H (VBP=H ) (ADJP (JJ=H ))) (. ))),1,89565,"0,0832158781"
(ROOT (S=H (NP (NP=H (NNP ) (NNP ) (NNPS ) (NNP=H )) (NP (JJ ) (NN ) (NNS=H ))) (VP=H (VBP=H ) (ADJP (JJ=H ))) (. ))),1,89566,"0,0832168073"
(ROOT (S=H (NP (NP (JJ ) (NNS ) (POS=H )) (NNS=H ) (CC ) (NNS )) (VP=H (VBP=H ) (ADJP (JJ=H ))) (. ))),1,89567,"0,0832177364"
"(ROOT (S=H (NP (NP=H (JJ ) (NNS ) (NNS=H )) (, ) (NP (NNS=H )) (, ) (CC ) (NP (NNS=H ))) (VP=H (VBP=H ) (ADJP (JJ=H ))) (. )))",1,89568,"0,0832186655"
(ROOT (S=H (NP (NP=H (JJ ) (NN ) (NN=H )) (CC ) (NP (NNS=H ))) (VP=H (VBP=H ) (ADJP (JJ=H ))) (. ))),1,89569,"0,0832195946"
(ROOT (S=H (NP (NP=H (NNP=H )) (PP (IN=H ) (NP (NP=H (JJ ) (NN=H ) (CC ) (NN )) (PP (IN=H ) (NP (DT ) (JJ ) (NNP ) (NNS=H )))))) (VP=H (VBP=H ) (ADJP (JJ=H ))) (. ))),1,89570,"0,0832205237"
(ROOT (S=H (NP (NP (NNP ) (NNP ) (NNS=H )) (PRN (-LRB- ) (NP=H (NN ) (NN=H )) (-RRB- )) (NNS=H )) (VP=H (VBP=H ) (ADJP (JJ=H ))) (. ))),1,89571,"0,0832214528"
(ROOT (S=H (NP (NP=H (NNS ) (CC ) (NN ) (NNS=H )) (PP (IN=H ) (NP (DT ) (NNP ) (NNPS ) (NNP=H )))) (VP=H (VBP=H ) (ADJP (JJ=H ))) (. ))),1,89572,"0,0832223819"
(ROOT (S=H (PP (IN=H ) (NP (NP=H (NNP=H )) (PP (TO=H ) (NP (NNP=H ))))) (NP (NNS=H )) (VP=H (VBP=H ) (ADJP (JJ=H ))) (. ))),1,89573,"0,083223311"
(ROOT (S=H (NP (NP=H (NNP ) (NNP=H )) (PP (TO=H ) (NP (JJ ) (NNS=H )))) (VP=H (VBP=H ) (ADJP (JJ=H ))) (. ))),1,89574,"0,0832242401"
(ROOT (S=H (NP (NNP ) (NNP ) (CC ) (JJ ) (NN ) (NNS=H )) (VP=H (VBP=H ) (ADJP (JJ=H ))) (. ))),1,89575,"0,0832251693"
(ROOT (S=H (NP (NP=H (JJ ) (NNP ) (NNP ) (NN=H )) (VP (VBG=H ) (NP (NNS=H )))) (VP=H (VBP=H ) (ADJP (JJ=H ))) (. ))),1,89576,"0,0832260984"
(ROOT (S=H (NP (NP=H (NNP ) (NNP=H )) (PP (IN=H ) (NP (JJ ) (NNP ) (NNPS=H )))) (VP=H (VBP=H ) (ADJP (JJ=H ))) (. ))),1,89577,"0,0832270275"
(ROOT (NP=H (NP=H (NNP ) (NNP=H )) (: ) (NP (NP=H (NNP ) (NNP=H )) (SBAR (S=H (NP (NP=H (NN ) (NNS=H )) (PP (TO=H ) (NP (NNS=H )))) (VP=H (VBP=H ) (ADJP (JJ=H )))))) (. ))),1,89578,"0,0832279566"
(ROOT (S=H (NP (NP=H (NNP=H )) (CC ) (NP (NNS=H ))) (VP=H (VBP=H ) (SBAR (S=H (NP (NNS=H )) (VP=H (VBP=H ) (ADJP (JJ=H )))))) (. ))),1,89579,"0,0832288857"
(ROOT (NP=H (NP=H (NNP=H )) (PRN (-LRB- ) (NNP ) (NN=H ) (-RRB- )) (: ) (NP (NP=H (JJ ) (NNS=H )) (SBAR (S=H (VP=H (VBP=H ) (ADJP (JJ=H )))))) (. ))),1,89580,"0,0832298148"
(ROOT (S=H (NP (NNP=H )) (PRN (-LRB- ) (NP=H (NNP ) (NN=H )) (-RRB- )) (NP (NN ) (CC ) (NN ) (NNS=H )) (VP=H (VBP=H ) (ADJP (JJ=H ))) (. ))),1,89581,"0,0832307439"
(ROOT (S=H (NP (NP=H (NNP=H )) (PRN (-LRB- ) (NNP ) (NN=H ) (-RRB- ))) (VP=H (VBD=H ) (SBAR (S=H (NP (JJ ) (NNS=H )) (VP=H (VBP=H ) (ADJP (JJ=H )))))) (. ))),1,89582,"0,083231673"
(ROOT (S=H (NP (NP=H (NNP=H )) (PRN (-LRB- ) (NNP ) (NN=H ) (-RRB- ))) (VP=H (VBD=H ) (SBAR (S=H (NP (NNS=H )) (VP=H (VBP=H ) (ADJP (JJ=H )))))) (. ))),1,89583,"0,0832326022"
(ROOT (S=H (NP (NP=H (NNP=H )) (PRN (-LRB- ) (NNP ) (NN=H ) (-RRB- ))) (VP=H (VBP=H ) (SBAR (S=H (NP (NN ) (NNS=H )) (VP=H (VBP=H ) (ADJP (JJ=H )))))) (. ))),1,89584,"0,0832335313"
(ROOT (NP=H (NP=H (NNP=H )) (PRN (-LRB- ) (NP=H (NN=H )) (-RRB- )) (: ) (NP (NP=H (JJ ) (NNS=H )) (SBAR (S=H (VP=H (VBP=H ) (ADJP (JJ=H )))))) (. ))),1,89585,"0,0832344604"
(ROOT (S=H (VP=H (VB=H ) (S (NP (NNP ) (. ) (NNP ) (NNP=H ) (. )) (VP=H (VB=H ) (SBAR (S=H (NP (NNS=H )) (VP=H (VBP=H ) (ADJP (JJ=H )))))))) (. ))),1,89586,"0,0832353895"
(ROOT (S=H (NP (NP=H (NN=H )) (PP (IN=H ) (NP (NP=H (DT ) (NNP=H )) (: ) (NP (NP=H (NNP ) (NNPS ) (NNP ) (NN ) (NNS=H )) (PP (TO=H ) (NP (NNS=H ))))))) (VP=H (VBP=H ) (ADJP (JJ=H ))) (. ))),1,89587,"0,0832363186"
(ROOT (NP=H (NP=H (NP=H (NN=H )) (PP (IN=H ) (NP (DT ) (NNP=H )))) (: ) (NP (NP=H (NNP ) (NNP=H )) (SBAR (S=H (NP (NP=H (JJ ) (NN ) (NNS=H )) (PP (TO=H ) (NP (NNS=H )))) (VP=H (VBP=H ) (ADJP (JJ=H )))))) (. ))),1,89588,"0,0832372477"
(ROOT (S=H (NP (NNP ) (NNP ) (CC ) (NNP ) (NNP ) (NN ) (NN ) (NNS=H )) (VP=H (VBP=H ) (ADJP (JJ=H ))) (. ))),1,89589,"0,0832381768"
(ROOT (S=H (S (VP=H (VB=H ) (NP (NNP=H )) (NP (DT ) (NNP ) (NNS=H )))) (VP=H (VBP=H ) (ADJP (JJ=H ))) (. ))),1,89590,"0,0832391059"
(ROOT (S=H (NP (ADJP (VBN=H ) (PP (IN=H ) (NP (DT ) (NN=H )))) (NNS=H )) (VP=H (VBP=H ) (ADJP (JJ=H ))) (. ))),1,89591,"0,083240035"
(ROOT (S=H (NP (NP=H (NNP ) (NNS ) (NN=H )) (PP (IN=H ) (NP (DT ) (NNP ) (NNP=H )))) (VP=H (VBP=H ) (ADJP (JJ=H ))) (. ))),1,89592,"0,0832409642"
(ROOT (S=H (NP (NP=H (NNP=H )) (PP (IN=H ) (NP (ADJP (RB ) (VBN=H )) (JJ ) (NNS=H )))) (VP=H (VBP=H ) (ADJP (JJ=H ))) (. ))),1,89593,"0,0832418933"
(ROOT (S=H (NP (NP=H (NN ) (NNS ) (NN ) (NN=H )) (PP (IN=H ) (NP (DT ) (NNP ) (NNP=H )))) (VP=H (VBP=H ) (ADJP (JJ=H ))) (. ))),1,89594,"0,0832428224"
(ROOT (S=H (NP (NP=H (NN ) (NNS ) (NN ) (NN=H )) (PP (IN=H ) (NP (DT ) (NNP ) (NNPS=H )))) (VP=H (VBP=H ) (ADJP (JJ=H ))) (. ))),1,89595,"0,0832437515"
(ROOT (S=H (NP (NP (NNP ) (NNP ) (POS=H )) (NN=H ) (S (VP=H (VBG=H ) (NP (NP (NNS ) (POS=H )) (NNS=H ))))) (VP=H (VBP=H ) (ADJP (JJ=H ))) (. ))),1,89596,"0,0832446806"
(ROOT (S=H (NP (NP (NNP ) (NNP ) (POS=H )) (NN=H ) (S (VP=H (VBG=H ) (NP (NN ) (NNS=H ))))) (VP=H (VBP=H ) (ADJP (JJ=H ))) (. ))),1,89597,"0,0832456097"
(ROOT (S=H (NP (NP (NNP ) (NNP ) (POS=H )) (NN=H ) (S (VP=H (VBG=H ) (NP (JJ ) (NNS=H ))))) (VP=H (VBP=H ) (ADJP (JJ=H ))) (. ))),1,89598,"0,0832465388"
(ROOT (S=H (NP (NNP ) (NNP=H )) (SBAR=H (X (SYM=H )) (S=H (NP (NP=H (VBN ) (NNS=H )) (PP (IN=H ) (NP (NP=H (DT ) (NNP ) (NNP=H )) (PP (IN=H ) (NP (NNP=H )))))) (VP=H (VBP=H ) (ADJP (JJ=H ))))) (. ))),1,89599,"0,0832474679"
(ROOT (S=H (NP (NNP ) (NNP=H )) (SBAR=H (X (SYM=H )) (S=H (NP (NP=H (VBN ) (NNS=H )) (PP (IN=H ) (NP (DT ) (NNP ) (NNPS=H )))) (VP=H (VBP=H ) (ADJP (JJ=H ))))) (. ))),1,89600,"0,0832483971"
(ROOT (S=H (NP (NP=H (NNP ) (NNP=H )) (VP (VBN=H ) (NP (NP=H (NNS=H )) (PP (IN=H ) (NP (NNP=H )))) (PP (IN=H ) (NP (NN=H ))))) (VP=H (VBP=H ) (ADJP (JJ=H ))) (. ))),1,89601,"0,0832493262"
(ROOT (S=H (NP (NP=H (NNP=H )) (SBAR (S=H (NP (PRP=H )) (VP=H (VBD=H ) (NP (NNS=H )) (PP (IN=H ) (NP (NNP=H ))) (PP (IN=H ) (NP (NN=H ))))))) (VP=H (VBP=H ) (ADJP (JJ=H ))) (. ))),1,89602,"0,0832502553"
(ROOT (S=H (NP (NP=H (NNP=H )) (SBAR (S=H (NP (PRP=H )) (VP=H (VBD=H ) (NP (NNS=H )) (PP (IN=H ) (NP (NP=H (DT ) (NNP ) (NNP=H )) (PP (IN=H ) (NP (NNP=H ))))))))) (VP=H (VBP=H ) (ADJP (JJ=H ))) (. ))),1,89603,"0,0832511844"
(ROOT (S=H (NP (NP=H (NNP=H )) (SBAR (S=H (NP (PRP=H )) (VP=H (VBD=H ) (NP (NNS=H )) (PP (IN=H ) (NP (NP=H (DT ) (NNP=H )) (PP (IN=H ) (NP (NNP=H ))))))))) (VP=H (VBP=H ) (ADJP (JJ=H ))) (. ))),1,89604,"0,0832521135"
(ROOT (S=H (NP (NP=H (NNP ) (NNP ) (NNP=H )) (VP (VBG=H ) (NP (NNP ) (NNS=H )))) (VP=H (VBP=H ) (ADJP (JJ=H ))) (. ))),1,89605,"0,0832530426"
"(ROOT (S=H (NP (NP=H (NNP ) (NNPS ) (NNP=H )) (, ) (NP (NNP ) (NNP=H ))) (VP=H (VBP=H ) (ADJP (JJ=H ))) (. )))",1,89606,"0,0832539717"
(ROOT (S=H (NP (NP=H (NNP ) (NNP=H )) (CC ) (NP (NNP ) (NN ) (CC ) (NN ) (NN ) (NNS=H ))) (VP=H (VBP=H ) (ADJP (JJ=H ))) (. ))),1,89607,"0,0832549008"
(ROOT (S=H (ADVP (RB=H )) (NP (NNP ) (NNP=H )) (VP=H (VBP=H ) (SBAR (S=H (NP (NN ) (NNS=H )) (VP=H (VBP=H ) (ADJP (JJ=H )))))) (. ))),1,89608,"0,0832558299"
(ROOT (S=H (NP (NNP ) (NNP=H )) (VP=H (VBD=H ) (SBAR (S=H (NP (UCP (JJ=H ) (CC ) (JJ )) (NNS=H )) (VP=H (VBP=H ) (ADJP (JJ=H )))))) (. ))),1,89609,"0,0832567591"
(ROOT (S=H (NP (NP=H (JJ ) (NNS ) (CC ) (NN ) (NNS=H )) (PP (IN=H ) (NP (DT ) (NNP ) (NNP=H )))) (VP=H (VBP=H ) (ADJP (JJ=H ))) (. ))),1,89610,"0,0832576882"
(ROOT (S=H (NP (NNP ) (NNS ) (NN ) (NNS=H )) (PP (IN=H ) (NP (DT ) (NNP ) (NNPS=H ))) (VP=H (VBP=H ) (ADJP (JJ=H ))) (. ))),1,89611,"0,0832586173"
"(ROOT (S=H (NP (NP=H (NNP ) (CC ) (NNP ) (, ) (NNP=H )) (PP (IN=H ) (NP (NNP ) (NNS=H )))) (VP=H (VBP=H ) (ADJP (JJ=H ))) (. )))",1,89612,"0,0832595464"
(ROOT (S=H (NP (JJ ) (NX=H (NX=H (NN ) (NN=H )) (CC ) (NX (NNS=H )))) (VP=H (VBP=H ) (ADJP (JJ=H ))) (. ))),1,89613,"0,0832604755"
(ROOT (S=H (NP (ADJP (RB=H ) (PP (TO=H ) (NP (NNP=H )))) (NNS=H )) (VP=H (VBP=H ) (ADJP (JJ=H ))) (. ))),1,89614,"0,0832614046"
"(ROOT (S=H (S (NP (NNS=H )) (VP=H (VBZ=H ))) (, ) (NP (NNP ) (NNP=H )) (VP=H (VBP=H ) (ADJP (JJ=H ))) (. )))",1,89615,"0,0832623337"
(ROOT (S=H (NP (PRP=H )) (VP=H (VBZ=H ) (SBAR (S=H (NP (NNP ) (NNS=H )) (VP=H (VBP=H ) (ADJP (JJ=H )))))) (. ))),1,89616,"0,0832632628"
"(ROOT (S=H (NP (NP=H (NNP=H )) (, ) (NP (NN=H )) (, ) (CC ) (NP (NN ) (NNS=H ))) (VP=H (VBP=H ) (ADJP (JJ=H ))) (. )))",1,89617,"0,0832641919"
(ROOT (S=H (NP (NP=H (NNP=H )) (CC ) (NP (NP=H (NN ) (NNS ) (NNS=H )) (PP (IN=H ) (NP (DT ) (NNP ) (NNPS=H ))))) (VP=H (VBP=H ) (ADJP (JJ=H ))) (. ))),1,89618,"0,0832651211"
(ROOT (S=H (NP (UCP (NNP=H ) (CC ) (JJ )) (NNS=H )) (VP=H (VBP=H ) (ADJP (JJ=H ))) (. ))),1,89619,"0,0832660502"
(ROOT (S=H (NP (NP=H (NNP ) (CC ) (NNS ) (NNS=H )) (PP (IN=H ) (NP (NN=H )))) (VP=H (VBP=H ) (ADJP (JJ=H ))) (. ))),1,89620,"0,0832669793"
(ROOT (S=H (NP (NNP=H )) (VP=H (`` ) (VB=H ) (S (NP (NNS=H )) (VP=H (VBP=H ) (ADJP (JJ=H ))))) (. ))),1,89621,"0,0832679084"
(ROOT (S=H (S (VP=H (VBG=H ) (S (VP=H (VBG=H ) (ADVP (RB=H )))))) (VP=H (VBP=H ) (ADJP (JJ=H ))) (. ))),1,89622,"0,0832688375"
(ROOT (S=H (NP (NNP=H )) (VP=H (VBZ=H ) (SBAR (IN=H ) (S (NP (NNP ) (NNS=H )) (VP=H (VBP=H ) (ADJP (JJ=H )))))) (. ))),1,89623,"0,0832697666"
(ROOT (S=H (NP (NP=H (NN=H )) (SBAR (S=H (NP (PRP=H )) (VP=H (MD=H ) (RB ) (VP (VB=H ) (NP (NNS=H ))))))) (VP=H (VBP=H ) (ADJP (JJ=H ))) (. ))),1,89624,"0,0832706957"
(ROOT (S=H (NP (NP=H (JJ ) (NN ) (NN=H )) (VP (VBN=H ) (PP (TO=H ) (NP (JJ ) (JJ ) (NNS=H ))))) (VP=H (VBP=H ) (ADJP (JJ=H ))) (. ))),1,89625,"0,0832716248"
(ROOT (S=H (NP (PRP$ ) (NN=H )) (VP=H (VBZ=H ) (SBAR (S=H (NP (NNP ) (NNS=H )) (VP=H (VBP=H ) (ADJP (JJ=H )))))) (. ))),1,89626,"0,083272554"
(ROOT (S=H (NP (NP=H (NNP ) (NNP ) (NN=H )) (PP (IN=H ) (NP (NNP ) (NNS=H )))) (VP=H (VBP=H ) (ADJP (JJ=H ))) (. ))),1,89627,"0,0832734831"
(ROOT (S=H (NP (NP=H (NN=H )) (CC ) (NP (NNS ) (NN ) (NNS=H ))) (VP=H (VBP=H ) (ADJP (JJ=H ))) (. ))),1,89628,"0,0832744122"
(ROOT (S=H (NP (NP=H (NN=H )) (PP (IN=H ) (NP (NP=H (JJ ) (JJ ) (NNS=H )) (PP (IN=H ) (NP (DT ) (NNP ) (NNPS=H )))))) (VP=H (VBP=H ) (ADJP (JJ=H ))) (. ))),1,89629,"0,0832753413"
(ROOT (S=H (NP (NP=H (NN=H )) (PP (IN=H ) (NP (NNP ) (JJ ) (NNS=H )))) (VP=H (VBP=H ) (ADJP (JJ=H ))) (. ))),1,89630,"0,0832762704"
(ROOT (S=H (NP (NP=H (NN=H )) (PP (IN=H ) (NP (NP=H (NN ) (NNS=H )) (VP (VBG=H ) (NP (NN ) (NN=H )))))) (VP=H (VBP=H ) (ADJP (JJ=H ))) (. ))),1,89631,"0,0832771995"
(ROOT (S=H (NP (NP=H (NN=H )) (PP (IN=H ) (NP (NNP ) (NNP ) (NNS=H ) (CC ) (NNS )))) (VP=H (VBP=H ) (ADJP (JJ=H ))) (. ))),1,89632,"0,0832781286"
(ROOT (S=H (NP (NP=H (NN=H )) (PP (IN=H ) (NP (NP=H (JJ ) (NNS=H )) (PP (IN=H ) (NP (DT ) (NNP ) (NNPS=H )))))) (VP=H (VBP=H ) (ADJP (JJ=H ))) (. ))),1,89633,"0,0832790577"
(ROOT (S=H (NP (NP=H (NN=H )) (PP (IN=H ) (NP (NP=H (NN ) (NNS=H )) (PP (IN=H ) (NP (DT ) (NNP ) (NNPS=H )))))) (VP=H (VBP=H ) (ADJP (JJ=H ))) (. ))),1,89634,"0,0832799868"
(ROOT (S=H (NP (NP=H (NN=H )) (PP (IN=H ) (NP (NN=H ) (CC ) (NNS ))) (PP (IN=H ) (NP (NN=H )))) (VP=H (VBP=H ) (ADJP (JJ=H ))) (. ))),1,89635,"0,083280916"
(ROOT (S=H (NP (NP=H (NN=H )) (PP (IN=H ) (NP (NP=H (NN=H ) (CC ) (NN )) (PP (IN=H ) (NP (DT ) (NNP ) (NNPS=H )))))) (VP=H (VBP=H ) (ADJP (JJ=H ))) (. ))),1,89636,"0,0832818451"
(ROOT (S=H (NP (NP=H (NN=H )) (PP (IN=H ) (NP (NP=H (NNS=H )) (PP (IN=H ) (NP (NP=H (NNP=H )) (VP (VBN=H ) (PP (IN=H ) (NP (DT ) (NN ) (NN=H ))))))))) (VP=H (VBP=H ) (ADJP (JJ=H ))) (. ))),1,89637,"0,0832827742"
(ROOT (S=H (NP (NP=H (NN=H )) (PP (IN=H ) (NP (NP=H (NNS=H )) (PP (IN=H ) (NP (NP=H (NNP=H )) (VP (VBN=H ) (PP (IN=H ) (NP (DT ) (JJ ) (NN=H ))))))))) (VP=H (VBP=H ) (ADJP (JJ=H ))) (. ))),1,89638,"0,0832837033"
(ROOT (S=H (NP (NP=H (NN=H )) (PP (IN=H ) (NP (NP=H (DT ) (NN=H )) (PP (IN=H ) (NP (NNPS=H )))))) (VP=H (VBP=H ) (ADJP (JJ=H ))) (. ))),1,89639,"0,0832846324"
(ROOT (S=H (NP (NP=H (NN=H )) (PP (IN=H ) (NP (NP=H (DT ) (NNP=H )) (PP (IN=H ) (NP (NP=H (NNS=H )) (PRN (-LRB- ) (NP=H (NNP ) (NNP=H )) (-RRB- ))))))) (VP=H (VBP=H ) (ADJP (JJ=H ))) (. ))),1,89640,"0,0832855615"
(ROOT (S=H (NP (NP=H (NN=H )) (PP (IN=H ) (NP (DT ) (JJ ) (NNP ) (NNPS=H )))) (VP=H (VBP=H ) (ADJP (JJ=H ))) (. ))),1,89641,"0,0832864906"
(ROOT (S=H (NP (NP=H (NP=H (NN=H )) (PP (IN=H ) (NP (DT ) (NNP ) (NNPS=H )))) (PRN (-LRB- ) (NP=H (NP=H (CD=H )) (: ) (NP (NN=H ))) (-RRB- ))) (VP=H (VBP=H ) (ADJP (JJ=H ))) (. ))),1,89642,"0,0832874197"
(ROOT (S=H (NP (NP=H (NN=H )) (PP (IN=H ) (NP (NP=H (DT ) (NNP ) (NNPS=H )) (PP (IN=H ) (NP (JJ ) (NN=H )))))) (VP=H (VBP=H ) (ADJP (JJ=H ))) (. ))),1,89643,"0,0832883488"
(ROOT (S=H (NP (NP=H (NN=H )) (PP (IN=H ) (NP (DT ) (NNP ) (NNPS ) (NN=H )))) (VP=H (VBP=H ) (ADJP (JJ=H ))) (. ))),1,89644,"0,083289278"
(ROOT (S=H (NP (NP=H (NN=H )) (PP (IN=H ) (NP (NP=H (DT ) (JJ ) (NNS=H )) (PP (IN=H ) (NP (NP=H (DT ) (NNP=H )) (PP (IN=H ) (NP (NNP=H )))))))) (VP=H (VBP=H ) (ADJP (JJ=H ))) (. ))),1,89645,"0,0832902071"
(ROOT (S=H (NP (NP=H (NN=H )) (PP (IN=H ) (NP (NP=H (DT ) (JJ ) (NNS=H )) (PP (IN=H ) (NP (DT ) (NNP ) (NNPS=H )))))) (VP=H (VBP=H ) (ADJP (JJ=H ))) (. ))),1,89646,"0,0832911362"
(ROOT (S=H (NP (NP=H (NN=H )) (PP (IN=H ) (NP (NP (NNS ) (POS=H )) (NN=H )))) (VP=H (VBP=H ) (ADJP (JJ=H ))) (. ))),1,89647,"0,0832920653"
(ROOT (S=H (NP (NP=H (NN=H )) (PP (IN=H ) (NP (NP=H (NP (NNS ) (POS=H )) (NNS=H )) (PP (IN=H ) (NP (DT ) (NNP ) (NNPS=H )))))) (VP=H (VBP=H ) (ADJP (JJ=H ))) (. ))),1,89648,"0,0832929944"
(ROOT (S=H (NP (NP=H (NP (NNP ) (POS=H )) (NNP=H )) (PP (TO=H ) (NP (DT ) (NNP ) (NNPS=H )))) (VP=H (VBP=H ) (ADJP (JJ=H ))) (. ))),1,89649,"0,0832939235"
(ROOT (S=H (NP (NP=H (NNP ) (NN ) (CC ) (VBG ) (NNS=H )) (PP (IN=H ) (NP (NP=H (DT ) (NNP=H )) (PP (IN=H ) (NP (NNP=H )))))) (VP=H (VBP=H ) (ADJP (JJ=H ))) (. ))),1,89650,"0,0832948526"
(ROOT (FRAG=H (NP (NNP=H )) (: ) (S=H (NP (NP=H (NNP=H )) (PP (IN=H ) (NP (DT ) (NNP=H )))) (VP=H (VBP=H ) (ADJP (JJ=H )))) (. ))),1,89651,"0,0832957817"
(ROOT (S=H (NP (NP=H (NNP=H )) (PP (IN=H ) ('' ) (NP (NN ) (NNS=H )))) (VP=H (VBP=H ) (ADJP (JJ=H ))) (. ))),1,89652,"0,0832967109"
(ROOT (S=H (NP (NP=H (NNP=H )) (CC ) (NP (NP=H (JJ ) (NN ) (NNS=H )) (PP (IN=H ) (NP (DT ) (NNP ) (NNP=H ))))) (VP=H (VBP=H ) (ADJP (JJ=H ))) (. ))),1,89653,"0,08329764"
(ROOT (S=H (SBAR (WHADVP=H (WRB=H )) (S (NP (PRP=H )) (VP=H (VBZ=H ) (NP (PRP$ ) (NN=H ))))) (VP=H (VBP=H ) (ADJP (JJ=H ))) (. ))),1,89654,"0,0832985691"
(ROOT (FRAG=H (SBAR=H (WHADVP=H (WRB=H )) (S (PP (IN=H ) (NP (DT ) (NNPS=H ))) (NP (NNS=H )) (VP=H (VBP=H ) (ADJP (JJ=H ))))) (. ))),1,89655,"0,0832994982"
(ROOT (S=H (NP (PRP=H )) (VP=H (VBP=H ) (ADJP (JJ=H ) (S (VP=H (TO=H ) (VP (VB=H ) (NP (NP=H (DT ) (NNP ) (NNS=H )) (SBAR (S=H (VP=H (VBP=H ) (ADJP (JJ=H ))))))))))) (. ))),1,89656,"0,0833004273"
(ROOT (S=H (NP (PRP=H )) (VP=H (VBP=H ) (ADJP (JJ=H ) (SBAR (S=H (NP (PRP=H )) (VP=H (VBP=H ) (RB ) (NP (NP=H (DT ) (NNP=H )) (SBAR (S=H (VP=H (VBP=H ) (ADJP (JJ=H ))))))))))) (. ))),1,89657,"0,0833013564"
(ROOT (S=H (S (NP (PRP=H )) (VP=H (VBP=H ) (PP (IN=H ) (NP (NNP=H ))))) (NP (NNS=H )) (VP=H (VBP=H ) (ADJP (JJ=H ))) (. ))),1,89658,"0,0833022855"
"(ROOT (S=H (NP (PRP=H )) (, ) (NP (NNP=H )) (VP=H (VBP=H ) (ADJP (JJ=H ))) (. )))",1,89659,"0,0833032146"
(ROOT (S=H (NP (PRP=H )) (VP=H (VBD=H ) (SBAR (S=H (NP (NN ) (NNS=H )) (VP=H (VBP=H ) (ADJP (JJ=H )))))) (. ))),1,89660,"0,0833041437"
(ROOT (S=H (NP (PRP=H )) (VP=H (MD=H ) (VP (VB=H ) (SBAR (S=H (NP (DT ) (NN=H )) (PP (IN=H ) (NP (NP (NN ) (POS=H )) (NN ) (NNS=H ))) (VP=H (VBP=H ) (ADJP (JJ=H ))))))) (. ))),1,89661,"0,0833050729"
(ROOT (S=H (NP (PRP=H )) (VP=H (VBD=H ) (SBAR (S=H (NP (DT ) (NNP ) (NNP ) (NNS=H )) (VP=H (VBP=H ) (ADJP (JJ=H )))))) (. ))),1,89662,"0,083306002"
(ROOT (S=H (NP (PRP=H )) (VP=H (VBD=H ) (SBAR (IN=H ) (S (NP (NNP ) (NNS=H )) (VP=H (VBP=H ) (ADJP (JJ=H )))))) (. ))),1,89663,"0,0833069311"
(ROOT (S=H (NP (PRP=H )) (VP=H (VBZ=H ) (S (VP=H (TO=H ) (VP (VB=H ) (NP (NP=H (DT ) (NNP=H )) (SBAR (S=H (VP=H (VBP=H ) (ADJP (JJ=H )))))))))) (. ))),1,89664,"0,0833078602"
"(ROOT (S=H (S (NP=H (NP=H (NNS=H )) (PP (IN=H ) (NP (NP=H (NNP=H )) (PP (IN=H ) (NP (DT ) (NNPS=H ))))))) (, ) (NP (NNP=H )) (VP=H (VBP=H ) (ADJP (JJ=H ))) (. )))",1,89665,"0,0833087893"
(ROOT (S=H (PP (IN=H ) (NP (JJ ) (NN=H ))) (NP (NNS=H )) (VP=H (VBP=H ) (ADJP (JJ=H ))) (. ))),1,89666,"0,0833097184"
(ROOT (S=H (PP (IN=H ) (NP (DT ) (NNP=H ))) (: ) (NP (NNS=H )) (VP=H (VBP=H ) (ADJP (JJ=H ))) (. ))),1,89667,"0,0833106475"
(ROOT (S=H (PP (IN=H ) (ADJP (NN=H ))) (NP (NN=H )) (VP=H (VBP=H ) (ADJP (JJ=H ))) (. ))),1,89668,"0,0833115766"
"(ROOT (S=H (NP (NP=H (JJ ) (NN=H )) (, ) (NP (NN=H )) (, ) (CC ) (NP (JJ ) (NNS=H ))) (VP=H (VBP=H ) (ADJP (JJ=H ))) (. )))",1,89669,"0,0833125057"
(ROOT (S=H (NP (NP=H (NNP ) (NNP ) (NNP=H )) (PP (IN=H ) (NP (NP=H (DT ) (JJ ) (NN=H )) (PP (IN=H ) (NP (NNPS=H )))))) (VP=H (VBP=H ) (ADJP (JJ=H ))) (. ))),1,89670,"0,0833134349"
(ROOT (S=H (NP (NP=H (NNP ) (NNP=H )) (PP (IN=H ) (NP (NP=H (DT ) (JJ ) (NN=H )) (PP (IN=H ) (NP (NNPS=H )))))) (VP=H (VBP=H ) (ADJP (JJ=H ))) (. ))),1,89671,"0,083314364"
(ROOT (S=H (NP (NP=H (NNP=H )) (PP (IN=H ) (NP (NP=H (NNP ) (NNPS=H )) (CC ) (NP (NNP ) (NN=H ))))) (VP=H (VBP=H ) (ADJP (JJ=H ))) (. ))),1,89672,"0,0833152931"
(ROOT (S=H (NP (NP=H (NNP=H )) (PP (IN=H ) (NP (NP=H (DT ) (NNPS=H )) (PP (IN=H ) (NP (DT ) (NNP ) (NNP=H )))))) (VP=H (VBP=H ) (ADJP (JJ=H ))) (. ))),1,89673,"0,0833162222"
(ROOT (S=H (NP (NP=H (NP=H (NNP=H )) (PP (IN=H ) (NP (NP=H (DT ) (NNPS=H )) (PP (IN=H ) (NP (DT ) (NNP ) (NNP=H )))))) (PRN (-LRB- ) (NNP=H ) (NNP ) (-RRB- ))) (VP=H (VBP=H ) (ADJP (JJ=H ))) (. ))),1,89674,"0,0833171513"
(ROOT (S=H (NP (NP=H (NNP ) (NNP=H )) (PP (IN=H ) (NP (NP=H (NNS=H )) (PP (IN=H ) (NP (NNP ) (NNP ) (NNP=H )))))) (VP=H (VBP=H ) (ADJP (JJ=H ))) (. ))),1,89675,"0,0833180804"
(ROOT (S=H (NP (NP=H (NNP ) (NNP=H )) (PP (IN=H ) (NP (NP (NNP ) (NNP ) (NNP ) (POS=H )) (NNS=H )))) (VP=H (VBP=H ) (ADJP (JJ=H ))) (. ))),1,89676,"0,0833190095"
"(ROOT (S=H (NP (NP=H (NNP ) (NNP=H )) (PP (IN=H ) (NP (NNP ) (, ) (NNP ) (, ) (NNP ) (CC ) (NNP ) (NNPS ) ('' ) (NNS=H )))) (VP=H (VBP=H ) (ADJP (JJ=H ))) (. )))",1,89677,"0,0833199386"
(ROOT (NP=H (NP=H (NNP ) (FW ) (NNP=H )) (: ) (S (NP (NNP ) (NNP ) (NNS=H )) (VP=H (VBP=H ) (ADJP (JJ=H )))) (. ))),1,89678,"0,0833208678"
"(ROOT (S=H (NP (NP=H (NNP ) (NNP=H )) (, ) (NP (NNP=H )) (CC ) (NP (NP (NNP ) (NNPS ) (POS=H )) (NNP=H ))) (VP=H (VBP=H ) (ADJP (JJ=H ))) (. )))",1,89679,"0,0833217969"
"(ROOT (S=H (NP (NP (NP (NNP ) (NNP=H )) (PP (IN=H ) (NP (NNP ) (, ) (NNP ) (, ) (NNP ) (, ) (NNP ) (, ) (NNP ) (, ) (NNP ) (CC ) (NNP ) (NNP=H ))) (POS=H )) (NN=H )) (VP=H (VBP=H ) (ADJP (JJ=H ))) (. )))",1,89680,"0,083322726"
(ROOT (S=H (NP (NP=H (NNP=H )) (CC ) (NP (NP=H (NNS=H )) (PP (IN=H ) (NP (JJ ) (NN=H ))))) (VP=H (VBP=H ) (ADJP (JJ=H ))) (. ))),1,89681,"0,0833236551"
(ROOT (S=H (NP (NP=H (NNP=H )) (VP (VBN=H ) (PP (IN=H ) (NP (DT ) (NNP ) (NNPS ) (NNP=H ))))) (VP=H (VBP=H ) (ADJP (JJ=H ))) (. ))),1,89682,"0,0833245842"
(ROOT (S=H (NP (PRP=H )) (VP=H (VBZ=H ) (NP (NP=H (DT ) (NNP ) (NNP=H )) (SBAR (S=H (NP (NNS=H )) (VP=H (VBP=H ) (ADJP (JJ=H ))))))) (. ))),1,89683,"0,0833255133"
(ROOT (S=H (NP (NNP ) (NNP=H )) (VP=H (VBP=H ) (SBAR (S=H (NP (NP=H (NNS=H )) (PP (IN=H ) (NP (DT ) (CD ) (NNPS ) (NNPS=H )))) (VP=H (VBP=H ) (ADJP (JJ=H )))))) (. ))),1,89684,"0,0833264424"
(ROOT (S=H (ADJP (NNP=H ) (NNP ) (NNP )) (NP (NN=H )) (VP=H (VBP=H ) (ADJP (JJ=H ))) (. ))),1,89685,"0,0833273715"
(ROOT (S=H (NP-TMP (NNP=H ) (CD )) (NP (NNP ) (NNS=H )) (VP=H (VBP=H ) (ADJP (JJ=H ))) (. ))),1,89686,"0,0833283006"
(ROOT (S=H (NP (NP=H (NNP ) (NNP ) (NNPS ) (NNP=H )) (PP (IN=H ) (NP (NNP ) (NNP ) (NNP=H )))) (VP=H (VBP=H ) (ADJP (JJ=H ))) (. ))),1,89687,"0,0833292298"
(ROOT (S=H (NP (NP=H (NNP ) (NNP ) (NNPS ) (NNP=H )) (PP (IN=H ) (NP (NP=H (NNP ) (NNP ) (NNP=H )) (PP (IN=H ) (NP (NNP ) (NNP=H )))))) (VP=H (VBP=H ) (ADJP (JJ=H ))) (. ))),1,89688,"0,0833301589"
"(ROOT (S=H (NP (NP=H (NNPS ) (NNP=H )) (, ) (NP (NNP ) (NNP ) (NNP=H ))) (VP=H (VBP=H ) (ADJP (JJ=H ))) (. )))",1,89689,"0,083331088"
(ROOT (S=H (NP (ADJP (NNP=H ) (NNP )) (VBG ) (NN=H )) (VP=H (VBP=H ) (ADJP (JJ=H ))) (. ))),1,89690,"0,0833320171"
(ROOT (S=H (NP (NP=H (NN ) (NN=H )) (PP (IN=H ) (NP (DT ) (NNP ) (NNPS ) (NNS=H )))) (VP=H (VBP=H ) (ADJP (JJ=H ))) (. ))),1,89691,"0,0833329462"
"(ROOT (S=H (S (NP=H (NP=H (NNP=H )) (PP (IN=H ) (NP (NNP ) (NN=H ))))) (, ) (NP (NNP=H )) (VP=H (VBP=H ) (ADJP (JJ=H ))) (. )))",1,89692,"0,0833338753"
"(ROOT (S=H (NP (JJ ) (, ) (NNS=H ) (CC ) (NNS )) (VP=H (VBP=H ) (ADJP (JJ=H ))) (. )))",1,89693,"0,0833348044"
"(ROOT (S=H (NP (NP=H (NNP ) (NNP ) (NNP ) (NNP=H )) (, ) (NP (NNS=H )) (, ) (CC ) (NP (NNS=H ))) (VP=H (VBP=H ) (ADJP (JJ=H ))) (. )))",1,89694,"0,0833357335"
(ROOT (S=H (NP (NP=H (NNP ) (NNP ) (NNP ) (NNP=H )) (CC ) (NP (NP=H (NNS=H )) (PP (VBG=H ) (NP (NN=H ) (CC ) (NN ))))) (VP=H (VBP=H ) (ADJP (JJ=H ))) (. ))),1,89695,"0,0833366626"
"(ROOT (S=H (NP (NP=H (NNP ) (NNP ) (NNP ) (NNP=H )) (, ) (NP (NNS=H )) (, ) (CC ) (NP (NN=H ))) (VP=H (VBP=H ) (ADJP (JJ=H ))) (. )))",1,89696,"0,0833375918"
(ROOT (NP=H (NP=H (NNP=H ) (CC ) (NNP )) (: ) (S (NP (NNP ) (NNPS ) (NNP=H )) (VP=H (VBP=H ) (ADJP (JJ=H )))) (. ))),1,89697,"0,0833385209"
(ROOT (NP=H (NP=H (NNP=H ) (CC ) (NNP )) (: ) (S (NP (NP=H (NNP=H )) (PP (IN=H ) (NP (NNP=H )))) (VP=H (VBP=H ) (ADJP (JJ=H )))) (. ))),1,89698,"0,08333945"
(ROOT (S=H (NP (NP=H (JJ ) (NN=H )) (PP (IN=H ) (NP (NP=H (DT ) (NN ) (NNS=H )) (PP (IN=H ) (NP (NNP=H )))))) (VP=H (VBP=H ) (ADJP (JJ=H ))) (. ))),1,89699,"0,0833403791"
(ROOT (S=H (NP (NNP ) (POS=H )) (VP=H (VBP=H ) (SBAR (S=H (NP (DT ) (NN=H )) (VP=H (VBP=H ) (ADJP (JJ=H )))))) (. ))),1,89700,"0,0833413082"
(ROOT (S=H (NP (NP (NNP ) (NNPS ) (NNP ) (POS=H )) (NNP ) (NNS=H )) (VP=H (VBP=H ) (ADJP (JJ=H ))) (. ))),1,89701,"0,0833422373"
(ROOT (S=H (NP (NP=H (NP (JJ ) (NNS ) (POS=H )) (NNP=H )) (PRN (-LRB- ) (NP=H (NNP=H )) (-RRB- ))) (VP=H (VBP=H ) (ADJP (JJ=H ))) (. ))),1,89702,"0,0833431664"
"(ROOT (S=H (NP (NP=H (NNP ) (NNPS ) (NNP=H )) (, ) (NP (NP=H (NNP=H )) (PP (IN=H ) (NP (NNP=H ))))) (VP=H (VBP=H ) (ADJP (JJ=H ))) (. )))",1,89703,"0,0833440955"
(ROOT (S=H (NP (NP=H (NNP=H )) (PP (IN=H ) (NP (PRP$ ) (NN ) (NNS=H )))) (VP=H (VBP=H ) (ADJP (JJ=H ))) (. ))),1,89704,"0,0833450247"
(ROOT (NP=H (NP=H (NNS=H )) (PP (IN=H ) (NP (NP=H (NNP=H )) (SBAR (WHNP=H (WP=H ) (NNS )) (S (VP=H (VBP=H ) (ADJP (JJ=H ))))))) (. ))),1,89705,"0,0833459538"
(ROOT (S=H (NP (NP=H (NNP=H )) (VP (VBG=H ) (S (VP=H (TO=H ) (VP (VB=H ) (PP (IN=H ) (NP (NNS=H )))))))) (VP=H (VBP=H ) (ADJP (JJ=H ))) (. ))),1,89706,"0,0833468829"
(ROOT (S=H (NP (NP=H (NP (JJ ) (NNS ) (POS=H )) (NN ) (NN=H )) (PP (IN=H ) (NP (DT ) (NNP ) (NNPS=H )))) (VP=H (VBP=H ) (ADJP (JJ=H ))) (. ))),1,89707,"0,083347812"
(ROOT (S=H (NP (NP=H (JJ ) (JJ ) (NNS ) (NN=H )) (PP (IN=H ) (NP (DT ) (NNP ) (NNPS=H )))) (VP=H (VBP=H ) (ADJP (JJ=H ))) (. ))),1,89708,"0,0833487411"
(ROOT (S=H (NP (NP=H (JJ ) (NN=H )) (PP (IN=H ) (NP (NP=H (DT ) (NNS=H )) (PRN (-LRB- ) (NP=H (CD=H )) (-RRB- ))))) (VP=H (VBP=H ) (ADJP (JJ=H ))) (. ))),1,89709,"0,0833496702"
(ROOT (S=H (NP (NNP=H )) (PP (IN=H ) (NP (PRN (-LRB- ) (NP=H (NNP=H )) (-RRB- )) (NNS=H ))) (VP=H (VBP=H ) (ADJP (JJ=H ))) (. ))),1,89710,"0,0833505993"
(ROOT (S=H (NP (NP=H (NNP ) (NNP=H )) (CC ) (NP (PRP$ ) (NNS=H ))) (VP=H (VBP=H ) (ADJP (JJ=H ))) (. ))),1,89711,"0,0833515284"
(ROOT (S=H (VP=H (VB=H ) (SBAR (WHNP=H (WP=H )) (S (NP (PRP=H )) (VP=H (VBD=H ) (SBAR (S=H (NP (NNS=H )) (VP=H (VBP=H ) (ADJP (JJ=H ))))))))) (. ))),1,89712,"0,0833524575"
(ROOT (S=H (NP (NP=H (NNPS ) (NNP ) (NNP=H )) (PP (IN=H ) (NP (NNP=H ) (CC ) (NNP )))) (VP=H (VBP=H ) (ADJP (JJ=H ))) (. ))),1,89713,"0,0833533867"
(ROOT (S=H (NP (NP=H (NNPS ) (NNP=H )) (PP (IN=H ) (NP (DT ) (NNP ) (NNS=H )))) (VP=H (VBP=H ) (ADJP (JJ=H ))) (. ))),1,89714,"0,0833543158"
(ROOT (S=H (NP (NN=H )) (VP=H (VBZ=H ) (NP (NP=H (DT ) (NNS=H )) (SBAR (S=H (VP=H (VBP=H ) (ADJP (JJ=H ))))))) (. ))),1,89715,"0,0833552449"
(ROOT (S=H (NP (NN=H )) (VP=H (VBZ=H ) (NP (NP=H (DT ) (JJ ) (NNP ) (NN=H )) (SBAR (S=H (NP (NNS=H )) (VP=H (VBP=H ) (ADJP (JJ=H ))))))) (. ))),1,89716,"0,083356174"
"(ROOT (S=H (NP-TMP (NP=H (NNP ) (NNPS=H )) (NP (NN ) (NNS=H ))) (, ) (NP (NP=H (JJ=H )) (PRN (-LRB- ) (NNS=H ) (-RRB- ))) (VP=H (VBP=H ) (ADJP (JJ=H ))) (. )))",1,89717,"0,0833571031"
(ROOT (S=H (NP (NP=H (NNP ) (NNP ) (NNP ) (CC ) (NNP ) (NNP=H )) (PP (IN=H ) (NP (DT ) (NNP ) (NNP ) (NNP=H )))) (VP=H (VBP=H ) (ADJP (JJ=H ))) (. ))),1,89718,"0,0833580322"
(ROOT (S=H (NP (NNP ) (NNPS ) (NNP=H )) (VP=H (VBP=H ) (SBAR (S=H (NP (NNP ) (NNS=H )) (VP=H (VBP=H ) (ADJP (JJ=H )))))) (. ))),1,89719,"0,0833589613"
(ROOT (S=H (NP (NNP=H )) (SBAR=H (X (SYM=H )) (S=H (NP (DT ) (NNP ) (NNP ) (NNP ) (NNP=H )) (VP=H (VBP=H ) (ADJP (JJ=H ))))) (. ))),1,89720,"0,0833598904"
"(ROOT (S=H (NP (NP=H (NNP=H )) (PP (IN=H ) (NP (NP=H (DT ) (NNP ) (NNP ) (NNP=H )) (PP (IN=H ) (NP (NNPS=H ))) (, ) (PP (IN=H ) (NP (NNP=H )))))) (VP=H (VBP=H ) (ADJP (JJ=H ))) (. )))",1,89721,"0,0833608196"
(ROOT (FRAG=H (NP (NNP=H )) (: ) (S=H (NP (DT ) (NNP ) (NN=H )) (VP=H (VBP=H ) (ADJP (JJ=H )))) (. ))),1,89722,"0,0833617487"
(ROOT (S=H (NP (NNP ) (NNPS ) (CC ) (NNP ) (NNP=H )) (PRN (-LRB- ) (NP=H (NNP=H )) (-RRB- )) (NP (NN ) (NNS=H )) (VP=H (VBP=H ) (ADJP (JJ=H ))) (. ))),1,89723,"0,0833626778"
(ROOT (S=H (NP (NP=H (NNP=H )) (VP (VBN=H ) (PP (IN=H ) (NP (NNP ) (NNPS=H ))))) (VP=H (VBP=H ) (ADJP (JJ=H ))) (. ))),1,89724,"0,0833636069"
(ROOT (S=H (NP (NP=H (NNPS ) (NNS=H )) (PP (IN=H ) (NP (NNP=H )))) (VP=H (VBP=H ) (ADJP (JJ=H ))) (. ))),1,89725,"0,083364536"
(ROOT (S=H (NP (NP=H (JJ ) (NNS ) (NNS=H )) (PRN (-LRB- ) (NP=H (NNP=H )) (-RRB- ))) (VP=H (VBP=H ) (ADJP (JJ=H ))) (. ))),1,89726,"0,0833654651"
"(ROOT (S=H (NP (NP=H (NNPS ) (CC ) (NNP ) (NNP=H )) (PP (IN=H ) (NP (NNP ) (, ) (NNP ) (NNP=H )))) (VP=H (VBP=H ) (ADJP (JJ=H ))) (. )))",1,89727,"0,0833663942"
"(ROOT (S=H (NP (NP=H (NNP ) (, ) (NNP=H ) (, )) (CC ) (NP (NNP ) (NNS=H ))) (VP=H (VBP=H ) (ADJP (JJ=H ))) (. )))",1,89728,"0,0833673233"
(ROOT (S=H (NP (PRP=H )) (VP=H (VBD=H ) (SBAR (S=H (NP (JJ ) (NNS=H )) (VP=H (VBP=H ) (ADJP (JJ=H )))))) (. ))),1,89729,"0,0833682524"
(ROOT (S=H (NP (NP=H (NNP ) (NNP=H )) (PP (VBG=H ) (NP (NNS=H )))) (VP=H (VBP=H ) (ADJP (JJ=H ))) (. ))),1,89730,"0,0833691816"
(ROOT (S=H (NP (NP=H (NNP=H )) (CC ) (NP (NP=H (NN ) (NNS=H )) (VP (VBN=H ) (PP (IN=H ) (NP (DT ) (NNP ) (NNPS=H )))))) (VP=H (VBP=H ) (ADJP (JJ=H ))) (. ))),1,89731,"0,0833701107"
(ROOT (S=H (NP (NP=H (NNP=H ) (CC ) (NNP )) (PRN (-LRB- ) (NP=H (NNP ) (NNPS=H )) (-RRB- ))) (VP=H (VBP=H ) (ADJP (JJ=H ))) (. ))),1,89732,"0,0833710398"
(ROOT (S=H (NP (NNP ) (NNP=H )) (VP=H (VBD=H ) (SBAR (S=H (NP (PRP=H )) (VP=H (VBP=H ) (SBAR (S=H (NP (NNS=H )) (VP=H (VBP=H ) (ADJP (JJ=H ))))))))) (. ))),1,89733,"0,0833719689"
(ROOT (S=H (NP (NP=H (JJ ) (NNP ) (NNP ) (NNP ) (NNPS ) (NN=H )) (CC ) (NP (NN ) (NNS=H ))) (VP=H (VBP=H ) (ADJP (JJ=H ))) (. ))),1,89734,"0,083372898"
(ROOT (S=H (NP (NP=H (NNP ) (NNP ) (NNP=H )) (PP (IN=H ) (NP (NNP ) (NNP ) (NNPS ) (NNP=H )))) (VP=H (VBP=H ) (ADJP (JJ=H ))) (. ))),1,89735,"0,0833738271"
(ROOT (S=H (NP (NP=H (JJ ) (NN=H ) (CC ) (NNS )) (PP (IN=H ) (NP (NN=H )))) (VP=H (VBP=H ) (ADJP (JJ=H ))) (. ))),1,89736,"0,0833747562"
(ROOT (S=H (NP (NP=H (JJ ) (NN=H ) (CC ) (NN )) (PP (IN=H ) (NP (DT ) (NNP ) (NNPS=H )))) (VP=H (VBP=H ) (ADJP (JJ=H ))) (. ))),1,89737,"0,0833756853"
(ROOT (S=H (NP (NP=H (JJ ) (NN=H )) (PP (IN=H ) (NP (NP=H (DT ) (NNP ) (NNPS=H )) (PP (IN=H ) (NP (NNP ) (NNP=H ) (PRP )))))) (VP=H (VBP=H ) (ADJP (JJ=H ))) (. ))),1,89738,"0,0833766144"
(ROOT (S=H (NP (NP=H (JJ ) (NNS ) (CC ) (NN ) (NNS=H )) (PP (IN=H ) (NP (NN=H )))) (VP=H (VBP=H ) (ADJP (JJ=H ))) (. ))),1,89739,"0,0833775436"
(ROOT (S=H (NP (NP=H (JJ ) (NNS ) (CC ) (NN ) (NNS=H )) (VP (VBG=H ) (NP (NN=H )))) (VP=H (VBP=H ) (ADJP (JJ=H ))) (. ))),1,89740,"0,0833784727"
(ROOT (S=H (NP (NP=H (JJ ) (NNS ) (CC ) (NN ) (NNS=H )) (VP (VBG=H ) (NP (NN=H )) (PP (TO=H ) (NP (JJ ) (NNS=H ))))) (VP=H (VBP=H ) (ADJP (JJ=H ))) (. ))),1,89741,"0,0833794018"
"(ROOT (S=H (NP (NNP ) (NNP ) (NNP ) (NNP ) (CC ) (NNP ) (NNP ) (, ) (NNP=H )) (VP=H (VBP=H ) (ADJP (JJ=H ))) (. )))",1,89742,"0,0833803309"
(ROOT (S=H (NP (NP=H (NNP=H )) (PP (IN=H ) (NP (NP=H (JJ ) (NNPS=H )) (PP (IN=H ) (NP (NNP=H )))))) (VP=H (VBP=H ) (ADJP (JJ=H ))) (. ))),1,89743,"0,08338126"
"(ROOT (S=H (NP (NP=H (NNP=H )) (PP (IN=H ) (NP (NP=H (NNP ) (NNPS ) (, ) (JJ ) (NNP=H ) (CC ) (NNP )) (PP (IN=H ) (NP (NNP ) (FW ) (NNP=H )))))) (VP=H (VBP=H ) (ADJP (JJ=H ))) (. )))",1,89744,"0,0833821891"
(ROOT (S=H (NP (NP=H (NNP=H )) (PP (IN=H ) (NP (NNP ) (NNPS=H ) (CC ) (NNP ))) (PP (IN=H ) (NP (NNP ) (FW ) (NNP=H )))) (VP=H (VBP=H ) (ADJP (JJ=H ))) (. ))),1,89745,"0,0833831182"
(ROOT (S=H (NP (NP=H (NNP=H )) (PP (IN=H ) (NP (NP=H (NNP ) (NNPS=H )) (PP (IN=H ) (NP (NN=H )))))) (VP=H (VBP=H ) (ADJP (JJ=H ))) (. ))),1,89746,"0,0833840473"
(ROOT (S=H (NP (NP=H (NNP=H )) (PP (IN=H ) (NP (NNP ) (CC ) (DT ) (NNPS=H )))) (VP=H (VBP=H ) (ADJP (JJ=H ))) (. ))),1,89747,"0,0833849765"
(ROOT (S=H (NP (NP=H (NNP=H )) (PP (IN=H ) (NP (NP=H (NNP ) (NNP=H )) (CC ) (NP (NP=H (NNP ) (NNPS=H )) (PP (IN=H ) (NP (NNP ) (FW ) (NNP=H ))))))) (VP=H (VBP=H ) (ADJP (JJ=H ))) (. ))),1,89748,"0,0833859056"
(ROOT (FRAG=H (NP (NNP=H )) (: ) (S=H (NP (JJ ) (NN=H )) (VP=H (VBP=H ) (ADJP (JJ=H )))) (. ))),1,89749,"0,0833868347"
"(ROOT (S=H (NP-TMP (JJR ) (NN=H )) (, ) (NP (NN ) (NN=H )) (VP=H (VBP=H ) (ADJP (JJ=H ))) (. )))",1,89750,"0,0833877638"
(ROOT (S=H (NP (NP=H (NNP=H )) (PP (IN=H ) (NP (NP=H (DT ) (NNP=H )) (PP (IN=H ) (NP (NP=H (DT ) (CD ) (NNS=H )) (PP (IN=H ) (NP (NNP=H )))))))) (VP=H (VBP=H ) (ADJP (JJ=H ))) (. ))),1,89751,"0,0833886929"
(ROOT (S=H (NP (NP=H (NN=H )) (VP (VBN=H ) (PP (IN=H ) (NP (NNS=H ))))) (VP=H (VBP=H ) (ADJP (JJ=H ))) (. ))),1,89752,"0,083389622"
(ROOT (S=H (NP (NP=H (NN ) (NNS ) (NNS=H )) (VP (VBG=H ) (NP (NN ) (NN=H )))) (VP=H (VBP=H ) (ADJP (JJ=H ))) (. ))),1,89753,"0,0833905511"
(ROOT (S=H (NP (NP=H (NNP ) (NNP=H )) (NP (DT ) (NNP ) (NNP ) (NNS=H ))) (VP=H (VBP=H ) (ADJP (JJ=H ))) (. ))),1,89754,"0,0833914802"
(ROOT (S=H (S=H (NP (NNP ) (NNP ) (NNP=H )) (VP=H (VBZ=H ))) (CC ) (S (NP (NN ) (NNS=H )) (VP=H (VBP=H ) (ADJP (JJ=H )))) (. ))),1,89755,"0,0833924093"
(ROOT (S=H (NP (NP=H (NNP=H )) (NP (JJ ) (NN ) (NN=H ))) (VP=H (VBZ=H ) (SBAR (S=H (NP (JJ ) (NNS=H )) (VP=H (VBP=H ) (ADJP (JJ=H )))))) (. ))),1,89756,"0,0833933385"
(ROOT (S=H (NP (NP=H (NNP=H )) (SBAR (S=H (NP (JJ ) (NN ) (NN=H )) (VP=H (VBZ=H ) (NP (JJ ) (NNS=H )) (PP (IN=H ) (NP (NN=H ))))))) (VP=H (VBP=H ) (ADJP (JJ=H ))) (. ))),1,89757,"0,0833942676"
(ROOT (FRAG=H (NP (NNP=H )) (: ) (S=H (NP (NP=H (DT ) (JJ=H )) (PP (IN=H ) (NP (NNP ) (NNP ) (NNS=H )))) (VP=H (VBP=H ) (ADJP (JJ=H )))) (. ))),1,89758,"0,0833951967"
(ROOT (S=H (NP (NP=H (NN=H )) (PP (IN=H ) (NP (NNS=H ) (CC ) (NNS )))) (VP=H (VBP=H ) (ADJP (JJ=H ))) (. ))),1,89759,"0,0833961258"
(ROOT (S=H (NP (NP=H (NNP ) (NNP=H )) (PP (IN=H ) (NP (NP=H (NNP ) (NNS=H )) (PP (IN=H ) (NP (DT ) (NNP ) (CC ) (NNP ) (NNP ) (JJ ) (NN=H )))))) (VP=H (VBP=H ) (ADJP (JJ=H ))) (. ))),1,89760,"0,0833970549"
(ROOT (S=H (NP (NP=H (NNP ) (NNPS ) (CC ) (NNP ) (NNP=H )) (PP (IN=H ) (NP (DT ) (NNP ) (NNPS=H )))) (VP=H (VBP=H ) (ADJP (JJ=H ))) (. ))),1,89761,"0,083397984"
"(ROOT (S=H (NP (NP=H (NNP ) (NNP=H )) (PP (IN=H ) (NP (NP=H (NNP ) (NNP ) (NNP=H )) (PP (IN=H ) (NP (NNP ) (, ) (NNP ) (CC ) (NNP ) (NNS=H )))))) (VP=H (VBP=H ) (ADJP (JJ=H ))) (. )))",1,89762,"0,0833989131"
(ROOT (S=H (NP (NP=H (NNP ) (NNP=H )) (PP (IN=H ) (NP (NNP ) (NNPS ) (NNP ) (NNP ) (NNP=H )))) (VP=H (VBP=H ) (ADJP (JJ=H ))) (. ))),1,89763,"0,0833998422"
(ROOT (S=H (NP (NP=H (NNP ) (NNP=H )) (CC ) (NP (NP=H (NNP ) (NNP=H )) (PP (IN=H ) (NP (NNP ) (NNS=H ))))) (VP=H (VBP=H ) (ADJP (JJ=H ))) (. ))),1,89764,"0,0834007713"
(ROOT (S=H (NP (NP=H (NNP ) (NNP ) (NNP=H )) (PP (IN=H ) (NP (NP=H (DT ) (NNP ) (NNPS=H )) (PP (IN=H ) (NP (DT ) (NNP=H )))))) (VP=H (VBP=H ) (ADJP (JJ=H ))) (. ))),1,89765,"0,0834017005"
(ROOT (S=H (NP (NP=H (NNP=H )) (CC ) (NP (NP=H (JJ ) (NNS=H )) (VP (RB ) (VBN=H ) (PP (TO=H ) (NP (NNP=H )))))) (VP=H (VBP=H ) (ADJP (JJ=H ))) (. ))),1,89766,"0,0834026296"
(ROOT (S=H (NP (NNP=H )) (VP=H (VBZ=H ) (SBAR (S=H (NP (NP=H (NNS=H )) (VP (VBG=H ) (NP (NN=H )) (PP (TO=H ) (NP (JJ ) (NNS=H ))))) (VP=H (VBP=H ) (ADJP (JJ=H )))))) (. ))),1,89767,"0,0834035587"
(ROOT (S=H (NP (NP (JJ ) (NN ) (NN=H )) (PRN (-LRB- ) (ADJP=H (JJ=H )) (-RRB- )) (NNS=H )) (VP=H (VBP=H ) (ADJP (JJ=H ))) (. ))),1,89768,"0,0834044878"
(ROOT (S=H (NP (NP=H (NP=H (JJ ) (NNS ) (NNS=H )) (PP (IN=H ) (NP (NNP=H )))) (PRN (-LRB- ) (NP=H (NN=H )) (-RRB- ))) (VP=H (VBP=H ) (ADJP (JJ=H ))) (. ))),1,89769,"0,0834054169"
(ROOT (S=H (NP (NP=H (JJ ) (NNS ) (NNS=H )) (PP (IN=H ) (NP (NP=H (DT ) (NNP=H )) (PP (IN=H ) (NP (DT ) (NNP=H )))))) (VP=H (VBP=H ) (ADJP (JJ=H ))) (. ))),1,89770,"0,083406346"
(ROOT (S=H (NP (NP=H (JJ ) (NN=H )) (PP (IN=H ) (NP (NP=H (DT ) (NNP=H )) (PP (IN=H ) (NP (NNS=H )))))) (VP=H (VBP=H ) (ADJP (JJ=H ))) (. ))),1,89771,"0,0834072751"
(ROOT (S=H (NP (NP=H (NNP ) (NNP ) (NNP ) (NNP=H )) (PP (IN=H ) (NP (NNS=H )))) (VP=H (VBP=H ) (ADJP (JJ=H ))) (. ))),1,89772,"0,0834082042"
(ROOT (S=H (NP (NP (NP (NNP ) (NNS=H )) (PP (IN=H ) (NP (DT ) (JJ ) (CD ) (NNS=H ))) (POS=H )) (NN=H )) (VP=H (VBP=H ) (ADJP (JJ=H ))) (. ))),1,89773,"0,0834091334"
(ROOT (S=H (NP (NP=H (NNP ) (NNP ) (FW ) (NNP=H )) (NP (NNS=H ) (CC ) (NNS ))) (VP=H (VBP=H ) (ADJP (JJ=H ))) (. ))),1,89774,"0,0834100625"
(ROOT (S=H (NP (NNP ) (NNP ) (NNP ) (NNP ) (NNP=H )) (VP=H (VBD=H ) (SBAR (S=H (NP (JJ ) (NNS=H )) (VP=H (VBP=H ) (ADJP (JJ=H )))))) (. ))),1,89775,"0,0834109916"
(ROOT (S=H (NP (NNP ) (NNP ) (NNP=H )) (VP=H (VBD=H ) (SBAR (S=H (NP (NN ) (NNS=H )) (VP=H (VBP=H ) (ADJP (JJ=H )))))) (. ))),1,89776,"0,0834119207"
(ROOT (S=H (NP (NP (NNP ) (NNP ) (NNPS=H )) (PRN (-LRB- ) (NP=H (CD=H )) (-RRB- )) (NNS=H )) (VP=H (VBP=H ) (ADJP (JJ=H ))) (. ))),1,89777,"0,0834128498"
(ROOT (S=H (NP (NP=H (NNP ) (NNP ) (NNP=H )) (SBAR (S=H (NP (JJ ) (NN ) (NNS=H )) (VP=H (RB ) (VBN=H ) (PP (IN=H ) (NP (DT ) (NNP=H ))))))) (VP=H (VBP=H ) (ADJP (JJ=H ))) (. ))),1,89778,"0,0834137789"
(ROOT (S=H (NP (NP=H (NNP ) (NNP ) (NNP=H )) (SBAR (S=H (NP (NP=H (JJ ) (NN ) (NNS=H )) (PP (IN=H ) (NP (NNS=H )))) (VP=H (TO=H ) (VP (VB=H ) (VP (VBN=H ))))))) (VP=H (VBP=H ) (ADJP (JJ=H ))) (. ))),1,89779,"0,083414708"
(ROOT (S=H (NP (NP=H (NNP ) (NNP=H )) (SBAR (S=H (NP (JJ ) (NNS=H )) (VP=H (VBD=H ) (PP (IN=H ) (NP (NNP ) (NNP ) (NNP=H ))))))) (VP=H (VBP=H ) (ADJP (JJ=H ))) (. ))),1,89780,"0,0834156371"
(ROOT (S=H (NP (NP (NNP ) (NNP ) (JJ ) (NNS ) (POS=H )) (NN ) (NN=H )) (VP=H (VBP=H ) (ADJP (JJ=H ))) (. ))),1,89781,"0,0834165662"
(ROOT (S=H (NP (NN ) (CC ) (NN ) (NNS ) (CC ) (NN ) (NN ) (NNS=H )) (VP=H (VBP=H ) (ADJP (JJ=H ))) (. ))),1,89782,"0,0834174954"
(ROOT (S=H (NP (ADJP (NN=H ) (CD )) (NNS=H )) (VP=H (VBP=H ) (ADJP (JJ=H ))) (. ))),1,89783,"0,0834184245"
(ROOT (S=H (NP (NP=H (DT ) (NN=H )) (PP (IN=H ) (NP (DT ) (NN ) (NNS=H )))) (VP=H (VBP=H ) (ADJP (JJ=H ))) (. ))),1,89784,"0,0834193536"
(ROOT (S=H (NP (NN=H )) (ADVP (RBR=H ) (NP (JJ ) (NNS=H ))) (VP=H (VBP=H ) (ADJP (JJ=H ))) (. ))),1,89785,"0,0834202827"
(ROOT (S=H (NP (NP=H (NNP ) (NNP ) (NNP ) (NNP ) (NNPS ) (NNP=H )) (PRN (-LRB- ) (NP=H (JJ ) (NN=H )) (-RRB- ))) (VP=H (VBP=H ) (ADJP (JJ=H ))) (. ))),1,89786,"0,0834212118"
(ROOT (S=H (NP (NP=H (JJ ) (NN=H )) (PP (IN=H ) (NP (JJ ) (NN ) (NNS=H )))) (VP=H (VBP=H ) (ADJP (JJ=H ))) (. ))),1,89787,"0,0834221409"
(ROOT (S=H (NP (NP=H (JJ ) (NNP=H )) (PP (IN=H ) (NP (NNP ) (NNPS ) (NNS=H )))) (VP=H (VBP=H ) (ADJP (JJ=H ))) (. ))),1,89788,"0,08342307"
(ROOT (S=H (NP (NP=H (JJ ) (NNP=H )) (PP (IN=H ) (NP (NNP ) (CC ) (NNP ) (NNS=H )))) (VP=H (VBP=H ) (ADJP (JJ=H ))) (. ))),1,89789,"0,0834239991"
(ROOT (S=H (NP (NP=H (NNP ) (NN=H ) (CC ) (NNS )) (PP (IN=H ) (NP (JJ ) (NN=H )))) (VP=H (VBP=H ) (ADJP (JJ=H ))) (. ))),1,89790,"0,0834249282"
(ROOT (S=H (S (NP=H (NNP ) (POS=H )) (X (CC ) (S=H (VP=H (VBG=H ) (NP (NNS=H )))))) (VP=H (VBP=H ) (ADJP (JJ=H ))) (. ))),1,89791,"0,0834258574"
(ROOT (S=H (NP (NN ) (NN ) (NNS ) (NX=H (JJ ) (NN ) (PP=H (IN=H ) (NP (NNP=H ))))) (VP=H (VBP=H ) (ADJP (JJ=H ))) (. ))),1,89792,"0,0834267865"
(ROOT (S=H (NP (NP=H (CD ) (JJ ) (CC ) (JJ ) (NNS=H )) (VP (RB ) (VBN=H ) (PP (TO=H ) (NP (NNP=H ))))) (VP=H (VBP=H ) (ADJP (JJ=H ))) (. ))),1,89793,"0,0834277156"
(ROOT (S=H (NP (NP=H (JJ ) (NN ) (CC ) (NN ) (NN=H )) (PP (IN=H ) (NP (NNS=H )))) (VP=H (VBP=H ) (ADJP (JJ=H ))) (. ))),1,89794,"0,0834286447"
(ROOT (S=H (NP (NP=H (NN ) (CC ) (NN ) (NN=H )) (PP (IN=H ) (NP (DT ) (NNP ) (NNPS=H )))) (VP=H (VBP=H ) (ADJP (JJ=H ))) (. ))),1,89795,"0,0834295738"
(ROOT (S=H (NP (UCP (NP=H (NNP=H )) (CC ) (PP (IN=H ) (NP (DT ) (NN=H )))) (NNS=H )) (VP=H (VBP=H ) (ADJP (JJ=H ))) (. ))),1,89796,"0,0834305029"
(ROOT (S=H (NP (NNP ) (NNP ) (NNP ) (NN=H )) (VP=H (VBP=H ) (SBAR (S=H (NP (NN ) (NNS=H )) (VP=H (VBP=H ) (ADJP (JJ=H )))))) (. ))),1,89797,"0,083431432"
(ROOT (S=H (NP (NP=H (JJ ) (NN=H )) (PP (IN=H ) (NP (NP=H (NN ) (NNS=H )) (PP (IN=H ) (NP (NNP ) (NNP=H )))))) (VP=H (VBP=H ) (ADJP (JJ=H ))) (. ))),1,89798,"0,0834323611"
(ROOT (S=H (NP (NP=H (JJ ) (NN=H )) (PP (IN=H ) (NP (NP=H (NN ) (NNS=H )) (PP (IN=H ) (NP (DT ) (NNPS=H )))))) (VP=H (VBP=H ) (ADJP (JJ=H ))) (. ))),1,89799,"0,0834332903"
(ROOT (S=H (NP (NP=H (JJ ) (NN=H )) (PP (IN=H ) (NP (NP=H (NN ) (NNS=H )) (PP (IN=H ) (NP (DT ) (NNP ) (NNPS=H )))))) (VP=H (VBP=H ) (ADJP (JJ=H ))) (. ))),1,89800,"0,0834342194"
(ROOT (S=H (NP (NP=H (NNPS ) (NNS=H )) (PP (IN=H ) (NP (NNS=H )))) (VP=H (VBP=H ) (ADJP (JJ=H ))) (. ))),1,89801,"0,0834351485"
(ROOT (S=H (NP (NP=H (CD ) (NNP ) (NNP=H )) (CC ) (NP (DT ) (NN ) (NN ) (NNS=H ))) (VP=H (VBP=H ) (ADJP (JJ=H ))) (. ))),1,89802,"0,0834360776"
(ROOT (S=H (NP (NP=H (NNP=H )) (VP (VBG=H ) (PP (IN=H ) (NP (JJ ) (NNS=H ))))) (VP=H (VBP=H ) (ADJP (JJ=H ))) (. ))),1,89803,"0,0834370067"
(ROOT (S=H (NP (NP=H (JJ ) (NN=H )) (PP (IN=H ) (NP (NP (NNP ) (POS=H )) (NNS=H )))) (VP=H (VBP=H ) (ADJP (JJ=H ))) (. ))),1,89804,"0,0834379358"
(ROOT (S=H (NP (NP=H (NNP=H )) (VP (VBN=H ) (PP (IN=H ) (NP (NP=H (DT ) (NNP=H )) (PP (IN=H ) (NP (NNP ) (NNP ) (NNPS=H ))))))) (VP=H (VBP=H ) (ADJP (JJ=H ))) (. ))),1,89805,"0,0834388649"
(ROOT (S=H (S=H (NP (NNP=H )) (VP=H (VBN=H ) (PP (IN=H ) (NP (NNP ) (NNP=H ))))) (CC ) (S (NP (DT ) (NNPS=H )) (VP=H (VBP=H ) (ADJP (JJ=H )))) (. ))),1,89806,"0,083439794"
(ROOT (S=H (NP (NP=H (NNP=H )) (PP (VBN=H ) (PP (IN=H ) (NP (NP=H (DT ) (NNP ) (NNPS=H )) (PP (IN=H ) (NP (NNP=H ))))))) (VP=H (VBP=H ) (ADJP (JJ=H ))) (. ))),1,89807,"0,0834407231"
(ROOT (S=H (NP (NP=H (NNP=H )) (PP (VBN=H ) (PP (IN=H ) (NP (DT ) (NNPS ) (CC ) (NNP ) (NNP=H ))))) (VP=H (VBP=H ) (ADJP (JJ=H ))) (. ))),1,89808,"0,0834416523"
(ROOT (S=H (NP (NP=H (NNP=H )) (VP (VBN=H ) (PP (TO=H ) (NP (NP (NNS ) (POS=H )) (NN=H ))))) (VP=H (VBP=H ) (ADJP (JJ=H ))) (. ))),1,89809,"0,0834425814"
(ROOT (S=H (NP (JJ ) (NX=H (NX=H (NN=H )) (CC ) (NX (NNS=H )))) (VP=H (VBP=H ) (ADJP (JJ=H ))) (. ))),1,89810,"0,0834435105"
(ROOT (S=H (NP (NP=H (IN=H )) (PP (IN=H ) (NP (NNP ) (NNS=H )))) (VP=H (VBP=H ) (ADJP (JJ=H ))) (. ))),1,89811,"0,0834444396"
(ROOT (S=H (NP (NP=H (IN=H )) (PP (IN=H ) (NP (DT ) (NNP ) (NNS=H )))) (VP=H (VBP=H ) (ADJP (JJ=H ))) (. ))),1,89812,"0,0834453687"
(ROOT (S=H (PP (IN=H ) (NP (PRP$ ) (JJ ) (NN=H ))) (NP (NNS=H )) (VP=H (VBP=H ) (ADJP (JJ=H ))) (. ))),1,89813,"0,0834462978"
(ROOT (S=H (NP (NP=H (NNP=H )) (CC ) (NP (NP=H (JJ ) (NNS=H )) (PP (IN=H ) (NP (NNP ) (NNPS=H ))))) (VP=H (VBP=H ) (ADJP (JJ=H ))) (. ))),1,89814,"0,0834472269"
(ROOT (S=H (NP (NP=H (NNP=H )) (CC ) (NP (NP=H (JJ ) (NNS=H )) (PP (IN=H ) (NP (NP=H (DT ) (NNP=H )) (PP (IN=H ) (NP (NNP ) (NNP=H ))))))) (VP=H (VBP=H ) (ADJP (JJ=H ))) (. ))),1,89815,"0,083448156"
(ROOT (S=H (NP (NP=H (NNP=H )) (PP (IN=H ) (NP (NP=H (DT ) (NN=H )) (PP (IN=H ) (NP (NP=H (NNP ) (NNS=H )) (PP (IN=H ) (NP (NP=H (DT ) (JJ ) (NN=H )) (PP (IN=H ) (NP (NNPS=H )))))))))) (VP=H (VBP=H ) (ADJP (JJ=H ))) (. ))),1,89816,"0,0834490852"
(ROOT (S=H (NP (NN=H )) (VP=H (VBZ=H ) (SBAR (S=H (NP (NN ) (NN ) (NNS=H )) (VP=H (VBP=H ) (ADJP (JJ=H )))))) (. ))),1,89817,"0,0834500143"
(ROOT (S=H (NP (NP=H (JJ ) (NN ) (CC ) (NN ) (NNS=H )) (PP (IN=H ) (NP (DT ) (NN=H )))) (VP=H (VBP=H ) (ADJP (JJ=H ))) (. ))),1,89818,"0,0834509434"
(ROOT (FRAG=H (NP (NP=H (NP=H (NNS=H )) (PP (IN=H ) (NP (NNP=H )))) (CC ) (NP (DT ) (NP=H (NNP ) (POS=H )))) (: ) (S=H (NP (NNP=H )) (VP=H (VBP=H ) (ADJP (JJ=H )))) (. ))),1,89819,"0,0834518725"
(ROOT (S=H (NP (NN=H ) (S (VP=H (TO=H ) (VP (VB=H ) (NP (NN ) (NNS=H )))))) (VP=H (VBP=H ) (ADJP (JJ=H ))) (. ))),1,89820,"0,0834528016"
(ROOT (S=H (NP (NP=H (NP (NNS ) (POS=H )) (NNS=H )) (PP (IN=H ) (NP (NP=H (DT ) (NN=H )) (PRN (-LRB- ) (NP=H (JJ ) (NNS=H )) (-RRB- ))))) (VP=H (VBP=H ) (ADJP (JJ=H ))) (. ))),1,89821,"0,0834537307"
(ROOT (S=H (NP (NP=H (NP (NNS ) (POS=H )) (NN=H )) (PP (IN=H ) (NP (NNP=H ) (CC ) (NNP )))) (VP=H (VBP=H ) (ADJP (JJ=H ))) (. ))),1,89822,"0,0834546598"
(ROOT (S=H (NP (NP (NNS ) (POS=H )) (NNP ) (NNP ) (NNP ) (NNP=H )) (VP=H (VBP=H ) (ADJP (JJ=H ))) (. ))),1,89823,"0,0834555889"
(ROOT (S=H (NP (NP=H (NP (NNS ) (POS=H )) (NNP=H )) (PP (IN=H ) (NP (NNP=H ) (CC ) (NNP )))) (VP=H (VBP=H ) (ADJP (JJ=H ))) (. ))),1,89824,"0,083456518"
(ROOT (S=H (NP (NP=H (NP (NNS ) (POS=H )) (NNP=H )) (PP (IN=H ) (NP (NP=H (NNP=H )) (VP (VBN=H ) (NP (JJ ) (NNS=H )))))) (VP=H (VBP=H ) (ADJP (JJ=H ))) (. ))),1,89825,"0,0834574472"
(ROOT (S=H (NP (NP=H (NP (NNS ) (POS=H )) (NNP=H )) (PP (IN=H ) (NP (NNP=H )))) (VP=H (VBZ=H ) (SBAR (S=H (NP (NN ) (NNS=H )) (VP=H (VBP=H ) (ADJP (JJ=H )))))) (. ))),1,89826,"0,0834583763"
"(ROOT (S=H (S (NP (NNS=H )) (VP=H (VBN=H ) (PP (IN=H ) (NP (NNP ) (NNP ) (POS=H ))))) (, ) (NP (NP=H (NNP=H )) (PP (IN=H ) (NP (NNP=H )))) (VP=H (VBP=H ) (ADJP (JJ=H ))) (. )))",1,89827,"0,0834593054"
"(ROOT (S=H (S (NP (NNS=H )) (VP=H (VBN=H ) (PP (IN=H ) (NP (DT ) (NNP ) (NNP=H ))))) (, ) (NP (NNP ) (NNP ) (NNP=H )) (VP=H (VBP=H ) (ADJP (JJ=H ))) (. )))",1,89828,"0,0834602345"
"(ROOT (S=H (S (NP (NNS=H )) (VP=H (VBN=H ) (PP (IN=H ) (NP (NP=H (DT ) (NNP=H )) (PP (IN=H ) (NP (NNP ) (NNP=H ))))))) (, ) (NP (NNP=H )) (VP=H (VBP=H ) (ADJP (JJ=H ))) (. )))",1,89829,"0,0834611636"
"(ROOT (S=H (S (NP=H (NP=H (NNS=H )) (PP (IN=H ) (NP (NNP=H ))))) (, ) (NP (NNPS=H )) (VP=H (VBP=H ) (ADJP (JJ=H ))) (. )))",1,89830,"0,0834620927"
"(ROOT (S=H (S (NP=H (NP=H (NNS=H )) (PP (IN=H ) (NP (NNP ) (NNP ) (NN=H ))))) (, ) (NP (NNP=H )) (VP=H (VBP=H ) (ADJP (JJ=H ))) (. )))",1,89831,"0,0834630218"
"(ROOT (S=H (S (NP=H (NP=H (NNS=H )) (PP (IN=H ) (NP (NN ) (NNP ) (JJ ) (NN=H ))))) (, ) (NP (NNP=H )) (VP=H (VBP=H ) (ADJP (JJ=H ))) (. )))",1,89832,"0,0834639509"
"(ROOT (S=H (S (NP=H (NP=H (NNS=H )) (PP (IN=H ) (NP (DT ) (NNPS=H ))))) (, ) (NP (NNP=H )) (VP=H (VBP=H ) (ADJP (JJ=H ))) (. )))",1,89833,"0,08346488"
(ROOT (S=H (NP (NP=H (NNP=H )) (CC ) (NP (DT ) (NNP ) (NNP ) (NNP ) (NNS=H ))) (VP=H (VBP=H ) (ADJP (JJ=H ))) (. ))),1,89834,"0,0834658092"
(ROOT (S=H (NP (NP=H (NNP=H )) (CC ) (NP (CD ) (NNP ) (CD ) (NNS=H ))) (VP=H (VBP=H ) (ADJP (JJ=H ))) (. ))),1,89835,"0,0834667383"
(ROOT (S=H (NP (NP=H (NNP=H )) (PP (IN=H ) (NP (NP=H (NNS=H )) (PP (IN=H ) (S (VP=H (VBG=H ) (`` ) (SBAR (S=H (NP (NN=H )) (VP=H (MD=H ) (VP (VB=H ))))))))))) (VP=H (VBP=H ) (ADJP (JJ=H ))) (. ))),1,89836,"0,0834676674"
"(ROOT (S=H (NP (NP=H (NNP ) (, ) (NNP ) (, ) (NNP ) (CC ) (NNP ) (NNP=H )) (NP (NN ) (NNS=H ))) (VP=H (VBP=H ) (ADJP (JJ=H ))) (. )))",1,89837,"0,0834685965"
(ROOT (S=H (NP (NP=H (NNP=H ) (CD )) (PP (IN=H ) (NP (NNP ) (NNPS=H )))) (VP=H (VBP=H ) (ADJP (JJ=H ))) (. ))),1,89838,"0,0834695256"
(ROOT (S=H (NP (NP=H (NNP ) (NN ) (NN=H )) (CC ) (NP (NNS=H ))) (VP=H (VBP=H ) (ADJP (JJ=H ))) (. ))),1,89839,"0,0834704547"
(ROOT (S=H (NP (NP=H (NNP=H )) (CC ) (NP (NNS ) (NN ) (NNS=H ))) (VP=H (VBP=H ) (ADJP (JJ=H ))) (. ))),1,89840,"0,0834713838"
(ROOT (S=H (NP (NP=H (NNP=H )) (CC ) (NP (JJ=H ))) (VP=H (VBP=H ) (SBAR (S=H (NP (NNS=H )) (VP=H (VBP=H ) (ADJP (JJ=H )))))) (. ))),1,89841,"0,0834723129"
(ROOT (S=H (NP (NP=H (NNP=H )) (CC ) (NP (JJ=H ))) (VP=H (VBP=H ) (SBAR (S=H (NP (NP=H (NNS=H )) (PP (VBN=H ) (PP (IN=H ) (NP (DT ) (NNP ) (NNP=H ))))) (VP=H (VBP=H ) (ADJP (JJ=H )))))) (. ))),1,89842,"0,0834732421"
(ROOT (S=H (NP (NP=H (NNP=H )) (CC ) (NP (JJ=H ))) (VP=H (VBP=H ) (SBAR (S=H (NP (NP=H (NNS=H )) (PP (IN=H ) (NP (DT ) (NNP ) (NNPS=H )))) (VP=H (VBP=H ) (ADJP (JJ=H )))))) (. ))),1,89843,"0,0834741712"
(ROOT (S=H (NP (NP=H (NNP ) (NNP=H )) (PP (IN=H ) (NP (NN ) (NN ) (NNP ) (NN ) (NN ) (NNS=H )))) (VP=H (VBP=H ) (ADJP (JJ=H ))) (. ))),1,89844,"0,0834751003"
(ROOT (S=H (NP (NP=H (NN=H )) (PP (IN=H ) (S (VP=H (VBG=H ) (NP (CD ) (JJ ) (CC ) (JJ ) (NN ) (NNS=H )))))) (VP=H (VBP=H ) (ADJP (JJ=H ))) (. ))),1,89845,"0,0834760294"
(ROOT (S=H (NP (NNP ) (NNP ) (CC ) (NNP ) (NNP ) (NNP ) (NN ) (NNS=H )) (VP=H (VBP=H ) (ADJP (JJ=H ))) (. ))),1,89846,"0,0834769585"
(ROOT (S=H (NP (NP=H (NNP ) (FW ) (NNP=H )) (PP (IN=H ) (NP (NP=H (DT ) (NNP=H )) (PP (IN=H ) (NP (DT ) (NNPS=H )))))) (VP=H (VBP=H ) (ADJP (JJ=H ))) (. ))),1,89847,"0,0834778876"
(ROOT (S=H (NP (NP=H (NNP ) (FW ) (NNP=H )) (PP (IN=H ) (NP (DT ) (NNP ) (NNPS ) (NNP=H )))) (VP=H (VBP=H ) (ADJP (JJ=H ))) (. ))),1,89848,"0,0834788167"
(ROOT (NP=H (NP=H (NN=H )) (: ) (S (NP (NP=H (NNS=H )) (PP (IN=H ) (NP (NP=H (DT ) (NNP=H )) (PP (IN=H ) (NP (NNP=H )))))) (VP=H (VBP=H ) (ADJP (JJ=H )))) (. ))),1,89849,"0,0834797458"
"(ROOT (S=H (NP (NP=H (NP=H (NNPS ) (, ) (NNPS=H ) (CC ) (NNPS )) (NP (NNS=H ))) (VP (VBG=H ) (NP (NN ) (NN=H )))) (VP=H (VBP=H ) (ADJP (JJ=H ))) (. )))",1,89850,"0,0834806749"
"(ROOT (S=H (NP (NP=H (NNS ) (, ) (NNS ) (CC ) (NN ) (NNS=H )) (PP (IN=H ) (NP (NN=H )))) (VP=H (VBP=H ) (ADJP (JJ=H ))) (. )))",1,89851,"0,0834816041"
"(ROOT (S=H (NP (NP=H (NNS ) (, ) (NNS ) (CC ) (NN ) (NNS=H )) (VP (VBG=H ) (NP (NN=H )))) (VP=H (VBP=H ) (ADJP (JJ=H ))) (. )))",1,89852,"0,0834825332"
(ROOT (S=H (NP (NP=H (JJ ) (NNS ) (CC ) (NN ) (NNS=H )) (PP (IN=H ) (NP (DT ) (NNP ) (NNP ) (NN=H )))) (VP=H (VBP=H ) (ADJP (JJ=H ))) (. ))),1,89853,"0,0834834623"
"(ROOT (S=H (S (NP (NNP=H )) (VP=H (VB=H ) (PP (IN=H ) (NP (DT ) (NNP ) (NNP=H ))))) (, ) (NP (NNP=H )) (VP=H (VBP=H ) (ADJP (JJ=H ))) (. )))",1,89854,"0,0834843914"
(ROOT (S=H (NP (NP (NN=H )) (PRN (-LRB- ) (NNS=H ) (-RRB- )) (NNS=H )) (VP=H (VBP=H ) (ADJP (JJ=H ))) (. ))),1,89855,"0,0834853205"
(ROOT (S=H (NP (NP=H (NNP=H )) (CC ) (NP (RB ) (NNP ) (NNS=H ))) (VP=H (VBP=H ) (ADJP (JJ=H ))) (. ))),1,89856,"0,0834862496"
(ROOT (S=H (NP (NP=H (NNP ) (NN=H )) (PP (IN=H ) (NP (NN ) (NN ) (NN ) (NN ) (NNS=H )))) (VP=H (VBP=H ) (ADJP (JJ=H ))) (. ))),1,89857,"0,0834871787"
(ROOT (S=H (NP (NP=H (NNP ) (NN=H )) (VP (VBG=H ) (NP (NN ) (NN ) (NNS=H )))) (VP=H (VBP=H ) (ADJP (JJ=H ))) (. ))),1,89858,"0,0834881078"
(ROOT (FRAG=H (NP (NNP=H )) (: ) (S=H (NP (NNS=H )) (VP=H (VBP=H ) (ADJP (JJ=H )))) (. ))),1,89859,"0,0834890369"
(ROOT (S=H (NP (JJ ) (NX=H (NX=H (NN=H )) (CC ) (NX (NN ) (NNS=H )))) (VP=H (VBP=H ) (ADJP (JJ=H ))) (. ))),1,89860,"0,0834899661"
(ROOT (S=H (NP (NP=H (NN=H )) (CC ) (NP (DT ) (JJ ) (NN ) (NNS=H ))) (VP=H (VBP=H ) (ADJP (JJ=H ))) (. ))),1,89861,"0,0834908952"
"(ROOT (S=H (NP (NP=H (NNP=H )) (, ) (NP (NP=H (JJ ) (CC ) (JJ ) (NNS=H )) (PP (IN=H ) (NP (NNP=H ))))) (VP=H (VBP=H ) (ADJP (JJ=H ))) (. )))",1,89862,"0,0834918243"
(ROOT (S=H (NP (NP=H (JJ ) (NN ) (NNS ) (CC ) (NN ) (NNS=H )) (PP (IN=H ) (NP (NNP=H )))) (VP=H (VBP=H ) (ADJP (JJ=H ))) (. ))),1,89863,"0,0834927534"
(ROOT (S=H (NP (NP=H (NNP=H )) (PP (IN=H ) (NP (NP=H (NNS=H )) (PP (TO=H ) (NP (JJ ) (NNS=H )))))) (VP=H (VBP=H ) (ADJP (JJ=H ))) (. ))),1,89864,"0,0834936825"
(ROOT (S=H (NP (NP=H (ADJP (RB ) (JJ=H )) (NN=H )) (PP (IN=H ) (NP (DT ) (NNPS=H )))) (VP=H (VBP=H ) (ADJP (JJ=H ))) (. ))),1,89865,"0,0834946116"
(ROOT (S=H (NP (NP=H (NNP=H )) (PP (IN=H ) (NP (NP=H (NNP ) (NNS=H )) (PP (IN=H ) (NP (JJ ) (CC ) (JJ ) (NN=H )))))) (VP=H (VBP=H ) (ADJP (JJ=H ))) (. ))),1,89866,"0,0834955407"
(ROOT (S=H (NP (NP=H (NN=H )) (PP (IN=H ) (NP (NP=H (NNPS=H )) (PP (IN=H ) (NP (DT ) (NNP=H )))))) (VP=H (VBP=H ) (ADJP (JJ=H ))) (. ))),1,89867,"0,0834964698"
(ROOT (S=H (NP (NNP ) (NNP=H ) (CC ) (NNP )) (PP (IN=H ) (NP (DT ) (NN ) (NNS=H ))) (VP=H (VBP=H ) (ADJP (JJ=H ))) (. ))),1,89868,"0,083497399"
"(ROOT (S=H (NP (NAC (NNP=H ) (, ) (NNP ) (NNP )) (NNS=H )) (VP=H (VBP=H ) (ADJP (JJ=H ))) (. )))",1,89869,"0,0834983281"
(ROOT (S=H (NP (NP=H (NN=H )) (PP (IN=H ) (NP (NN ) (NNS=H ) (CC ) (NNS )))) (VP=H (VBP=H ) (ADJP (JJ=H ))) (. ))),1,89870,"0,0834992572"
(ROOT (S=H (NP (NP=H (NNP ) (NNP ) (NNP ) (NNP=H )) (VP (VBN=H ) (PP (IN=H ) (NP (DT ) (NNP ) (NNPS=H ))))) (VP=H (VBP=H ) (ADJP (JJ=H ))) (. ))),1,89871,"0,0835001863"
(ROOT (S=H (NP (NP=H (NNP ) (NNP ) (JJ ) (NN=H )) (PP (IN=H ) (NP (NNS ) (NNS=H )))) (VP=H (VBP=H ) (ADJP (JJ=H ))) (. ))),1,89872,"0,0835011154"
(ROOT (S=H (NP (NP=H (NP=H (NNP=H )) (PP (IN=H ) (NP (DT ) (CD ) (NNS=H )))) (PRN (-LRB- ) (NP=H (NN=H )) (-RRB- ))) (VP=H (VBP=H ) (ADJP (JJ=H ))) (. ))),1,89873,"0,0835020445"
(ROOT (FRAG=H (NP (NP=H (NNP=H )) (: ) (NP (NNP=H ))) (: ) (S=H (NP (NNP ) (NN=H )) (VP=H (VBP=H ) (ADJP (JJ=H )))) (. ))),1,89874,"0,0835029736"
(ROOT (S=H (NP (NP=H (NNP ) (NNPS ) (NNP=H )) (PP (IN=H ) (NP (NNP ) (NNP=H ) (PRP )))) (VP=H (VBP=H ) (ADJP (JJ=H ))) (. ))),1,89875,"0,0835039027"
(ROOT (S=H (NP (NP=H (NNP ) (NNP=H )) (CC ) (NP (NP=H (DT ) (NNPS=H )) (PP (IN=H ) (NP (DT ) (NNPS=H ))))) (VP=H (VBP=H ) (ADJP (JJ=H ))) (. ))),1,89876,"0,0835048318"
"(ROOT (S=H (S (ADJP=H (NNP=H ) (NNP ) (NNP ))) (, ) (NP (NNP ) (NN ) (NNS=H )) (VP=H (VBP=H ) (ADJP (JJ=H ))) (. )))",1,89877,"0,083505761"
(ROOT (S=H (NP (NP=H (NNP ) (NNP ) (NNP ) (NNP=H )) (CC ) (NP (NNS=H ))) (VP=H (VBP=H ) (ADJP (JJ=H ))) (. ))),1,89878,"0,0835066901"
(ROOT (S=H (NP (NP=H (NNP ) (NNPS ) (NNP=H )) (PP (TO=H ) (NP (JJ ) (NNS=H )))) (VP=H (VBP=H ) (ADJP (JJ=H ))) (. ))),1,89879,"0,0835076192"
"(ROOT (S=H (NP (NP=H (NN ) (, ) (NN ) (CC ) (NN ) (NN=H )) (PRN (-LRB- ) (NP=H (NNS=H )) (-RRB- ))) (VP=H (VBP=H ) (ADJP (JJ=H ))) (. )))",1,89880,"0,0835085483"
(ROOT (S=H (NP (NP=H (NNP=H )) (PP (IN=H ) (NP (NP (DT ) (NNPS ) (POS=H )) (NNP ) (NNP ) (NNP=H )))) (VP=H (VBP=H ) (ADJP (JJ=H ))) (. ))),1,89881,"0,0835094774"
(ROOT (S=H (NP (NP=H (NNP=H )) (PP (IN=H ) (NP (DT ) (VBG ) (NNS=H )))) (VP=H (VBP=H ) (ADJP (JJ=H ))) (. ))),1,89882,"0,0835104065"
(ROOT (S=H (NP (NP=H (NNP=H )) (PP (IN=H ) (NP (NP=H (DT ) (VBG ) (NNS=H )) (PP (IN=H ) (NP (DT ) (NNP ) (NNP=H )))))) (VP=H (VBP=H ) (ADJP (JJ=H ))) (. ))),1,89883,"0,0835113356"
(ROOT (S=H (NP (NP=H (NNP=H )) (PP (IN=H ) (NP (NP=H (DT ) (VBG ) (NNS=H )) (PP (IN=H ) (NP (DT ) (NNP ) (NNPS=H )))))) (VP=H (VBP=H ) (ADJP (JJ=H ))) (. ))),1,89884,"0,0835122647"
(ROOT (S=H (NP (NP=H (NNP=H )) (CC ) (NP (NP=H (NN ) (NN ) (NN ) (NNS=H )) (VP (VBG=H ) (NP (NN=H ))))) (VP=H (VBP=H ) (ADJP (JJ=H ))) (. ))),1,89885,"0,0835131938"
(ROOT (S=H (NP (NP=H (NNP=H )) (CC ) (NP (NP=H (NN ) (NN ) (NN ) (NNS=H )) (VP (VBG=H ) (NP (NNS=H ))))) (VP=H (VBP=H ) (ADJP (JJ=H ))) (. ))),1,89886,"0,083514123"
(ROOT (S=H (NP (NP=H (NN=H ) (CC ) (NN )) (PP (IN=H ) (NP (NP=H (NP (DT ) (NNS ) (POS=H )) (NNP=H )) (PP (IN=H ) (NP (NNP=H )))))) (VP=H (VBP=H ) (ADJP (JJ=H ))) (. ))),1,89887,"0,0835150521"
(ROOT (S=H (NP (NNP ) (NNS ) (NX=H (NX=H (JJ ) (NN ) (NNS=H )) (PP (IN=H ) (NP (NNP ) (NNP ) (IN ) (NNP=H ))))) (VP=H (VBP=H ) (ADJP (JJ=H ))) (. ))),1,89888,"0,0835159812"
(ROOT (S=H (NP (NP=H (NN ) (NN=H )) (PP (IN=H ) (NP (NNS ) (NNS=H )))) (VP=H (VBP=H ) (ADJP (JJ=H ))) (. ))),1,89889,"0,0835169103"
(ROOT (S=H (NP (NP=H (NN=H )) (CC ) (NP (DT ) (NNP ) (NNS=H ))) (VP=H (VBP=H ) (ADJP (JJ=H ))) (. ))),1,89890,"0,0835178394"
(ROOT (S=H (NP (NAC (NN=H ) (PP (IN=H ) (NP (NNP=H )))) (NNS=H )) (VP=H (VBP=H ) (ADJP (JJ=H ))) (. ))),1,89891,"0,0835187685"
(ROOT (S=H (NP (NP=H (NN=H )) (NP-TMP (CD ) (NNS=H ))) (VP=H (VBP=H ) (ADJP (JJ=H ))) (. ))),1,89892,"0,0835196976"
(ROOT (NP=H (NP=H (JJ ) (NN=H )) (: ) (S (NP (NNP ) (NNP=H )) (VP=H (VBP=H ) (ADJP (JJ=H )))) (. ))),1,89893,"0,0835206267"
(ROOT (S=H (NP (NP=H (CD=H )) (NP (DT ) (NNP ) (NNS=H ))) (VP=H (VBP=H ) (ADJP (JJ=H ))) (. ))),1,89894,"0,0835215559"
(ROOT (S=H (NP (NP=H (NP (NNP ) (POS=H )) (NN=H )) (PP (IN=H ) (NP (VBG ) (NNS=H )))) (VP=H (VBP=H ) (ADJP (JJ=H ))) (. ))),1,89895,"0,083522485"
(ROOT (S=H (NP (NP=H (JJ ) (NN=H )) (PP (IN=H ) (NP (NNPS=H ) (CC ) (NNPS )))) (VP=H (VBP=H ) (ADJP (JJ=H ))) (. ))),1,89896,"0,0835234141"
(ROOT (S=H (IN ) (NP (PRP=H )) (VP=H (VBP=H ) (SBAR (S=H (NP (PRP=H )) (VP=H (VBD=H ) (SBAR (S=H (NP (NNP=H )) (VP=H (VBP=H ) (ADJP (JJ=H ))))))))) (. ))),1,89897,"0,0835243432"
(ROOT (S=H (NP (NNP ) (NNP ) (NNP ) (NNP ) (NNP=H )) (VP=H (VBP=H ) (SBAR (S=H (NP (NNP ) (NNS=H )) (VP=H (VBP=H ) (ADJP (JJ=H )))))) (. ))),1,89898,"0,0835252723"
(ROOT (S=H (NP (DT ) (NAC (NNPS=H ) (PP (IN=H ) (NP (NNP=H )))) (NN=H )) (VP=H (VBP=H ) (ADJP (JJ=H ))) (. ))),1,89899,"0,0835262014"
(ROOT (S=H (NP (NP=H (NNP ) (NNP ) (CC ) (NNP ) (NNP=H )) (PP (IN=H ) (NP (NNP ) (NNS=H )))) (VP=H (VBP=H ) (ADJP (JJ=H ))) (. ))),1,89900,"0,0835271305"
(ROOT (S=H (NP (NP=H (ADJP (JJ=H ) (NNP ) (NNP ) (NNP )) (NN=H )) (VP (VBG=H ) (NP (NNS=H )))) (VP=H (VBP=H ) (ADJP (JJ=H ))) (. ))),1,89901,"0,0835280596"
(ROOT (S=H (NP (NP=H (ADJP (NNP ) (JJ=H )) (NN=H )) (PP (IN=H ) (NP (VBG ) (NNS=H )))) (VP=H (VBP=H ) (ADJP (JJ=H ))) (. ))),1,89902,"0,0835289887"
(ROOT (S=H (NP (NP (JJ ) (JJ ) (NNS ) (POS=H )) (NNS ) (NNS=H )) (VP=H (VBP=H ) (ADJP (JJ=H ))) (. ))),1,89903,"0,0835299179"
(ROOT (S=H (NP (ADJP (NNP=H ) (NNP )) (JJ ) (JJ ) (NN ) (NNS=H )) (VP=H (VBP=H ) (ADJP (JJ=H ))) (. ))),1,89904,"0,083530847"
"(ROOT (S=H (NP (NP=H (NP=H (NNP ) (NNPS=H )) (, ) (NP (NNP=H )) (, )) (CC ) (NP (NP (NNS ) (POS=H )) (NNP ) (NN ) (NNS=H ))) (VP=H (VBP=H ) (ADJP (JJ=H ))) (. )))",1,89905,"0,0835317761"
(ROOT (FRAG=H (NP (NNP=H )) (: ) (S=H (NP (CD=H )) (VP=H (VBP=H ) (ADJP (JJ=H )))) (. ))),1,89906,"0,0835327052"
(ROOT (S=H (NP (NAC (NNP=H ) (PP (IN=H ) (NP (NN ) (NN=H )))) (NNS=H )) (VP=H (VBP=H ) (ADJP (JJ=H ))) (. ))),1,89907,"0,0835336343"
"(ROOT (S=H (PP (NP (NNS ) (, ) (NNS ) (, ) (CC ) (NNS=H )) (IN=H ) (NP (NNP=H ))) (, ) (NP (NNP=H )) (VP=H (VBP=H ) (ADJP (JJ=H ))) (. )))",1,89908,"0,0835345634"
"(ROOT (S=H (NP-TMP (NP=H (NNP ) (NNP=H )) (NP (DT ) (NNP ) (NNP=H ))) (, ) (NP (NNP=H )) (VP=H (VBP=H ) (ADJP (JJ=H ))) (. )))",1,89909,"0,0835354925"
(ROOT (S=H (NP (NP=H (NNP ) (NNP ) (NNPS ) (NNP=H )) (VP (VBG=H ) (NP (NN=H )))) (VP=H (VBP=H ) (ADJP (JJ=H ))) (. ))),1,89910,"0,0835364216"
(ROOT (S=H (NP (NP=H (NNP ) (NNP=H )) (PP (IN=H ) (NP (NP=H (NNP ) (NNP=H )) (PP (IN=H ) (NP (NN ) (NNS=H )))))) (VP=H (VBP=H ) (ADJP (JJ=H ))) (. ))),1,89911,"0,0835373507"
"(ROOT (S=H (NP (ADJP (JJ=H ) (PP (IN=H ) (NP (NNP ) (, ) (NNP ) (, ) (NNP ) (CC ) (NNP ) (NNP=H )))) (NNP ) (NNS=H )) (VP=H (VBP=H ) (ADJP (JJ=H ))) (. )))",1,89912,"0,0835382799"
"(ROOT (S=H (NP (ADJP (JJ=H ) (PP (IN=H ) (NP (NNP ) (, ) (NNP ) (, ) (NNP ) (CC ) (NNP ) (NNP=H )))) (NN ) (NNS=H )) (VP=H (VBP=H ) (ADJP (JJ=H ))) (. )))",1,89913,"0,083539209"
(ROOT (S=H (NP (NP=H (NNP ) (NNP=H )) (PP (IN=H ) (NP (NP=H (NNP ) (NNP ) (NNP=H )) (PP (IN=H ) (NP (NNS=H )))))) (VP=H (VBP=H ) (ADJP (JJ=H ))) (. ))),1,89914,"0,0835401381"
(ROOT (S=H (NP (NP=H (DT ) (NNP=H )) (CC ) (NP (DT ) (NNPS=H ))) (VP=H (VBP=H ) (ADJP (JJ=H ))) (. ))),1,89915,"0,0835410672"
(ROOT (S=H (NP (PRP=H )) (NP (NNP ) (NNP ) (NNPS=H )) (VP=H (VBP=H ) (ADJP (JJ=H ))) (. ))),1,89916,"0,0835419963"
(ROOT (S=H (NP (NNP ) (NNPS ) (NNS=H )) (VP=H (VBP=H ) (SBAR (S=H (NP (NN ) (NNS=H )) (VP=H (VBP=H ) (ADJP (JJ=H )))))) (. ))),1,89917,"0,0835429254"
(ROOT (S=H (NP (NP (NNP ) (NNPS ) (NN=H )) (PRN (-LRB- ) (NP=H (NN=H )) (-RRB- )) (NNS=H )) (VP=H (VBP=H ) (ADJP (JJ=H ))) (. ))),1,89918,"0,0835438545"
(ROOT (S=H (NP (PRP=H )) (VP=H (VBP=H ) (SBAR (PP (IN=H ) (NP (NN=H ))) (S=H (VP=H (VBP=H ) (ADJP (JJ=H )))))) (. ))),1,89919,"0,0835447836"
(ROOT (S=H (S (VP=H (VBZ=H ) (SBAR (SBARQ=H (WHNP (WHNP=H (WP=H )) (PP (IN=H ))) (SQ=H (VBP=H ) (NP (PRP=H )) (VP (VBG=H ) (VP (VBN=H )))) (. ))))) (VP=H (VBP=H ) (ADJP (JJ=H ))) (. ))),1,89920,"0,0835457128"
(ROOT (S=H (NP (NP=H (NNP ) (NNPS ) (NNP=H )) (PP (IN=H ) (NP (NNP ) (JJ ) (NNS=H )))) (VP=H (VBP=H ) (ADJP (JJ=H ))) (. ))),1,89921,"0,0835466419"
(ROOT (S=H (NP (NP=H (NNP ) (NNPS ) (JJ ) (NN ) (NNS ) (NN ) (NN=H )) (PP (TO=H ) (NP (JJ ) (NNS=H )))) (VP=H (VBP=H ) (ADJP (JJ=H ))) (. ))),1,89922,"0,083547571"
(ROOT (SINV=H (SBARQ (WHNP (WP=H )) (SQ=H (VP=H (VBZ=H ) (S (VP=H (TO=H ) (VP (VB=H ) (NP (DT ) (NN=H ))))))) (. )) (VP=H (VBP=H )) (NP (RB=H )) (. ))),1,89923,"0,0835485001"
(ROOT (FRAG=H (NP (NNP ) (NNP ) (NNP=H )) (: ) (S=H (NP (NNS=H )) (VP=H (VBP=H ) (ADJP (JJ=H )))) (. ))),1,89924,"0,0835494292"
(ROOT (S=H (NP (NNP=H )) (VP=H (VBD=H ) (SBAR (S=H (NP (NP=H (JJ ) (NNS=H )) (PRN (-LRB- ) (VP=H (VBN=H )) (-RRB- ))) (VP=H (VBP=H ) (ADJP (JJ=H )))))) (. ))),1,89925,"0,0835503583"
(ROOT (S=H (NP (NP=H (NP (NNS ) (POS=H )) (NNS=H )) (PP (IN=H ) (NP (NN=H )))) (VP=H (VBP=H ) (ADJP (JJ=H ))) (. ))),1,89926,"0,0835512874"
(ROOT (S=H (NP (NP=H (NN ) (NNS ) (NNS=H )) (VP (VBG=H ) (NP (NN=H )) (PP (TO=H ) (NP (JJ ) (NNS=H ))))) (VP=H (VBP=H ) (ADJP (JJ=H ))) (. ))),1,89927,"0,0835522165"
"(ROOT (S=H (S (NP (NNP=H )) (VP=H (VBD=H ) (NP (NNS=H )) (PP (IN=H ) (NP (NNP ) (NNP ) (NNP ) (NNP=H ))))) (, ) (NP (NNP=H )) (VP=H (VBP=H ) (ADJP (JJ=H ))) (. )))",1,89928,"0,0835531456"
"(ROOT (S=H (NP (NP=H (NNP ) (NNPS ) (NNP=H )) (PP (IN=H ) (NP (NNP ) (, ) (NNP ) (, ) (CC ) (NNP=H )))) (VP=H (VBP=H ) (ADJP (JJ=H ))) (. )))",1,89929,"0,0835540748"
(ROOT (S=H (NP (NP=H (NNP ) (NNPS ) (NNP=H )) (PP (IN=H ) (NP (NP=H (NNP=H )) (PP (IN=H ) (NP (DT ) (NNP ) (NNPS=H )))))) (VP=H (VBP=H ) (ADJP (JJ=H ))) (. ))),1,89930,"0,0835550039"
(ROOT (NP=H (NP=H (NNP=H ) (. )) (: ) (S (NP (JJ ) (NN=H )) (VP=H (VBP=H ) (ADJP (JJ=H )))) (. ))),1,89931,"0,083555933"
(ROOT (S=H (NP (NP=H (NP=H (NNP=H )) (VP (VBN=H ))) (CC ) (NP (VBN ) (NNS=H ))) (VP=H (VBP=H ) (ADJP (JJ=H ))) (. ))),1,89932,"0,0835568621"
(ROOT (S=H (NP (NNP ) (NNPS ) (NNS=H )) (VP=H (VBZ=H ) (NP (NP=H (JJ ) (NN ) (NNS=H )) (SBAR (S=H (VP=H (VBP=H ) (ADJP (JJ=H ))))))) (. ))),1,89933,"0,0835577912"
(ROOT (S=H (NP (NNP ) (NNP ) (NNP=H )) (ADVP (RB=H )) (VP=H (VBD=H ) (SBAR (S=H (NP (NNS=H )) (VP=H (VBP=H ) (ADJP (JJ=H )))))) (. ))),1,89934,"0,0835587203"
(ROOT (S=H (NP (NP=H (NNP ) (NNPS ) (NNP ) (NNP ) (NN=H )) (CC ) (NP (NNS=H ))) (VP=H (VBP=H ) (ADJP (JJ=H ))) (. ))),1,89935,"0,0835596494"
(ROOT (S=H (VP=H (VP=H (VBZ=H )) (CC ) (VP (VBP=H ) (ADJP (JJ=H )))) (. ))),1,89936,"0,0835605785"
(ROOT (S=H (NP (NP=H (DT ) (NNPS ) (NNS=H )) (PP (IN=H ) (NP (NNS=H )))) (VP=H (VBP=H ) (ADJP (JJ=H ))) (. ))),1,89937,"0,0835615077"
(ROOT (S=H (S (VP=H (TO=H ) (VP (VB=H )))) (VP=H (VBP=H ) (ADJP (JJ=H ))) (. ))),1,89938,"0,0835624368"
(ROOT (S=H (NP (NNP=H )) (VP=H (VB=H ) (NP (PRP=H )) (SBAR (S=H (NP (NN ) (NNS=H )) (VP=H (VBP=H ) (ADJP (JJ=H )))))) (. ))),1,89939,"0,0835633659"
(ROOT (S=H (NP (NP=H (DT ) (NN=H )) (PP (IN=H ) (NP (DT ) (NNP ) (NNPS=H )))) (VP=H (VBP=H ) (ADJP (JJ=H ))) (. ))),1,89940,"0,083564295"
(ROOT (S=H (NP (DT ) (NAC (NNP=H ) (PP (IN=H ) (NP (DT ) (NNP ) (NN=H )))) (NN=H )) (VP=H (VBP=H ) (ADJP (JJ=H ))) (. ))),1,89941,"0,0835652241"
(ROOT (S=H (S (VP=H (VBG=H ) (VP (VB=H )))) (VP=H (VBP=H ) (ADJP (JJ=H ))) (. ))),1,89942,"0,0835661532"
(ROOT (S=H (NP (NP (NNP ) (POS=H )) (JJ ) (NNS ) (NN=H )) (VP=H (VBP=H ) (ADJP (JJ=H ))) (. ))),1,89943,"0,0835670823"
(ROOT (S=H (VP=H (VB=H ) (SBAR (WHNP=H (WP=H )) (PP (IN=H ) (NP (NNP ) (NNP=H )) (. )) (S (VP=H (VBP=H ) (ADJP (JJ=H )))))) (. ))),1,89944,"0,0835680114"
(ROOT (S=H (NP (NP (NNP ) (NNPS ) (NNP ) (POS=H )) (JJ ) (NN ) (NNS=H )) (VP=H (VBP=H ) (ADJP (JJ=H ))) (. ))),1,89945,"0,0835689405"
(ROOT (S=H (NP (NP=H (NNP ) (NNP ) (NNPS ) (NNP=H )) (PP (IN=H ) (NP (DT ) (NN ) (NNS=H )))) (VP=H (VBP=H ) (ADJP (JJ=H ))) (. ))),1,89946,"0,0835698697"
(ROOT (S=H (NP (NP=H (NNP=H )) (CC ) (NP (DT ) (NNP ) (NN ) (NN ) (NNS=H ))) (VP=H (VBP=H ) (ADJP (JJ=H ))) (. ))),1,89947,"0,0835707988"
(ROOT (S=H (NP (NP=H (DT ) (NN=H )) (PP (IN=H ) (NP (NP=H (NNP ) (NNP=H )) (PP (IN=H ) (NP (NP=H (NNP ) (NNP=H )) (PP (IN=H ) (NP (DT ) (NNP ) (NNPS=H )))))))) (VP=H (VBP=H ) (ADJP (JJ=H ))) (. ))),1,89948,"0,0835717279"
(ROOT (S=H (S=H (NP (NNP ) (NNP=H )) (VP=H (VBZ=H ) (NP (NNS=H )))) (: ) (S (NP (DT=H )) (VP=H (VBP=H ) (ADJP (JJ=H )))) (. ))),1,89949,"0,083572657"
(ROOT (S=H (NP (NP=H (NNP=H )) (PP (IN=H ) (NP (NP=H (NNP ) (NNS=H )) (VP (VBG=H ) (NP (NN ) (NN=H )))))) (VP=H (VBP=H ) (ADJP (JJ=H ))) (. ))),1,89950,"0,0835735861"
(ROOT (FRAG=H (NP (NP=H (NNS=H )) (PP (IN=H ) (NP (JJ ) (NN=H )))) (: ) (S=H (NP (NNP ) (NNPS=H )) (VP=H (VBP=H ) (ADJP (JJ=H )))) (. ))),1,89951,"0,0835745152"
(ROOT (S=H (NP (NP=H (NNP ) (NNP=H )) (CC ) (NP (JJ ) (NNS ) (NNS=H ))) (VP=H (VBP=H ) (ADJP (JJ=H ))) (. ))),1,89952,"0,0835754443"
(ROOT (S=H (NP (NNP ) (NNP ) (NNP=H ) (-RRB- )) (VP=H (VBD=H ) (SBAR (S=H (NP (NNS=H )) (VP=H (VBP=H ) (ADJP (JJ=H )))))) (. ))),1,89953,"0,0835763734"
(ROOT (S=H (NP (NNP ) (NNP=H )) (VP=H (VBZ=H ) (PP (IN=H ) (NP (NP=H (NNP ) (NN ) (NN=H )) (PP (IN=H ) (NP (JJ ) (JJR ) (NNS=H ))) (SBAR (WHNP=H (WP=H )) (S (VP=H (VBD=H ) (NP (NNP=H )) (SBAR (IN=H ) (S (NP (NNP ) (NNP=H )) (VP=H (VBP=H ) (ADJP (JJ=H ))))))))))) (. ))),1,89954,"0,0835773025"
(ROOT (S=H (S (VP=H (VBN=H ) (S (NP (NNP=H )) (VP=H (VB=H ) (PP (IN=H ) (NP (NNP=H ))) (. ))))) (. ) (NP (NNP=H )) (VP=H (VBP=H ) (ADJP (JJ=H ))) (. ))),1,89955,"0,0835782317"
"(ROOT (S=H (S (NP (NNP ) (NNP=H )) (VP=H (VBZ=H ) (PP (IN=H ) (NP (NP (PRP ) (POS=H )) (NN=H ))))) (, ) (NP (NNP=H )) (VP=H (VBP=H ) (ADJP (JJ=H ))) (. )))",1,89956,"0,0835791608"
(ROOT (S=H (NP (NP=H (NNP ) (NNP=H )) (SBAR (S=H (NP (NP=H (NNS=H )) (PP (IN=H ) (NP (PRP$ ) (NNS=H )))) (VP=H (MD=H ) (VP (VB=H )))))) (VP=H (VBP=H ) (ADJP (JJ=H ))) (. ))),1,89957,"0,0835800899"
"(ROOT (S=H (S (NP (NNP ) (NNP=H )) (VP=H (VBZ=H ) (PP (IN=H ) (FRAG (INTJ (UH=H )) (, ) (NP=H (NNP=H )) (. ))))) (NP (PRP=H )) (VP=H (VBP=H ) (SBAR (PP (IN=H ) (NP (JJ ) (NNS=H )) (. )) (S=H (VP=H (VBP=H ) (ADJP (JJ=H )))))) (. )))",1,89958,"0,083581019"
(ROOT (S=H (NP (NP=H (NNP ) (NNP=H )) (SBAR (S=H (NP (NP=H (NNS=H )) (PP (IN=H ) (NP (PRP=H )))) (VP=H (VBD=H ) (NP (NP=H (NNS=H )) (PP (IN=H ) (NP (NN=H )))) (PP (IN=H ) (NP (DT ) (JJ ) (NN=H ))))))) (VP=H (VBP=H ) (ADJP (JJ=H ))) (. ))),1,89959,"0,0835819481"
(ROOT (S=H (NP (NNP=H ) (CD )) (PRN (-LRB- ) (NP=H (NN=H )) (-RRB- )) (NP (NN ) (NNS=H )) (VP=H (VBP=H ) (ADJP (JJ=H ))) (. ))),1,89960,"0,0835828772"
(ROOT (S=H (NP (NP=H (NNP ) (NNP=H )) (PRN (-LRB- ) (NN=H ) (-RRB- ))) (VP=H (VBD=H ) (SBAR (S=H (NP (NNS=H )) (VP=H (VBP=H ) (ADJP (JJ=H )))))) (. ))),1,89961,"0,0835838063"
(ROOT (S=H (NP (NP=H (NNP ) (NNP=H ) (CC ) (NNP )) (PP (IN=H ) (NP (DT ) (NNPS=H )))) (VP=H (VBP=H ) (ADJP (JJ=H ))) (. ))),1,89962,"0,0835847354"
(ROOT (S=H (NP (NNP ) (NNPS ) (CC ) (NN ) (NN ) (NNS ) (NNS=H )) (VP=H (VBP=H ) (ADJP (JJ=H ))) (. ))),1,89963,"0,0835856646"
(ROOT (S=H (NP (NP=H (NNP=H )) (VP (`` ) (VBN=H ) (`` ) (PP (IN=H ) (NP (JJ ) (NNS=H ))))) (VP=H (VBP=H ) (ADJP (JJ=H ))) (. ))),1,89964,"0,0835865937"
"(ROOT (S=H (NP (NP=H (NNP=H )) (NP (NNPS ) (, ) (NNPS=H ) (CC ) (NNPS ))) (VP=H (VBP=H ) (ADJP (JJ=H ))) (. )))",1,89965,"0,0835875228"
(ROOT (S=H (NP (JJ ) (NNP ) (NNP ) (NNPS ) (CC ) (NNP ) (NNP=H )) (VP=H (VBP=H ) (ADJP (JJ=H ))) (. ))),1,89966,"0,0835884519"
(ROOT (S=H (NP (NP=H (CD=H )) (PP (IN=H ) (NP (DT ) (NNP ) (NNP ) (NNS=H )))) (VP=H (VBP=H ) (ADJP (JJ=H ))) (. ))),1,89967,"0,083589381"
(ROOT (S=H (NP (DT ) (PRN (-LRB- ) (NP=H (NNP=H )) (-RRB- )) (NN=H )) (VP=H (VBD=H ) (SBAR (S=H (NP (NNS=H )) (VP=H (VBP=H ) (ADJP (JJ=H )))))) (. ))),1,89968,"0,0835903101"
"(ROOT (S=H (NP (NP=H (DT ) (NNP=H )) (, ) (NP (NP=H (DT ) (NNP ) (NNP=H )) (PP (IN=H ) (NP (NNP ) (NNP ) (NNS=H ))))) (VP=H (VBP=H ) (ADJP (JJ=H ))) (. )))",1,89969,"0,0835912392"
(ROOT (S=H (NP (NP=H (DT ) (NN=H )) (CC ) (NP (DT ) (NNPS=H ))) (VP=H (VBP=H ) (ADJP (JJ=H ))) (. ))),1,89970,"0,0835921683"
(ROOT (S=H (NP (NP=H (DT ) (NN=H )) (CC ) (NP (DT ) (NNP ) (JJ ) (NNS=H ))) (VP=H (VBP=H ) (ADJP (JJ=H ))) (. ))),1,89971,"0,0835930974"
(ROOT (S=H (NP (DT ) (NN=H )) (VP=H (VBZ=H ) (VP (VBG=H ) (SBAR (S=H (NP (NNS=H )) (VP=H (VBP=H ) (ADJP (JJ=H ))))))) (. ))),1,89972,"0,0835940266"
"(ROOT (S=H (NP (NP=H (DT ) (NNP=H )) (, ) (NP (DT ) (NNP=H )) (CC ) (NP (DT ) (NN ) (NNS=H ))) (VP=H (VBP=H ) (ADJP (JJ=H ))) (. )))",1,89973,"0,0835949557"
(ROOT (S=H (NP (DT ) (NNP ) (NNP ) (CC ) (NNP ) (NNP=H )) (VP=H (VBP=H ) (ADJP (JJ=H ))) (. ))),1,89974,"0,0835958848"
(ROOT (S=H (NP (NP=H (DT ) (NN=H )) (PP (IN=H ) (NP (NP=H (NNP ) (NNS=H )) (PP (IN=H ) (NP (NN=H )))))) (VP=H (VBP=H ) (ADJP (JJ=H ))) (. ))),1,89975,"0,0835968139"
(ROOT (S=H (NP (DT ) (NNP ) (. ) (NNPS ) (NNP=H )) (VP=H (VBP=H ) (ADJP (JJ=H ))) (. ))),1,89976,"0,083597743"
(ROOT (S=H (NP (NP (DT ) (NN ) (CD ) (NNS ) (POS=H )) (NNP ) (NNP=H )) (VP=H (VBP=H ) (ADJP (JJ=H ))) (. ))),1,89977,"0,0835986721"
(ROOT (S=H (NP (DT ) (NNP ) (NNP ) (NNP=H )) (PP (IN=H ) (NP (PRP=H ))) (NP (NNS=H )) (VP=H (VBP=H ) (ADJP (JJ=H ))) (. ))),1,89978,"0,0835996012"
(ROOT (S=H (NP (NP=H (DT ) (NN=H )) (PP (TO=H ) (NP (NNP=H )))) (PP (IN=H ) (NP (DT ) (NNP ) (NNP ) (NNS=H ))) (VP=H (VBP=H ) (ADJP (JJ=H ))) (. ))),1,89979,"0,0836005303"
"(ROOT (S=H (S (NP=H (NP (DT ) (NN ) (POS=H )) (NNP=H ))) (, ) (NP (NNP=H )) (VP=H (VBP=H ) (ADJP (JJ=H ))) (. )))",1,89980,"0,0836014594"
(ROOT (S=H (NP (NP=H (DT ) (NNP ) (NN=H )) (PP (IN=H ) (NP (NNP ) (NNS=H )))) (VP=H (VBP=H ) (ADJP (JJ=H ))) (. ))),1,89981,"0,0836023886"
(ROOT (S=H (NP (DT ) (NNP=H )) (VP=H (VBD=H ) (SBAR (S=H (NP (JJ ) (NNS=H )) (VP=H (VBP=H ) (ADJP (JJ=H )))))) (. ))),1,89982,"0,0836033177"
(ROOT (S=H (NP (NP=H (DT ) (NNP ) (NNP=H )) (PP (IN=H ) (NP (NNPS=H ) (CC ) (NNPS )))) (VP=H (VBP=H ) (ADJP (JJ=H ))) (. ))),1,89983,"0,0836042468"
(ROOT (S=H (NP (NP=H (DT ) (NN=H )) (PP (IN=H ) (NP (JJ ) (NN ) (NNS=H )))) (VP=H (VBP=H ) (ADJP (JJ=H ))) (. ))),1,89984,"0,0836051759"
(ROOT (S=H (NP (NP=H (DT ) (NN=H )) (PP (IN=H ) (NP (PRP$ ) (NNS ) (NNS=H )))) (VP=H (VBP=H ) (ADJP (JJ=H ))) (. ))),1,89985,"0,083606105"
(ROOT (S=H (NP-TMP (DT ) (NN=H )) (NP (NNS ) (NNS=H )) (VP=H (VBP=H ) (ADJP (JJ=H ))) (. ))),1,89986,"0,0836070341"
(ROOT (S=H (NP (NNP=H )) (SBAR=H (WHNP=H (WP=H )) (S (NP (NNS=H )) (VP=H (VBP=H ) (ADJP (JJ=H ))))) (. ))),1,89987,"0,0836079632"
(ROOT (S=H (NP (DT=H )) (VP=H (VBZ=H ) (SBAR (S=H (NP (NNP ) (NNS=H )) (VP=H (VBP=H ) (ADJP (JJ=H )))))) (. ))),1,89988,"0,0836088923"
(ROOT (S=H (NP (DT=H )) (VP=H (VP=H (VBZ=H ) (NP (PRP=H )) (PP (IN=H ) (NP (DT ) (NN=H )))) (CC ) (VP (VBZ=H ) (RB ) (ADJP (VBN=H ) (SBAR (S=H (VP=H (VBP=H ) (ADJP (JJ=H )))))))) (. ))),1,89989,"0,0836098215"
(ROOT (S=H (NP (NNP ) (NN ) (CC ) (NNP ) (NNS=H )) (VP=H (VBP=H ) (ADJP (JJ=H ))) (. ))),1,89990,"0,0836107506"
(ROOT (S=H (NP (NNP=H )) (VP=H (VBD=H ) (SBAR (S=H (NP (DT ) (NNPS ) (NNS=H )) (VP=H (VBP=H ) (ADJP (JJ=H )))))) (. ))),1,89991,"0,0836116797"
(ROOT (S=H (NP (NP=H (NNP=H )) (CC ) (NP (NP=H (NN ) (NN=H )) (PP (IN=H ) (NP (DT ) (JJ ) (NNP ) (NNS=H ))))) (VP=H (VBP=H ) (ADJP (JJ=H ))) (. ))),1,89992,"0,0836126088"
(ROOT (S=H (NP (NP=H (JJ ) (NN=H )) (PP (IN=H ) (NP (NP=H (NP (NNP ) (POS=H )) (NNS=H )) (PP (IN=H ) (NP (NNP=H )))))) (VP=H (VBP=H ) (ADJP (JJ=H ))) (. ))),1,89993,"0,0836135379"
"(ROOT (S=H (ADVP (RB=H )) (, ) (NP (JJ ) (NN ) (CC ) (NN ) (NNS=H )) (VP=H (VBP=H ) (ADJP (JJ=H ))) (. )))",1,89994,"0,083614467"
(ROOT (S=H (NP (NP=H (NNP=H )) (PP (IN=H ) (NP (JJ ) (NNP ) (NNPS ) (CC ) (NNP ) (NNP=H )))) (VP=H (VBP=H ) (ADJP (JJ=H ))) (. ))),1,89995,"0,0836153961"
(ROOT (S=H (NP (NP=H (NNP ) (NNP ) (NNP=H )) (PP (IN=H ) (NP (NP=H (NNS=H )) (PRN (-LRB- ) (NP=H (NNP=H )) (-RRB- ))))) (VP=H (VBP=H ) (ADJP (JJ=H ))) (. ))),1,89996,"0,0836163252"
(ROOT (S=H (NP (NNPS ) (CC ) (NNPS ) (NNS=H )) (VP=H (VBP=H ) (SBAR (S=H (NP (NN=H )) (VP=H (VBP=H ) (ADJP (JJ=H )))))) (. ))),1,89997,"0,0836172543"
(ROOT (S=H (ADVP (RB=H )) (NP (PRP=H )) (VP=H (VBP=H ) (SBAR (S=H (NP (NNS=H )) (VP=H (VBP=H ) (ADJP (JJ=H )))))) (. ))),1,89998,"0,0836181835"
(ROOT (S=H (NP (NP=H (NNP ) (NNP ) (NNP ) (NNS ) (NNS=H )) (VP (VBG=H ) (NP (NN ) (NN=H )))) (VP=H (VBP=H ) (ADJP (JJ=H ))) (. ))),1,89999,"0,0836191126"
(ROOT (S=H (NP (NP=H (NNP ) (NNP=H )) (CC ) (NP (VBG ) (NNS=H ))) (VP=H (VBP=H ) (ADJP (JJ=H ))) (. ))),1,90000,"0,0836200417"
"(ROOT (S=H (NP (NNP ) (NNP ) (, ) (NNS ) (CC ) (NNS ) (NNS=H )) (VP=H (VBP=H ) (ADJP (JJ=H ))) (. )))",1,90001,"0,0836209708"
(ROOT (S=H (NP (NP=H (NP=H (NNP=H )) (PRN (-LRB- ) (NP=H (NNP=H )) (-RRB- ))) (PP (IN=H ) (NP (PRN (-LRB- ) (NP=H (NNP=H )) (-RRB- )) (NNS=H )))) (VP=H (VBP=H ) (ADJP (JJ=H ))) (. ))),1,90002,"0,0836218999"
(ROOT (S=H (NP (JJ ) (NN ) (CC ) (JJ ) (NN ) (NNS=H )) (VP=H (VBP=H ) (ADJP (JJ=H ))) (. ))),1,90003,"0,083622829"
(ROOT (S=H (NP (NP=H (NNP ) (NNP=H )) (PP (IN=H ) (NP (NP=H (NNPS=H ) (CC ) (NNPS )) (PP (IN=H ) (NP (NNP=H )))))) (VP=H (VBP=H ) (ADJP (JJ=H ))) (. ))),1,90004,"0,0836237581"
(ROOT (S=H (NP (NP=H (NNP ) (NNP ) (NNP=H )) (PP (IN=H ) (NP (JJ ) (NNP ) (NN ) (NNS=H )))) (VP=H (VBP=H ) (ADJP (JJ=H ))) (. ))),1,90005,"0,0836246872"
(ROOT (S=H (NP (NP=H (NNP ) (NNP ) (NN=H )) (PP (IN=H ) (NP (DT ) (NN ) (NNS=H )))) (VP=H (VBP=H ) (ADJP (JJ=H ))) (. ))),1,90006,"0,0836256163"
(ROOT (S=H (NP (NNP ) (NNPS ) (NNP ) (NNP ) (NNS=H )) (VP=H (VBD=H ) (SBAR (S=H (NP (JJ ) (NNS=H )) (VP=H (VBP=H ) (ADJP (JJ=H )))))) (. ))),1,90007,"0,0836265455"
(ROOT (S=H (NP (NP=H (NNP ) (NNPS ) (NNP ) (NNP ) (JJ ) (NN=H )) (CC ) (NP (NN=H ))) (VP=H (VBP=H ) (ADJP (JJ=H ))) (. ))),1,90008,"0,0836274746"
(ROOT (S=H (NP (NNP ) (NNPS ) (NNP=H )) (VP=H (VBP=H ) (SBAR (S=H (NP (NN=H )) (VP=H (VBP=H ) (ADJP (JJ=H )))))) (. ))),1,90009,"0,0836284037"
(ROOT (S=H (NP (NP=H (NNP ) (NNPS ) (NNP ) (NNP=H )) (PP (IN=H ) (NP (NP=H (NNP=H )) (PP (IN=H ) (NP (NNP ) (NNPS=H )))))) (VP=H (VBP=H ) (ADJP (JJ=H ))) (. ))),1,90010,"0,0836293328"
(ROOT (S=H (NP (NP=H (NNP ) (NNPS ) (NNP ) (NNP ) (NNP=H )) (PP (IN=H ) (NP (NN=H )))) (VP=H (VBP=H ) (ADJP (JJ=H ))) (. ))),1,90011,"0,0836302619"
(ROOT (S=H (NP (NNP ) (NNPS ) (NN ) (NNP ) (NNP=H )) (ADVP (RB=H )) (VP=H (VBP=H ) (ADJP (JJ=H ))) (. ))),1,90012,"0,083631191"
(ROOT (S=H (NP (NP=H (NNP ) (NNPS ) (NNP ) (NNP=H )) (NP (JJ ) (NN ) (NN ) (NN ) (NNS=H ))) (VP=H (VBP=H ) (ADJP (JJ=H ))) (. ))),1,90013,"0,0836321201"
(ROOT (S=H (NP (NP=H (NNP ) (NNPS ) (NNP=H )) (NP (JJ ) (JJ ) (NNS=H ))) (VP=H (VBP=H ) (ADJP (JJ=H ))) (. ))),1,90014,"0,0836330492"
(ROOT (S=H (NP (NP=H (NNP ) (NNPS ) (NNP ) (NNP=H )) (PP (IN=H ) (NP (JJ ) (NNS=H )))) (VP=H (VBP=H ) (ADJP (JJ=H ))) (. ))),1,90015,"0,0836339784"
(ROOT (S=H (NP (NP=H (NNP ) (NNPS ) (NNPS=H )) (PP (IN=H ) (NP (NN ) (NN ) (NNS=H )))) (VP=H (VBP=H ) (ADJP (JJ=H ))) (. ))),1,90016,"0,0836349075"
(ROOT (S=H (NP (NP=H (NP=H (NNP ) (NNPS ) (NNPS=H )) (PP (IN=H ) (NP (NNP=H )))) (PRN (-LRB- ) (NNP ) (NN=H ) (-RRB- ))) (VP=H (VBP=H ) (ADJP (JJ=H ))) (. ))),1,90017,"0,0836358366"
(ROOT (S=H (NP (NP=H (NNP ) (NNPS ) (NNP ) (NNP=H )) (PP (IN=H ) (NP (NP=H (NNP=H )) (PP (IN=H ) (NP (NNP=H )))))) (VP=H (VBP=H ) (ADJP (JJ=H ))) (. ))),1,90018,"0,0836367657"
(ROOT (S=H (NP (NP=H (NNP ) (NNPS ) (NNP ) (NNP ) (NN ) (NNS=H )) (PP (IN=H ) (NP (NNS=H )))) (VP=H (VBP=H ) (ADJP (JJ=H ))) (. ))),1,90019,"0,0836376948"
(ROOT (S=H (NP (NP=H (NNP ) (NNPS ) (NN=H )) (NP (JJ ) (NNS=H ))) (VP=H (VBP=H ) (ADJP (JJ=H ))) (. ))),1,90020,"0,0836386239"
(ROOT (S=H (NP (NP=H (NNP ) (NNPS ) (NN=H )) (CC ) (NP (NN ) (NNS=H ))) (VP=H (VBP=H ) (ADJP (JJ=H ))) (. ))),1,90021,"0,083639553"
(ROOT (S=H (NP (NP=H (NNP ) (NNP ) (NNS ) (NN=H )) (NP (NN ) (NN=H ))) (VP=H (VBP=H ) (ADJP (JJ=H ))) (. ))),1,90022,"0,0836404821"
"(ROOT (S=H (NP (NP=H (NNP ) (NNPS ) (JJ ) (NNS=H )) (, ) (NP (NNS=H )) (, ) (CC ) (NP (NNS=H ))) (VP=H (VBP=H ) (ADJP (JJ=H ))) (. )))",1,90023,"0,0836414112"
(ROOT (S=H (NP (NP=H (NNP ) (NNPS ) (JJ ) (NNS=H )) (PP (IN=H ) (NP (DT ) (NNP ) (NNP=H )))) (VP=H (VBP=H ) (ADJP (JJ=H ))) (. ))),1,90024,"0,0836423404"
(ROOT (S=H (NP (NP=H (NNP ) (NNPS ) (NN=H )) (PP (IN=H ) (NP (DT ) (NNPS=H )))) (VP=H (VBP=H ) (ADJP (JJ=H ))) (. ))),1,90025,"0,0836432695"
(ROOT (S=H (NP (NP=H (NNP ) (NNPS ) (JJ ) (NNS=H )) (PP (IN=H ) (NP (DT ) (NNP ) (NNP ) (NN=H )))) (VP=H (VBP=H ) (ADJP (JJ=H ))) (. ))),1,90026,"0,0836441986"
"(ROOT (S=H (NP (NNP ) (NNPS ) (JJ ) (NN=H )) (, ) (NP (NNP=H )) (VP=H (VBP=H ) (ADJP (JJ=H ))) (. )))",1,90027,"0,0836451277"
(ROOT (S=H (NP (NP=H (NNP ) (NNPS ) (NN=H )) (PP (IN=H ) (NP (NNS ) (NN ) (NN=H )))) (VP=H (VBP=H ) (ADJP (JJ=H ))) (. ))),1,90028,"0,0836460568"
(ROOT (S=H (NP (NP=H (NNP ) (NNPS ) (NN=H )) (CC ) (NP (JJ ) (NN ) (NNS=H ))) (VP=H (VBP=H ) (ADJP (JJ=H ))) (. ))),1,90029,"0,0836469859"
(ROOT (S=H (NP (NNP ) (NNPS ) (JJ ) (NN=H )) (VP=H (VBD=H ) (SBAR (S=H (NP (JJ ) (NNS=H )) (VP=H (VBP=H ) (ADJP (JJ=H )))))) (. ))),1,90030,"0,083647915"
(ROOT (S=H (NP (NNS ) (CC ) (NNS ) (NNS=H )) (VP=H (VBP=H ) (SBAR (S=H (NP (NNS=H )) (VP=H (VBP=H ) (ADJP (JJ=H )))))) (. ))),1,90031,"0,0836488441"
(ROOT (S=H (NP (NP=H (NNP=H )) (PP (IN=H ) (NP (NP=H (NNS=H )) (PP (IN=H ) (NP (NNP ) (NN=H )))))) (VP=H (VBP=H ) (ADJP (JJ=H ))) (. ))),1,90032,"0,0836497733"
(ROOT (S=H (NP (NP=H (NNP=H )) (PP (IN=H ) (NP (NP=H (NNP ) (NNP=H )) (PP (IN=H ) (NP (NNP ) (NNP ) (CC ) (NNP ) (NNPS=H )))))) (VP=H (VBP=H ) (ADJP (JJ=H ))) (. ))),1,90033,"0,0836507024"
(ROOT (S=H (NP (NAC (NNP=H ) (PP (IN=H ) (NP (NNP ) (NNP ) (NNP ) (NNP=H )))) (NNP ) (NNP=H )) (VP=H (VBP=H ) (ADJP (JJ=H ))) (. ))),1,90034,"0,0836516315"
"(ROOT (S=H (NP (NP=H (NNP=H )) (PP (IN=H ) (NP (NP=H (JJ ) (NNS=H )) (, ) (NP (NNS=H )) (, ) (CC ) (NP (NNS=H ))))) (VP=H (VBP=H ) (ADJP (JJ=H ))) (. )))",1,90035,"0,0836525606"
(ROOT (S=H (NP (NP=H (NNP=H )) (PP (IN=H ) (NP (ADJP (NNP=H ) (NNP )) (NNS=H )))) (VP=H (VBP=H ) (ADJP (JJ=H ))) (. ))),1,90036,"0,0836534897"
(ROOT (S=H (NP (NP=H (NNP=H )) (PP (IN=H ) (NP (NP=H (NNP ) (NNP=H )) (PP (IN=H ) (NP (JJ ) (NNS=H )))))) (VP=H (VBP=H ) (ADJP (JJ=H ))) (. ))),1,90037,"0,0836544188"
(ROOT (FRAG=H (NP (NN=H )) (: ) (S=H (NP (DT ) (NNP=H )) (VP=H (VBP=H ) (ADJP (JJ=H )))) (. ))),1,90038,"0,0836553479"
(ROOT (S=H (NP (JJ ) (ADJP (JJ=H ) (PP (IN=H ) (NP (DT ) (JJ ) (NN=H )))) (NNS=H )) (VP=H (VBP=H ) (ADJP (JJ=H ))) (. ))),1,90039,"0,083656277"
(ROOT (S=H (NP (NP=H (NNP=H )) (PP (IN=H ) (NP (NP=H (NNS=H )) (PP (IN=H ) (NP (NP=H (NNS=H ) (CC ) (NNS )) (PP (IN=H ) (NP (NNP=H )))))))) (VP=H (VBP=H ) (ADJP (JJ=H ))) (. ))),1,90040,"0,0836572061"
"(ROOT (S=H (S (NP (NNP=H )) (VP=H (VBD=H ) (NP (NNS=H )) (PP (IN=H ) (NP (NNPS ) (NNP=H ))))) (, ) (NP (NNP=H )) (VP=H (VBP=H ) (ADJP (JJ=H ))) (. )))",1,90041,"0,0836581353"
(ROOT (S=H (NP (JJ ) (ADJP (JJ=H ) (PP (IN=H ) (NP (NNP ) (NNPS=H )))) (NNS=H )) (VP=H (VBP=H ) (ADJP (JJ=H ))) (. ))),1,90042,"0,0836590644"
(ROOT (S=H (NP (NP=H (DT ) (NNP ) (NNP ) (NN=H )) (PP (IN=H ) (NP (NNP ) (CC ) (NNP ) (NNP ) (NNS=H )))) (VP=H (VBP=H ) (ADJP (JJ=H ))) (. ))),1,90043,"0,0836599935"
(ROOT (S=H (NP (NNP ) (NNP ) (NNP=H )) (VP=H (VBZ=H ) (SBAR (S=H (NP (NP=H (NN ) (NNS=H )) (PP (IN=H ) (NP (DT ) (NNP ) (NNPS=H )))) (VP=H (VBP=H ) (ADJP (JJ=H )))))) (. ))),1,90044,"0,0836609226"
(ROOT (S=H (NP (NP=H (NNP=H )) (PP (IN=H ) (NP (NP=H (CD ) (NNS=H )) (PP (IN=H ) (NP (DT ) (NNP ) (NNPS=H )))))) (VP=H (VBP=H ) (ADJP (JJ=H ))) (. ))),1,90045,"0,0836618517"
(ROOT (S=H (NP (NP=H (NNP=H )) (PP (IN=H ) (NP (DT ) (NNP ) (NNP=H )))) (VP=H (VBZ=H ) (SBAR (S=H (NP (NNS=H )) (VP=H (VBP=H ) (ADJP (JJ=H )))))) (. ))),1,90046,"0,0836627808"
(ROOT (S=H (NP (NP=H (NNP ) (NNP=H )) (PP (IN=H ) (NP (NP=H (DT ) (NNP ) (NNS=H )) (PP (IN=H ) (NP (DT ) (NNP ) (NNPS=H )))))) (VP=H (VBP=H ) (ADJP (JJ=H ))) (. ))),1,90047,"0,0836637099"
(ROOT (S=H (NP (NP=H (JJ ) (NN ) (NN=H )) (PRN (-LRB- ) (NP=H (JJ ) (NNS=H )) (-RRB- ))) (VP=H (VBP=H ) (ADJP (JJ=H ))) (. ))),1,90048,"0,083664639"
(ROOT (S=H (NP (NP=H (JJ ) (NN ) (NN=H )) (PRN (-LRB- ) (NP=H (NP=H (NNP=H )) (PP (IN=H ) (NP (NNS=H )))) (-RRB- ))) (VP=H (VBP=H ) (ADJP (JJ=H ))) (. ))),1,90049,"0,0836655681"
(ROOT (S=H (NP (NN=H )) (ADVP (RB=H )) (VP=H (VBD=H ) (SBAR (S=H (NP (NNS=H )) (VP=H (VBP=H ) (ADJP (JJ=H )))))) (. ))),1,90050,"0,0836664973"
(ROOT (S=H (NP (NP=H (CD=H )) (NP (NNP ) (. ) (NNS=H ))) (VP=H (VBP=H ) (ADJP (JJ=H ))) (. ))),1,90051,"0,0836674264"
(ROOT (S=H (NP (NP=H (NNP=H )) (PP (IN=H ) (NP (NP=H (JJ ) (NN=H )) (VP (VBN=H ) (PP (IN=H ) (NP (DT ) (NNP ) (NNPS=H ))))))) (VP=H (VBP=H ) (ADJP (JJ=H ))) (. ))),1,90052,"0,0836683555"
(ROOT (S=H (NP (NP=H (NN=H )) (PP (IN=H ) (NP (CD ) (NNS=H )))) (VP=H (VBP=H ) (ADJP (JJ=H ))) (. ))),1,90053,"0,0836692846"
(ROOT (S=H (NP (NP (NNPS ) (POS=H )) (NN=H )) (VP=H (VBP=H ) (ADJP (JJ=H ))) (. ))),1,90054,"0,0836702137"
(ROOT (S=H (NP (NP=H (NP (NNP ) (NNP ) (POS=H )) (NNP=H )) (PP (TO=H ) (NP (DT ) (NNP ) (NNS=H )))) (VP=H (VBP=H ) (ADJP (JJ=H ))) (. ))),1,90055,"0,0836711428"
(ROOT (S=H (NP (NNP=H )) (VP=H (VBD=H ) (SBAR (S=H (NP (NP=H (NNS=H )) (PP (IN=H ) (NP (NP=H (DT ) (NNP ) (NNP=H )) (PP (IN=H ) (NP (NNP=H )))))) (VP=H (VBP=H ) (ADJP (JJ=H )))))) (. ))),1,90056,"0,0836720719"
(ROOT (S=H (NP (NP=H (NNP=H )) (VP (VBG=H ) (NP (NN ) (NNS=H ) (CC ) (NNS )))) (VP=H (VBP=H ) (ADJP (JJ=H ))) (. ))),1,90057,"0,083673001"
(ROOT (S=H (NP (NP=H (NNP ) (NNP ) (NNP=H )) (NP (NP=H (NP (NNS ) (POS=H )) (NN=H )) (CC ) (NP (NN=H )))) (VP=H (VBP=H ) (ADJP (JJ=H ))) (. ))),1,90058,"0,0836739302"
(ROOT (S=H (NP (NP (NNP ) (NNP ) (NNS=H )) (PRN (-LRB- ) (NP=H (NNP ) (NNP=H )) (-RRB- )) (NNS=H )) (VP=H (VBP=H ) (ADJP (JJ=H ))) (. ))),1,90059,"0,0836748593"
(ROOT (S=H (NP (NP=H (NNP=H )) (PP (IN=H ) (NP (NP=H (CD ) (NNS=H )) (PP (IN=H ) (NP (NN=H )))))) (VP=H (VBP=H ) (ADJP (JJ=H ))) (. ))),1,90060,"0,0836757884"
(ROOT (S=H (NP (NP=H (CD=H )) (PP (TO=H ) (NP (DT ) (NNP ) (NNS=H )))) (VP=H (VBP=H ) (ADJP (JJ=H ))) (. ))),1,90061,"0,0836767175"
"(ROOT (S=H (S (NP=H (NP=H (NNS=H )) (PP (IN=H ) (NP (NNP ) (JJ ) (NN=H ))))) (, ) (NP (NNP=H )) (VP=H (VBP=H ) (ADJP (JJ=H ))) (. )))",1,90062,"0,0836776466"
(ROOT (NP=H (NP=H (NP=H (NNS=H )) (PP (IN=H ) (NP (JJ ) (NN=H )))) (: ) (NP (NP=H (NNP ) (NNPS ) (NNP=H )) (SBAR (S=H (NP (NNP ) (NNP=H )) (VP=H (VBP=H ) (ADJP (JJ=H )))))) (. ))),1,90063,"0,0836785757"
(ROOT (S=H (NP (NNP=H )) (VP=H (VBD=H ) (SBAR (S=H (NP (NP=H (NNS=H )) (PP (IN=H ) (NP (NP=H (NNP ) (NNP ) (NNS=H )) (PP (IN=H ) (NP (NNP ) (NNP=H )))))) (VP=H (VBP=H ) (ADJP (JJ=H )))))) (. ))),1,90064,"0,0836795048"
(ROOT (S=H (S (VP=H (VBG=H ) (NP (NNS=H )))) (NP (NN ) (NNS=H )) (VP=H (VBP=H ) (ADJP (JJ=H ))) (. ))),1,90065,"0,0836804339"
"(ROOT (S=H (S (NP (NNP ) (NN ) (NNS=H )) (VP=H (VBN=H ) (PP (IN=H ) (NP (NNP ) (NNP=H ))))) (, ) (NP (NNP=H )) (VP=H (VBP=H ) (ADJP (JJ=H ))) (. )))",1,90066,"0,083681363"
(ROOT (S=H (NP (NP=H (NNS ) (CC ) (NN ) (NNS=H )) (VP (VBG=H ) (NP (NN=H )))) (VP=H (VBP=H ) (ADJP (JJ=H ))) (. ))),1,90067,"0,0836822922"
(ROOT (S=H (NP-TMP (JJ ) (NN=H )) (NP (JJ ) (NNS=H )) (VP=H (VBP=H ) (ADJP (JJ=H ))) (. ))),1,90068,"0,0836832213"
(ROOT (S=H (NP (NP=H (JJ ) (NN=H )) (PP (IN=H ) (NP (NNP ) (NNP ) (NNS=H )))) (VP=H (VBP=H ) (ADJP (JJ=H ))) (. ))),1,90069,"0,0836841504"
(ROOT (S=H (NP (NP=H (NNP=H )) (VP (VBG=H ) (NP (JJ ) (NNS=H )) (PP (IN=H ) (NP (NN=H ))))) (VP=H (VBP=H ) (ADJP (JJ=H ))) (. ))),1,90070,"0,0836850795"
(ROOT (S=H (NP (NNP=H )) (VP=H (VBD=H ) (SBAR (S=H (NP (NP=H (NP=H (NNS=H )) (PP (IN=H ) (NP (DT ) (NNP ) (NNPS=H )))) (PRN (-LRB- ) (NP=H (NN=H )) (-RRB- ))) (VP=H (VBP=H ) (ADJP (JJ=H )))))) (. ))),1,90071,"0,0836860086"
"(ROOT (S=H (NP-TMP (JJ ) (NNP=H )) (, ) (NP (NNP ) (NNP=H )) (VP=H (VBP=H ) (ADJP (JJ=H ))) (. )))",1,90072,"0,0836869377"
(ROOT (NP=H (NP=H (CD ) (NNS=H )) (: ) (S (NP (NP=H (DT ) (NNP ) (NN ) (NN=H )) (PP (TO=H ) (NP (NNS=H )))) (VP=H (VBP=H ) (ADJP (JJ=H )))) (. ))),1,90073,"0,0836878668"
(ROOT (S=H (NP-TMP (NNP=H ) (CD )) (NP (NNS=H )) (VP=H (VBP=H ) (ADJP (JJ=H ))) (. ))),1,90074,"0,0836887959"
(ROOT (S=H (NP (NNP ) (NNP=H )) (VP=H (VBP=H ) (SBAR (S=H (NP (JJ ) (NNS=H ) (CC ) (NNS )) (VP=H (VBP=H ) (ADJP (JJ=H )))))) (. ))),1,90075,"0,083689725"
"(ROOT (S=H (NP (NP=H (NNP ) (NNPS ) (JJ ) (NNS=H )) (PP (IN=H ) (NP (NNP ) (, ) (NNP=H )))) (VP=H (VBP=H ) (ADJP (JJ=H ))) (. )))",1,90076,"0,0836906542"
(ROOT (S=H (NP (NP=H (NNP=H )) (PP (IN=H ) (NP (ADJP (RB ) (JJ=H )) (JJ ) (JJ ) (NN ) (NNS=H )))) (VP=H (VBP=H ) (ADJP (JJ=H ))) (. ))),1,90077,"0,0836915833"
(ROOT (S=H (NP (NP (NNP ) (NNP ) (NNP ) (NNP=H )) (PRN (-LRB- ) (NP=H (JJ=H )) (-RRB- )) (NNS=H )) (VP=H (VBP=H ) (ADJP (JJ=H ))) (. ))),1,90078,"0,0836925124"
(ROOT (S=H (NP (NP=H (NN=H )) (PP (IN=H ) (NP (NP=H (NNS=H )) (VP (VBG=H ))))) (VP=H (VBP=H ) (ADJP (JJ=H ))) (. ))),1,90079,"0,0836934415"
(ROOT (S=H (NP (NP=H (NP=H (NNP=H )) (PP (IN=H ) (NP (NNPS=H )))) (PRN (-LRB- ) (NP=H (NNP ) (NNP=H )) (-RRB- ))) (VP=H (VBP=H ) (ADJP (JJ=H ))) (. ))),1,90080,"0,0836943706"
(ROOT (S=H (NP (NNP=H )) (VP=H (VBZ=H ) (NP (NP=H (NNP ) (NNP ) (NNP=H )) (SBAR (S=H (NP (JJ ) (JJ ) (NN ) (NNS=H )) (VP=H (VBP=H ) (ADJP (JJ=H ))))))) (. ))),1,90081,"0,0836952997"
(ROOT (S=H (NP (NP=H (NNP=H )) (PP (IN=H ) (NP (JJ ) (NN ) (NNS ) (NN=H )))) (VP=H (VBP=H ) (ADJP (JJ=H ))) (. ))),1,90082,"0,0836962288"
(ROOT (FRAG=H (NP (NP=H (NNS=H )) (PP (IN=H ) (NP (JJ ) (NN=H )))) (: ) (S=H (NP (JJ ) (NNP ) (NNP=H )) (VP=H (VBP=H ) (ADJP (JJ=H )))) (. ))),1,90083,"0,0836971579"
(ROOT (S=H (NP (NP=H (NNP=H )) (CC ) (NP (NP=H (NP (NNS ) (POS=H )) (NNS=H )) (PP (IN=H ) (NP (NNP=H ))))) (VP=H (VBP=H ) (ADJP (JJ=H ))) (. ))),1,90084,"0,0836980871"
(ROOT (FRAG=H (NP (NNP=H )) (: ) (S=H (NP (NP=H (DT ) (NNP=H )) (PP (IN=H ) (NP (DT ) (NNP=H )))) (VP=H (VBP=H ) (ADJP (JJ=H )))) (. ))),1,90085,"0,0836990162"
(ROOT (S=H (NP (NP=H (NNP=H )) (PP (IN=H ) (NP (NP=H (DT ) (NNP ) (NNP=H )) (PP (IN=H ) (NP (NP=H (DT ) (NN=H )) (PP (IN=H ) (NP (NNP ) (NNPS ) (NNP=H )))))))) (VP=H (VBP=H ) (ADJP (JJ=H ))) (. ))),1,90086,"0,0836999453"
"(ROOT (S=H (NP-TMP (NP=H (NNP ) (NNP ) (NNP=H )) (NP (NN=H ))) (, ) (NP (CD ) (NNP ) (NN ) (NNS=H )) (VP=H (VBP=H ) (ADJP (JJ=H ))) (. )))",1,90087,"0,0837008744"
(ROOT (S=H (NP (JJ ) (ADJP (JJ=H ) (PP (IN=H ) (NP (NNS=H )))) (NNS=H )) (VP=H (VBP=H ) (ADJP (JJ=H ))) (. ))),1,90088,"0,0837018035"
(ROOT (S=H (NP (NNP=H )) (VP=H (VBD=H ) (SBAR (S=H (NP (NP=H (NNS=H )) (PP (IN=H ) (NP (NP=H (NN=H )) (CC ) (NP (JJ ) (NNS=H ))))) (VP=H (VBP=H ) (ADJP (JJ=H )))))) (. ))),1,90089,"0,0837027326"
(ROOT (S=H (NP (NP=H (NNP ) (NN ) (CC ) (VBN ) (NNS=H )) (PP (IN=H ) (NP (DT ) (NN=H )))) (VP=H (VBP=H ) (ADJP (JJ=H ))) (. ))),1,90090,"0,0837036617"
(ROOT (S=H (ADJP (NNP=H ) (NNP ) (NNP )) (NP (JJ ) (NN ) (NN ) (NNS=H )) (VP=H (VBP=H ) (ADJP (JJ=H ))) (. ))),1,90091,"0,0837045908"
(ROOT (S=H (NP (NNP ) (NNP ) (NNP=H )) (VP=H (VBZ=H ) (SBAR (S=H (NP (NN ) (NNS=H )) (VP=H (VBP=H ) (ADJP (JJ=H )))))) (. ))),1,90092,"0,0837055199"
(ROOT (S=H (NP (DT ) (NNP=H )) (PRN (-LRB- ) (NP=H (NP=H (NNP ) (NNP=H )) (NP (NN=H ))) (-RRB- )) (NP (NN ) (NNS=H )) (VP=H (VBP=H ) (ADJP (JJ=H ))) (. ))),1,90093,"0,0837064491"
(ROOT (S=H (ADVP (RB=H )) (PP (IN=H ) (NP (NP=H (DT ) (NN=H )) (PP (IN=H ) (NP (NNP=H ))))) (NP (NN=H )) (VP=H (VBP=H ) (ADJP (JJ=H ))) (. ))),1,90094,"0,0837073782"
(ROOT (S=H (NP (NNP=H )) (PRN (-LRB- ) (NP=H (NNP=H )) (-RRB- )) (NP (JJ ) (NNP ) (NNP ) (NNS=H )) (VP=H (VBP=H ) (ADJP (JJ=H ))) (. ))),1,90095,"0,0837083073"
(ROOT (S=H (NP (NP=H (NNP=H )) (PP (IN=H ) (NP (DT ) (NNP ) (NNP ) (NNP=H )))) (PP (IN=H ) (NP (NNS=H ))) (VP=H (VBP=H ) (ADJP (JJ=H ))) (. ))),1,90096,"0,0837092364"
"(ROOT (S=H (S (VP=H (VB=H ) (NP (JJ ) (NN=H )))) (, ) (NP (CD ) (NN ) (NNS=H )) (VP=H (VBP=H ) (ADJP (JJ=H ))) (. )))",1,90097,"0,0837101655"
(ROOT (S=H (ADVP (RB=H )) (NP (NNP ) (NNS ) (NN=H )) (VP=H (VBP=H ) (ADJP (JJ=H ))) (. ))),1,90098,"0,0837110946"
"(ROOT (S=H (S (NP (NNP=H )) (VP=H (VBD=H ) (NP (NNS=H )) (PP (IN=H ) (NP (NNP ) (NNPS ) (NNP=H ))))) (, ) (NP (NNP=H )) (VP=H (VBP=H ) (ADJP (JJ=H ))) (. )))",1,90099,"0,0837120237"
(ROOT (S=H (NP (NAC (NNP=H ) (PP (IN=H ) (NP (DT ) (NNP ) (NN=H )))) (NNP=H )) (VP=H (VBP=H ) (ADJP (JJ=H ))) (. ))),1,90100,"0,0837129528"
(ROOT (S=H (NP (NNP=H )) (RB ) (NP (NNP ) (NNS=H )) (VP=H (VBP=H ) (ADJP (JJ=H ))) (. ))),1,90101,"0,0837138819"
(ROOT (S=H (NP (NP=H (NP (NNS ) (POS=H )) (NNP=H )) (PP (IN=H ) (NP (NNP ) (NNP ) (NN ) (NNS=H )))) (VP=H (VBP=H ) (ADJP (JJ=H ))) (. ))),1,90102,"0,0837148111"
(ROOT (S=H (NP (NP=H (NNP ) (NNP ) (NNP=H )) (PP (IN=H ) (NP (NNP ) (NNPS ) (NN=H ) (NP (NNS=H ))))) (VP=H (VBP=H ) (ADJP (JJ=H ))) (. ))),1,90103,"0,0837157402"
(ROOT (S=H (NP (JJ ) (JJ ) (NNS ) (NNS=H )) (ADVP (RB=H )) (VP=H (VBP=H ) (ADJP (JJ=H ))) (. ))),1,90104,"0,0837166693"
(ROOT (S=H (NP (JJ ) (DT ) (NNP ) (CC ) (NNP ) (NNP ) (NN=H )) (VP=H (VBP=H ) (ADJP (JJ=H ))) (. ))),1,90105,"0,0837175984"
(ROOT (FRAG=H (NP (NNP=H )) (: ) (S=H (NP (NP=H (DT ) (JJ ) (NNP ) (NN ) (NNS=H )) (PP (TO=H ) (NP (NNS=H )))) (VP=H (VBP=H ) (ADJP (JJ=H )))) (. ))),1,90106,"0,0837185275"
(ROOT (S=H (NP (NNP=H )) (VP=H (VBD=H ) (SBAR (S=H (NP (NN ) (NN ) (NN ) (NN ) (NNS=H )) (VP=H (VBP=H ) (ADJP (JJ=H )))))) (. ))),1,90107,"0,0837194566"
(ROOT (S=H (NP (NP=H (JJR ) (NN=H )) (PP (IN=H ) (NP (DT ) (NNP ) (NNPS=H )))) (VP=H (VBP=H ) (ADJP (JJ=H ))) (. ))),1,90108,"0,0837203857"
(ROOT (S=H (NP (PRP=H )) (VP=H (VBP=H ) (SBAR (S=H (NP (NN ) (NNS=H )) (VP=H (VBP=H ) (ADJP (JJ=H )))))) (. ))),1,90109,"0,0837213148"
(ROOT (S=H (NP (NP=H (NNP ) (NNP ) (JJ ) (NN=H )) (CC ) (NP (NNS=H ))) (VP=H (VBP=H ) (ADJP (JJ=H ))) (. ))),1,90110,"0,083722244"
(ROOT (S=H (NP (NP=H (NP (NNS ) (POS=H )) (NNP=H )) (PP (IN=H ) (NP (NNP ) (JJ ) (NN ) (NN=H )))) (VP=H (VBP=H ) (ADJP (JJ=H ))) (. ))),1,90111,"0,0837231731"
(ROOT (FRAG=H (NP (NP=H (NNS=H )) (PP (IN=H ) (NP (JJ ) (NN=H )))) (: ) (S=H (NP (DT ) (NNP ) (NNP=H )) (VP=H (VBP=H ) (ADJP (JJ=H )))) (. ))),1,90112,"0,0837241022"
"(ROOT (S=H (NP (NP=H (JJ ) (NNS ) (, ) (NNS=H ) (CC ) (NNS )) (PP (IN=H ) (NP (JJ ) (NN ) (NNS=H )))) (VP=H (VBP=H ) (ADJP (JJ=H ))) (. )))",1,90113,"0,0837250313"
(ROOT (S=H (NP (NNS ) (CC ) (NN ) (JJ ) (NN ) (NNS=H )) (VP=H (VBP=H ) (ADJP (JJ=H ))) (. ))),1,90114,"0,0837259604"
(ROOT (S=H (NP (JJ ) (`` ) (NNS ) (NN ) (NNS=H )) (VP=H (VBP=H ) (ADJP (JJ=H ))) (. ))),1,90115,"0,0837268895"
(ROOT (FRAG=H (NP (NP=H (NNP ) (NNP=H )) (CC ) (NP (NN=H ))) (: ) (S=H (NP (NNS=H )) (VP=H (VBP=H ) (ADJP (JJ=H )))) (. ))),1,90116,"0,0837278186"
(ROOT (S=H (NP (NP=H (NNP ) (NNP ) (NNP=H )) (VP (VBN=H ) (NP (NP=H (NNS=H )) (PP (IN=H ) (NP (NNP=H )))))) (VP=H (VBP=H ) (ADJP (JJ=H ))) (. ))),1,90117,"0,0837287477"
(ROOT (S=H (NP (NP=H (JJ ) (NNP=H )) (PP (IN=H ) (NP (NNP ) (NNPS ) (NNP=H )))) (VP=H (VBP=H ) (ADJP (JJ=H ))) (. ))),1,90118,"0,0837296768"
(ROOT (S=H (NP (PRP=H )) (VP=H (VBP=H ) (NP (NP=H (RB ) (DT ) (NNP ) (NNS=H )) (SBAR (S=H (VP=H (VBP=H ) (ADJP (JJ=H ))))))) (. ))),1,90119,"0,083730606"
(ROOT (S=H (NP-TMP (CD ) (NN=H )) (NP (JJ ) (NN ) (NNS=H )) (VP=H (VBP=H ) (ADJP (JJ=H ))) (. ))),1,90120,"0,0837315351"
(ROOT (FRAG=H (NP (NNP ) (NNP=H )) (: ) (S=H (PP (IN=H ) (NP (DT=H ))) (NP (NNP=H )) (VP=H (VBP=H ) (ADJP (JJ=H )))) (. ))),1,90121,"0,0837324642"
(ROOT (FRAG=H (NP (NNP ) (NNP=H )) (: ) (S=H (PP (IN=H ) (NP (DT=H ))) (NP (NNP ) (NNP=H )) (VP=H (VBP=H ) (ADJP (JJ=H )))) (. ))),1,90122,"0,0837333933"
(ROOT (S=H (NP (NP (NNP ) (NNP ) (NNP ) (NNP ) (NNP=H )) (PRN (-LRB- ) (NP=H (NP=H (CD=H )) (: ) (NP (CD=H ))) (-RRB- )) (NNS=H )) (VP=H (VBP=H ) (ADJP (JJ=H ))) (. ))),1,90123,"0,0837343224"
(ROOT (S=H (NP (CD ) (ADJP (JJ=H ) (PP (IN=H ) (NP (DT ) (NNP ) (NNPS=H )))) (NN ) (NNS=H )) (VP=H (VBP=H ) (ADJP (JJ=H ))) (. ))),1,90124,"0,0837352515"
(ROOT (S=H (NP (NP=H (NNP=H )) (VP (VBN=H ) (PP (TO=H ) (NP (NP=H (DT ) (NNS=H )) (PP (IN=H ) (NP (NNP=H )))))) (PRN (-LRB- ) (NP=H (NNP=H )) (-RRB- ))) (VP=H (VBP=H ) (ADJP (JJ=H ))) (. ))),1,90125,"0,0837361806"
(ROOT (S=H (NP (JJ ) (JJ ) (NN=H )) (VP=H (VBD=H ) (SBAR (S=H (NP (NNS=H )) (VP=H (VBP=H ) (ADJP (JJ=H )))))) (. ))),1,90126,"0,0837371097"
(ROOT (S=H (NP (NP=H (NNP=H ) (CD )) (PP (NN=H ) (NP (NNS=H ))) (PP (IN=H ) (NP (NNP=H )))) (VP=H (VBP=H ) (ADJP (JJ=H ))) (. ))),1,90127,"0,0837380388"
(ROOT (S=H (NP (NP=H (QP (CD=H ) (CD )) (NNS ) (NNS=H )) (PP (IN=H ) (NP (DT ) (NNP ) (NNPS=H )))) (VP=H (VBP=H ) (ADJP (JJ=H ))) (. ))),1,90128,"0,083738968"
(ROOT (FRAG=H (NP (NP=H (NNS=H )) (PP (IN=H ) (NP (JJ ) (NN=H )))) (: ) (S=H (NP (PRP$ ) (NN=H )) (VP=H (VBP=H ) (ADJP (JJ=H )))) (. ))),1,90129,"0,0837398971"
(ROOT (S=H (ADVP (RB=H )) (NP (NNP ) (CC ) (DT ) (NNP ) (NNPS ) (NN=H )) (VP=H (VBP=H ) (ADJP (JJ=H ))) (. ))),1,90130,"0,0837408262"
(ROOT (S=H (NP (NP=H (NNP ) (NNP=H )) (VP (VBN=H ) (PP (IN=H ) (NP (NP=H (NNS=H )) (PP (IN=H ) (NP (NN=H ))))))) (VP=H (VBP=H ) (ADJP (JJ=H ))) (. ))),1,90131,"0,0837417553"
(ROOT (S=H (NP (NP=H (NNP ) (NNP=H )) (VP (VBN=H ) (PP (IN=H ) (NP (NN ) (NNS=H ))))) (VP=H (VBP=H ) (ADJP (JJ=H ))) (. ))),1,90132,"0,0837426844"
(ROOT (S=H (NP (NP=H (DT ) (NNP ) (NN=H )) (PP (IN=H ) (NP (JJ ) (NNS=H )))) (VP=H (VBP=H ) (ADJP (JJ=H ))) (. ))),1,90133,"0,0837436135"
(ROOT (S=H (NP (NP=H (NNP=H )) (VP (VBG=H ) (NP (VBN ) (NN ) (NNS=H )))) (VP=H (VBP=H ) (ADJP (JJ=H ))) (. ))),1,90134,"0,0837445426"
(ROOT (S=H (NP (NP=H (NNP ) (NNPS ) (NN=H )) (PP (IN=H ) (NP (NN ) (NNS=H )))) (VP=H (VBP=H ) (ADJP (JJ=H ))) (. ))),1,90135,"0,0837454717"
(ROOT (FRAG=H (NP (NP=H (NNS=H )) (PP (IN=H ) (NP (JJ ) (NN=H )))) (: ) (S=H (NP (NNPS=H )) (VP=H (VBP=H ) (ADJP (JJ=H )))) (. ))),1,90136,"0,0837464009"
(ROOT (S=H (NP (NNP ) (NNPS ) (NNP=H )) (VP=H (VBD=H ) (SBAR (S=H (NP (NP=H (NN ) (NNS=H )) (PP (IN=H ) (NP (NN ) (NNS=H )))) (VP=H (VBP=H ) (ADJP (JJ=H )))))) (. ))),1,90137,"0,08374733"
(ROOT (S=H (NP (NP=H (NNP ) (NNP ) (JJ ) (NN=H )) (PP (IN=H ) (NP (JJ ) (NNS=H )))) (VP=H (VBP=H ) (ADJP (JJ=H ))) (. ))),1,90138,"0,0837482591"
(ROOT (S=H (NP (NP=H (NNP=H )) (PP (IN=H ) (NP (VBN ) (NNS ) (NNS=H )))) (VP=H (VBP=H ) (ADJP (JJ=H ))) (. ))),1,90139,"0,0837491882"
(ROOT (S=H (NP (NP=H (NNP=H )) (PP (IN=H ) (NP (NP=H (CD ) (NNS=H )) (PP (IN=H ) (NP (DT ) (NNP ) (NNP=H )))))) (VP=H (VBP=H ) (ADJP (JJ=H ))) (. ))),1,90140,"0,0837501173"
(ROOT (S=H (NP (NP=H (NNP=H )) (PP (IN=H ) (NP (NP=H (CD ) (NNS=H )) (PP (IN=H ) (NP (NNP=H )))))) (VP=H (VBP=H ) (ADJP (JJ=H ))) (. ))),1,90141,"0,0837510464"
(ROOT (S=H (NP (NP=H (NNP=H )) (PP (IN=H ) (NP (NP=H (NN=H )) (PP (IN=H ) (NP (NNS=H )))))) (VP=H (VBP=H ) (ADJP (JJ=H ))) (. ))),1,90142,"0,0837519755"
(ROOT (S=H (NP (NNP ) (NNP ) (NNP ) (NN ) (NN=H )) (VP=H (VBZ=H ) (SBAR (S=H (NP (NNS=H )) (VP=H (VBP=H ) (ADJP (JJ=H )))))) (. ))),1,90143,"0,0837529046"
(ROOT (S=H (NP (JJ ) (NP (NNP ) (NNS ) (POS=H )) (NNS=H )) (VP=H (VBP=H ) (ADJP (JJ=H ))) (. ))),1,90144,"0,0837538337"
(ROOT (S=H (NP (NP=H (NNP ) (NNP=H )) (PP (IN=H ) (NP (DT ) (NNP=H )))) (VP=H (VBP=H ) (SBAR (S=H (NP (NNS=H )) (VP=H (VBP=H ) (ADJP (JJ=H )))))) (. ))),1,90145,"0,0837547629"
(ROOT (NP=H (NP=H (NP=H (NNS=H )) (PP (IN=H ) (NP (JJ ) (NN=H )))) (: ) (NP (NP=H (NNP ) (NNP=H )) (PRN (-LRB- ) (NP=H (NNP=H )) (-RRB- )) (SBAR (S=H (NP (NNS=H )) (VP=H (VBP=H ) (ADJP (JJ=H )))))) (. ))),1,90146,"0,083755692"
(ROOT (S=H (NP (NP=H (NNP ) (NNP=H )) (PP (IN=H ) (NP (NP=H (DT ) (NNP=H )) (PP (IN=H ) (NP (NP=H (NNP ) (NNS=H )) (PP (IN=H ) (NP (NNP ) (NNP=H )))))))) (VP=H (VBP=H ) (ADJP (JJ=H ))) (. ))),1,90147,"0,0837566211"
(ROOT (S=H (PP (IN=H ) (NP (NNPS=H ))) (NP (NNS=H )) (VP=H (VBP=H ) (ADJP (JJ=H ))) (. ))),1,90148,"0,0837575502"
"(ROOT (S=H (NP (NP=H (NNP=H )) (, ) (NP (JJ ) (, ) (CC ) (JJ ) (NNS=H ))) (VP=H (VBP=H ) (ADJP (JJ=H ))) (. )))",1,90149,"0,0837584793"
(ROOT (NP=H (NP=H (FW ) (FW=H )) (: ) (S (NP (CD=H )) (VP=H (VBP=H ) (ADJP (JJ=H )))) (. ))),1,90150,"0,0837594084"
(ROOT (S=H (NP (NN=H )) (ADVP (NP (NNS=H )) (RB=H )) (VP=H (VBP=H ) (ADJP (JJ=H ))) (. ))),1,90151,"0,0837603375"
"(ROOT (S=H (NP (NP (NAC (NNP=H ) (, ) (NNP )) (NNP ) (NNP=H )) (NNS=H )) (VP=H (VBP=H ) (ADJP (JJ=H ))) (. )))",1,90152,"0,0837612666"
(ROOT (S=H (NP (NP=H (NNP ) (NN ) (CC ) (NN ) (NNS=H )) (PP (IN=H ) (NP (NNS=H )))) (VP=H (VBP=H ) (ADJP (JJ=H ))) (. ))),1,90153,"0,0837621958"
(ROOT (S=H (NP (PRP=H )) (ADVP (RB=H )) (VP=H (VBZ=H ) (SBAR (S=H (NP (NNS=H )) (VP=H (VBP=H ) (ADJP (JJ=H )))))) (. ))),1,90154,"0,0837631249"
(ROOT (S=H (NP (PRP=H )) (NP (DT ) (NNPS ) (NNS=H )) (VP=H (VBP=H ) (ADJP (JJ=H ))) (. ))),1,90155,"0,083764054"
(ROOT (S=H (NP (NP=H (JJ ) (NN ) (CC ) (NN ) (NNS=H )) (PP (IN=H ) (NP (NN ) (NN=H )))) (VP=H (VBP=H ) (ADJP (JJ=H ))) (. ))),1,90156,"0,0837649831"
(ROOT (S=H (NP (JJ ) (JJ ) (NN ) (NN ) (NNS ) (CC ) (NN ) (NNS=H )) (VP=H (VBP=H ) (ADJP (JJ=H ))) (. ))),1,90157,"0,0837659122"
(ROOT (FRAG=H (NP (NP=H (NNP ) (NNP=H )) (CC ) (NP (NN=H ))) (: ) (S=H (NP (NNP=H ) (CC ) (NNP )) (VP=H (VBP=H ) (ADJP (JJ=H )))) (. ))),1,90158,"0,0837668413"
"(ROOT (S=H (S (NP=H (NP=H (JJ ) (NN=H )) (PP (IN=H ) (NP (NNP=H ))))) (, ) (NP (NNP ) (NNS=H )) (VP=H (VBP=H ) (ADJP (JJ=H ))) (. )))",1,90159,"0,0837677704"
(ROOT (S=H (NP (NP=H (NNP=H ) (CD )) (VP (VBG=H ) (NP (NN ) (NNS=H )))) (VP=H (VBP=H ) (ADJP (JJ=H ))) (. ))),1,90160,"0,0837686995"
(ROOT (FRAG=H (NP (NNP=H )) (: ) (S=H (NP (NP=H (JJ ) (NNS=H )) (PP (IN=H ) (NP (NNP=H )))) (VP=H (VBP=H ) (ADJP (JJ=H )))) (. ))),1,90161,"0,0837696286"
(ROOT (S=H (NP (NNP ) (JJ ) (NNS ) (NN ) (NN=H )) (VP=H (VBD=H ) (SBAR (S=H (VP=H (VBP=H ) (ADJP (JJ=H )))))) (. ))),1,90162,"0,0837705578"
(ROOT (S=H (NP (NNP=H )) (VP=H (VBD=H ) (SBAR (S=H (NP (NP=H (NN ) (NN ) (NNS=H )) (PRN (-LRB- ) (VP=H (VBN=H )) (-RRB- ))) (VP=H (VBP=H ) (ADJP (JJ=H )))))) (. ))),1,90163,"0,0837714869"
(ROOT (S=H (NP (NNP=H )) (VP=H (VBD=H ) (SBAR (S=H (NP (NP=H (NNS=H )) (PP (IN=H ) (NP (NP=H (JJ ) (NNS=H )) (PRN (-LRB- ) (JJ=H ) (-RRB- ))))) (VP=H (VBP=H ) (ADJP (JJ=H )))))) (. ))),1,90164,"0,083772416"
(ROOT (S=H (NP (NNP=H )) (VP=H (VBD=H ) (SBAR (S=H (NP (NP=H (NNS=H )) (PP (IN=H ) (NP (DT ) (NNP ) (NN=H )))) (VP=H (VBP=H ) (ADJP (JJ=H )))))) (. ))),1,90165,"0,0837733451"
(ROOT (S=H (NP (NNP=H )) (VP=H (VBD=H ) (SBAR (S=H (NP (NP=H (NNS=H )) (PP (IN=H ) (NP (NP=H (NNS=H )) (PP (IN=H ) (NP (NP=H (DT ) (NNP=H )) (PP (IN=H ) (NP (NNP=H )))))))) (VP=H (VBP=H ) (ADJP (JJ=H )))))) (. ))),1,90166,"0,0837742742"
(ROOT (S=H (S=H (NP (NNP=H )) (VP=H (VBD=H ) (NP (NNS=H )) (PP (IN=H ) (NP (NNP ) (NNP=H ))))) (CC ) (S (NP (DT ) (NNPS=H )) (VP=H (VBP=H ) (ADJP (JJ=H )))) (. ))),1,90167,"0,0837752033"
(ROOT (S=H (NP (NNP=H )) (VP=H (VBD=H ) (SBAR (S=H (NP (NP=H (NNS=H )) (PP (IN=H ) (NP (NP=H (NNP ) (NNP=H )) (CC ) (NP (DT ) (NNP ) (NNP ) (NNP=H ))))) (VP=H (VBP=H ) (ADJP (JJ=H )))))) (. ))),1,90168,"0,0837761324"
(ROOT (S=H (NP (NNP=H )) (VP=H (VBD=H ) (SBAR (S=H (NP (NP=H (NNS=H )) (PP (IN=H ) (NP (NP=H (DT ) (NNP=H )) (PP (IN=H ) (NP (NN=H )))))) (VP=H (VBP=H ) (ADJP (JJ=H )))))) (. ))),1,90169,"0,0837770615"
(ROOT (S=H (S (NP (NNP=H )) (VP=H (VBZ=H ) (PP (IN=H ) (FRAG (ADJP=H (JJ=H ) (. )) (. ))))) (NP (NNP=H )) (VP=H (VBP=H ) (ADJP (JJ=H ))) (. ))),1,90170,"0,0837779906"
(ROOT (S=H (S (VP=H (VBG=H ) (NP (NP=H (NNS=H )) (PP (IN=H ) (NP (NNP ) (NNP=H ) (. )))))) (. ) (NP (NNP=H )) (VP=H (VBP=H ) (ADJP (JJ=H ))) (. ))),1,90171,"0,0837789198"
"(ROOT (S=H (S (NP (NNP=H )) (VP=H (VBZ=H ) (PP (IN=H ) (NP (NNP=H ))))) (, ) (NP (DT ) (NNP ) (NNP=H )) (VP=H (VBP=H ) (ADJP (JJ=H ))) (. )))",1,90172,"0,0837798489"
(ROOT (NP=H (NP=H (NP=H (NNS=H )) (PP (IN=H ) (NP (JJ ) (NN=H )))) (: ) (NP (NP=H (NNP ) (NNP=H )) (SBAR (S=H (NP (NP=H (DT ) (NNP ) (NNP=H )) (PP (IN=H ) (NP (NNP=H )))) (VP=H (VBP=H ) (ADJP (JJ=H )))))) (. ))),1,90173,"0,083780778"
"(ROOT (NP=H (NP=H (NP=H (NNS=H )) (PP (IN=H ) (NP (JJ ) (NN=H )))) (: ) (NP (NP=H (NP (NNP ) (POS=H )) (NNP ) (NNP=H )) (, ) (S (NP (NNP=H )) (VP=H (VBP=H ) (ADJP (JJ=H ))))) (. )))",1,90174,"0,0837817071"
(ROOT (FRAG=H (NP (NP=H (NNS=H )) (PP (IN=H ) (NP (JJ ) (NN=H )))) (: ) (S=H (NP (DT ) (NNP ) (NNP ) (NNP=H )) (VP=H (VBP=H ) (ADJP (JJ=H )))) (. ))),1,90175,"0,0837826362"
"(ROOT (NP=H (NP=H (NP=H (NNS=H )) (PP (IN=H ) (NP (JJ ) (NN=H )))) (: ) (NP (NP=H (NP (DT ) (NN ) (POS=H )) (NNP=H )) (, ) (S (NP (NNP=H )) (VP=H (VBP=H ) (ADJP (JJ=H ))))) (. )))",1,90176,"0,0837835653"
(ROOT (FRAG=H (NP (NP=H (NNS=H )) (PP (IN=H ) (NP (JJ ) (NN=H )))) (: ) (S=H (NP (NNP ) (NNP=H )) (VP=H (VBP=H ) (SBAR (S=H (NP (NNP ) (FW ) (NNP=H )) (VP=H (VBP=H ) (ADJP (JJ=H ))))))) (. ))),1,90177,"0,0837844944"
"(ROOT (NP=H (NP=H (NP=H (NNS=H )) (PP (IN=H ) (NP (JJ ) (NN=H )))) (: ) (NP (NP=H (NNP=H )) (PP (IN=H ) (NP (DT ) (NNPS=H ))) (, ) (SBAR (S=H (NP (NNP=H )) (VP=H (VBP=H ) (ADJP (JJ=H )))))) (. )))",1,90178,"0,0837854235"
(ROOT (NP=H (NP=H (NP=H (NNS=H )) (PP (IN=H ) (NP (JJ ) (NN=H )))) (: ) (NP (NP=H (JJ ) (NN=H )) (SBAR (S=H (NP (NNP ) (NNP=H )) (VP=H (VBP=H ) (ADJP (JJ=H )))))) (. ))),1,90179,"0,0837863527"
(ROOT (NP=H (NP=H (NP=H (NNS=H )) (PP (IN=H ) (NP (JJ ) (NN=H )))) (: ) (NP (NP=H (NNP ) (FW ) (FW ) (NNP=H )) (SBAR (S=H (NP (NNP ) (NNP=H )) (VP=H (VBP=H ) (ADJP (JJ=H )))))) (. ))),1,90180,"0,0837872818"
(ROOT (S=H (ADVP (ADVP=H (RB=H )) (SBAR (WHNP=H (WP=H )) (S (VP=H (VBP=H ))) (. ))) (NP (NN=H )) (VP=H (VBP=H ) (ADJP (JJ=H ))) (. ))),1,90181,"0,0837882109"
(ROOT (S=H (NP (NP=H (NNP=H )) (SBAR (WHNP=H (WP=H )) (S (VP=H (VBP=H ) (VP (VBN=H ) (NP (DT ) (NNP ) (NNS=H ))))))) (VP=H (VBP=H ) (ADJP (JJ=H ))) (. ))),1,90182,"0,08378914"
(ROOT (S=H (NP (NP=H (NNPS ) (NNP ) (NNP=H )) (PRN (-LRB- ) (NP=H (NNP=H )) (-RRB- ))) (VP=H (VBP=H ) (ADJP (JJ=H ))) (. ))),1,90183,"0,0837900691"
(ROOT (S=H (ADJP (NNP=H ) (NNP ) (NNP )) (NP (JJ ) (JJ ) (NN=H )) (VP=H (VBP=H ) (ADJP (JJ=H ))) (. ))),1,90184,"0,0837909982"
(ROOT (S=H (NP (NP=H (NNP ) (NNP ) (NNP ) (NNP=H )) (VP (VBG=H ) (NP (NP=H (NNS=H )) (PP (IN=H ) (NP (DT ) (NNP ) (NNPS=H )))))) (VP=H (VBP=H ) (ADJP (JJ=H ))) (. ))),1,90185,"0,0837919273"
(ROOT (S=H (NP (NP=H (NNP ) (NNP ) (NNP ) (NNP=H )) (VP (VBG=H ) (NP (NNS=H )) (PP (IN=H ) (NP (NN=H ))))) (VP=H (VBP=H ) (ADJP (JJ=H ))) (. ))),1,90186,"0,0837928564"
(ROOT (S=H (NP (NP=H (NNP ) (NNP ) (NNP=H )) (VP (VBG=H ) (NP (NP=H (NNS=H )) (PP (IN=H ) (NP (DT ) (NNP ) (NNPS=H )))))) (VP=H (VBP=H ) (ADJP (JJ=H ))) (. ))),1,90187,"0,0837937855"
(ROOT (S=H (NP (NP=H (NNP ) (NNP ) (NNP ) (JJ ) (NN=H )) (PP (IN=H ) (NP (DT ) (NNPS=H )))) (VP=H (VBP=H ) (ADJP (JJ=H ))) (. ))),1,90188,"0,0837947147"
(ROOT (S=H (NP (NP=H (NNP ) (NNP ) (NNP=H ) (JJ )) (VP (VBG=H ) (NP (NP=H (NNS=H )) (PP (IN=H ) (NP (DT ) (NNP ) (NNPS=H )))))) (VP=H (VBP=H ) (ADJP (JJ=H ))) (. ))),1,90189,"0,0837956438"
(ROOT (S=H (NP (NP=H (NNP ) (NNP=H )) (SBAR (S=H (NP (PRP=H )) (VP=H (VBP=H ) (NP (NN ) (NNS=H )))))) (VP=H (VBP=H ) (ADJP (JJ=H ))) (. ))),1,90190,"0,0837965729"
(ROOT (S=H (NP (NP=H (NNP ) (NNP=H )) (SBAR (S=H (NP (PRP=H )) (VP=H (VBP=H ) (NP (NP=H (NN ) (NNS=H )) (PP (IN=H ) (NP (DT ) (NNP ) (NNPS=H )))))))) (VP=H (VBP=H ) (ADJP (JJ=H ))) (. ))),1,90191,"0,083797502"
(ROOT (S=H (NP (NP=H (NNP=H )) (PP (IN=H ) (NP (NP=H (NN=H )) (VP (VBN=H ) (PP (IN=H ) (NP (JJ ) (NNS=H ))))))) (VP=H (VBP=H ) (ADJP (JJ=H ))) (. ))),1,90192,"0,0837984311"
(ROOT (S=H (NP (NP=H (NNP=H )) (PP (IN=H ) (NP (NP=H (JJ ) (NNS=H )) (VP (VBN=H ) (PP (IN=H ) (NP (RB ) (JJ ) (NN=H ))))))) (VP=H (VBP=H ) (ADJP (JJ=H ))) (. ))),1,90193,"0,0837993602"
(ROOT (S=H (S (VP=H (VBG=H ) (NP (NNS ) (NNS=H )) (S (VP=H (VBG=H ) (NP (NN ) (NN=H )))))) (VP=H (VBP=H ) (ADJP (JJ=H ))) (. ))),1,90194,"0,0838002893"
(ROOT (S=H (NP (PRP$ ) (NNP ) (NNPS ) (NN=H )) (VP=H (VBP=H ) (ADJP (JJ=H ))) (. ))),1,90195,"0,0838012184"
(ROOT (S=H (NP (NP=H (NNP ) (NNP=H )) (PP (IN=H ) (NP (DT ) (NNP ) (NNS=H ) (CC ) (NNS )))) (VP=H (VBP=H ) (ADJP (JJ=H ))) (. ))),1,90196,"0,0838021475"
(ROOT (S=H (NP (NP=H (NNP ) (NNP=H )) (PP (IN=H ) (NP (DT ) (NNP ) (NNS=H ))) (VP (VBN=H ) (ADVP (RB=H )))) (VP=H (VBP=H ) (ADJP (JJ=H ))) (. ))),1,90197,"0,0838030767"
(ROOT (S=H (NP (NP=H (NNP ) (NNP ) (FW ) (NNP=H )) (NP (NN ) (NN ) (NN ) (NNS=H ))) (VP=H (VBP=H ) (ADJP (JJ=H ))) (. ))),1,90198,"0,0838040058"
(ROOT (S=H (NP (NP=H (DT ) (NNPS ) (NNS=H )) (VP (VBG=H ) (NP (NN ) (NN=H )))) (VP=H (VBP=H ) (ADJP (JJ=H ))) (. ))),1,90199,"0,0838049349"
(ROOT (S=H (NP (NP=H (JJ ) (NNS ) (NNS=H )) (PP (IN=H ) (NP (NP=H (DT ) (NNP=H )) (PP (IN=H ) (NP (NN=H )))))) (VP=H (VBP=H ) (ADJP (JJ=H ))) (. ))),1,90200,"0,083805864"
(ROOT (S=H (NP (NP=H (JJ ) (NNS ) (NNS=H )) (PP (IN=H ) (NP (DT ) (NNPS ) (CC ) (NNP ) (NNP=H )))) (VP=H (VBP=H ) (ADJP (JJ=H ))) (. ))),1,90201,"0,0838067931"
(ROOT (S=H (NP (NP=H (NNPS ) (CC ) (NNP ) (NNP=H )) (PP (IN=H ) (NP (JJ ) (NN=H )))) (VP=H (VBP=H ) (ADJP (JJ=H ))) (. ))),1,90202,"0,0838077222"
(ROOT (S=H (NP (NP=H (JJ ) (NN ) (NN=H )) (PP (IN=H ) (NP (NN ) (NNS=H )))) (VP=H (VBP=H ) (ADJP (JJ=H ))) (. ))),1,90203,"0,0838086513"
(ROOT (S=H (ADVP (RB=H )) (NP (DT ) (NNS ) (NNS=H )) (VP=H (VBP=H ) (ADJP (JJ=H ))) (. ))),1,90204,"0,0838095804"
"(ROOT (S=H (NP (NP=H (NNP=H )) (PP (IN=H ) (NP (NNS ) (, ) (NNS=H ) (CC ) (NNS )))) (VP=H (VBP=H ) (ADJP (JJ=H ))) (. )))",1,90205,"0,0838105096"
(ROOT (S=H (NP (ADJP (JJ ) (JJ=H )) (NNS ) (NN=H )) (VP=H (VBP=H ) (ADJP (JJ=H ))) (. ))),1,90206,"0,0838114387"
(ROOT (S=H (NP (NP=H (NNP ) (NNP=H )) (SBAR (S=H (NP (NP=H (NNS=H )) (PP (IN=H ) (NP (PRP=H )))) (VP=H (VBP=H ) (PP (IN=H ) (NP (NNP=H ))))))) (VP=H (VBP=H ) (ADJP (JJ=H ))) (. ))),1,90207,"0,0838123678"
(ROOT (S=H (NP (NNP=H )) (VP=H (VBD=H ) (SBAR (S=H (NP (NN ) (NN ) (JJ ) (NNS=H )) (VP=H (VBP=H ) (ADJP (JJ=H )))))) (. ))),1,90208,"0,0838132969"
(ROOT (S=H (NP (NP=H (NNP ) (NNP ) (NNP=H )) (SBAR (S=H (NP (JJ ) (NNS ) (NNS=H )) (VP=H (VBZ=H ))))) (VP=H (VBP=H ) (ADJP (JJ=H ))) (. ))),1,90209,"0,083814226"
(ROOT (S=H (NP (NP=H (NN=H )) (VP (VBG=H ) (PP (IN=H ) (NP (DT ) (JJ ) (JJ ) (NNS=H ))))) (VP=H (VBP=H ) (ADJP (JJ=H ))) (. ))),1,90210,"0,0838151551"
(ROOT (SBARQ=H (WHADVP (WRB=H )) (SQ=H (VBP=H ) (ADJP (JJ=H ))) (. ))),1,90211,"0,0838160842"
"(ROOT (S=H (NP (NP (NNP ) (NNP ) (NNP ) (NNP=H )) (PRN (-LRB- ) (NP=H (NNP ) (NNP=H )) (, ) (NP (NNP=H )) (-RRB- )) (NNS=H )) (VP=H (VBP=H ) (ADJP (JJ=H ))) (. )))",1,90212,"0,0838170133"
(ROOT (S=H (NP (NP=H (NNP=H )) (PP (IN=H ) (NP (NP=H (NNP ) (NNP ) (NNP=H )) (PP (IN=H ) (NP (DT ) (NNPS=H )))))) (VP=H (VBP=H ) (ADJP (JJ=H ))) (. ))),1,90213,"0,0838179424"
(ROOT (S=H (NP (NP (NNP ) (NNP ) (NNP ) (NNS ) (POS=H )) (NNP=H )) (VP=H (VBP=H ) (ADJP (JJ=H ))) (. ))),1,90214,"0,0838188716"
(ROOT (S=H (NP (NP=H (NNP ) (NNPS ) (NNP=H )) (PP (IN=H ) (NP (NNP ) (NNP ) (NN ) (NNS=H )))) (VP=H (VBP=H ) (ADJP (JJ=H ))) (. ))),1,90215,"0,0838198007"
(ROOT (S=H (NP (NP (NNP ) (NNP ) (POS=H )) (NN=H )) (VP=H (VBP=H ) (SBAR (S=H (NP (NP=H (NNS=H )) (PP (IN=H ) (NP (NNS=H )))) (VP=H (VBP=H ) (ADJP (JJ=H )))))) (. ))),1,90216,"0,0838207298"
(ROOT (S=H (NP (NP=H (NNP=H )) (PP (IN=H ) (NP (NNP ) (PRN (-LRB- ) (NP=H (NNP=H )) (-RRB- )) (NN=H )))) (VP=H (VBP=H ) (SBAR (S=H (NP (NNS=H )) (VP=H (VBP=H ) (ADJP (JJ=H )))))) (. ))),1,90217,"0,0838216589"
(ROOT (S=H (NP (NP=H (NP=H (NNP=H )) (PP (IN=H ) (NP (NNP=H )))) (PRN (-LRB- ) (NP=H (NNP=H )) (-RRB- ))) (VP=H (VBZ=H ) (SBAR (S=H (NP (NNS=H )) (VP=H (VBP=H ) (ADJP (JJ=H )))))) (. ))),1,90218,"0,083822588"
(ROOT (S=H (NP (NP=H (NNP=H )) (PP (IN=H ) (NP (NNP ) (PRN (-LRB- ) (NP=H (NNP=H )) (-RRB- )) (NN=H )))) (VP=H (VBD=H ) (SBAR (S=H (NP (NNS=H )) (VP=H (VBP=H ) (ADJP (JJ=H )))))) (. ))),1,90219,"0,0838235171"
(ROOT (S=H (NP (NP=H (NNP=H )) (PP (IN=H ) (NP (NP=H (NP=H (NNP=H )) (PRN (-LRB- ) (NP=H (NNP=H )) (-RRB- )) (NP (NNS=H ))) (CC ) (NP (NN ) (NNS=H ))))) (VP=H (VBP=H ) (ADJP (JJ=H ))) (. ))),1,90220,"0,0838244462"
(ROOT (S=H (NP (NP=H (NNP=H )) (PP (IN=H ) (NP (NP=H (NP=H (NNP=H )) (PRN (-LRB- ) (NP=H (NNP=H )) (-RRB- ))) (NP (JJ ) (NNS=H ))))) (VP=H (VBP=H ) (ADJP (JJ=H ))) (. ))),1,90221,"0,0838253753"
(ROOT (S=H (NP (NP=H (NNP ) (NNP ) (NNPS ) (NNP=H )) (SBAR (S=H (NP (NN ) (NNS=H )) (VP=H (VBZ=H ))))) (VP=H (VBP=H ) (ADJP (JJ=H ))) (. ))),1,90222,"0,0838263044"
(ROOT (S=H (NP (NP=H (DT ) (NNPS ) (NNS=H )) (VP (VBG=H ) (NP (NN=H )))) (VP=H (VBP=H ) (ADJP (JJ=H ))) (. ))),1,90223,"0,0838272336"
(ROOT (S=H (NP (NP=H (DT ) (NNPS ) (NNS=H )) (VP (VBG=H ) (NP (NNS=H )))) (VP=H (VBP=H ) (ADJP (JJ=H ))) (. ))),1,90224,"0,0838281627"
(ROOT (S=H (NP (NNP=H )) (VP=H (VBD=H ) (SBAR (S=H (NP (JJ ) (NN ) (CC ) (NNP ) (NNS=H )) (VP=H (VBP=H ) (ADJP (JJ=H )))))) (. ))),1,90225,"0,0838290918"
(ROOT (S=H (S (VP=H (VB=H ) (NP (PRN (-LRB- ) (NP=H (NNP=H )) (-RRB- )) (NNS=H )) (PP (IN=H ) (NP (NN=H ) (CC ) (NN ))))) (VP=H (VBP=H ) (ADJP (JJ=H ))) (. ))),1,90226,"0,0838300209"
(ROOT (S=H (NP (NNPS ) (CC ) (NNPS ) (NNS=H )) (ADVP (RB=H )) (VP=H (VBP=H ) (ADJP (JJ=H ))) (. ))),1,90227,"0,08383095"
(ROOT (S=H (NP (NP=H (NNP=H )) (PP (IN=H ) (NP (NP=H (NN=H )) (PP (IN=H ) (NP (DT ) (JJ ) (NNS=H )))))) (VP=H (VBP=H ) (ADJP (JJ=H ))) (. ))),1,90228,"0,0838318791"
"(ROOT (S=H (NP-TMP (NP=H (NNS=H )) (PP (IN=H ) (NP (NNP=H )))) (, ) (NP (NP=H (NNP ) (NNP=H )) (PRN (-LRB- ) (NP=H (NN=H )) (-RRB- ))) (VP=H (VBP=H ) (ADJP (JJ=H ))) (. )))",1,90229,"0,0838328082"
(ROOT (S=H (NP (NP (NNP ) (NNP ) (NNP ) (NNS ) (POS=H )) (NNP ) (NN ) (NNS=H )) (VP=H (VBP=H ) (ADJP (JJ=H ))) (. ))),1,90230,"0,0838337373"
(ROOT (S=H (PP (IN=H ) (NP (NP=H (NNP=H )) (PP (IN=H ) (NP (NNP=H ))))) (NP (-LRB- ) (NNP ) (NNP=H ) (-RRB- )) (VP=H (VBP=H ) (ADJP (JJ=H ))) (. ))),1,90231,"0,0838346665"
(ROOT (NP=H (NP=H (NNP ) (NNP ) (NNP ) (NNP=H )) (: ) (S (NP (NNP ) (NNP=H )) (VP=H (VBP=H ) (ADJP (JJ=H )))) (. ))),1,90232,"0,0838355956"
"(ROOT (S=H (NP (NP=H (NN ) (, ) (NN ) (, ) (NN ) (, ) (NN ) (, ) (NN ) (, ) (NNS ) (, ) (NNS ) (, ) (NN=H )) (, ) (NP (NN=H ))) (VP=H (VBP=H ) (ADJP (JJ=H ))) (. )))",1,90233,"0,0838365247"
"(ROOT (S=H (S (NP=H (NP=H (NN=H )) (PP (IN=H ) (NP (NNP ) (CC ) (NNP ) (NNP=H ))))) (, ) (NP (NNP=H )) (VP=H (VBP=H ) (ADJP (JJ=H ))) (. )))",1,90234,"0,0838374538"
(ROOT (S=H (NP (NAC (NNP=H ) (PP (IN=H ) (NP (NNP=H )) (: ))) (NN=H )) (VP=H (VBP=H ) (ADJP (JJ=H ))) (. ))),1,90235,"0,0838383829"
(ROOT (S=H (NP (NP=H (NN ) (NN=H )) (PP (VBN=H ) (PP (IN=H ) (NP (NNS=H ))))) (VP=H (VBP=H ) (ADJP (JJ=H ))) (. ))),1,90236,"0,083839312"
(ROOT (S=H (NP (NP=H (NNP=H )) (PP (IN=H ) (NP (NP (NNP ) (POS=H )) (NNP ) (NNS=H )))) (VP=H (VBP=H ) (ADJP (JJ=H ))) (. ))),1,90237,"0,0838402411"
(ROOT (S=H (NP (NP=H (NNP=H )) (PP (IN=H ) (NP (NP=H (NNP=H )) (PP (IN=H ) (NP (DT ) (NNP ) (NNP ) (NNS=H )))))) (VP=H (VBP=H ) (ADJP (JJ=H ))) (. ))),1,90238,"0,0838411702"
(ROOT (S=H (NP (NP=H (NNP ) (NN ) (JJ ) (NN=H )) (NP (JJ ) (NN ) (NNS=H ))) (VP=H (VBP=H ) (ADJP (JJ=H ))) (. ))),1,90239,"0,0838420993"
(ROOT (NP=H (NP=H (CD=H )) (: ) (S (NP (NNP ) (NNP ) (NN ) (NNS=H )) (VP=H (VBP=H ) (ADJP (JJ=H )))) (. ))),1,90240,"0,0838430285"
(ROOT (S=H (NP (NP=H (NNP ) (NNP=H )) (SBAR (S=H (NP (JJ ) (NNS ) (NNS=H )) (VP=H (VBZ=H ))))) (VP=H (VBP=H ) (ADJP (JJ=H ))) (. ))),1,90241,"0,0838439576"
(ROOT (S=H (NP (NP=H (NNP ) (NNPS ) (NNP=H )) (PP (IN=H ) (NP (JJ ) (NNP ) (NNP ) (NNS=H )))) (VP=H (VBP=H ) (ADJP (JJ=H ))) (. ))),1,90242,"0,0838448867"
(ROOT (S=H (NP (ADJP (VBN=H ) (PP (TO=H ) (NP (DT ) (NNP ) (NNPS=H )))) (NNS=H ) (CC ) (NNS )) (VP=H (VBP=H ) (ADJP (JJ=H ))) (. ))),1,90243,"0,0838458158"
(ROOT (S=H (NP (NP=H (NP=H (NNP=H )) (PP (IN=H ) (NP (NP=H (DT ) (NN=H )) (PP (IN=H ) (NP (NNP ) (NNP ) (NNS=H )))))) (PRN (-LRB- ) (NP=H (NNP ) (NNP ) (NNP=H )) (-RRB- ))) (VP=H (VBP=H ) (ADJP (JJ=H ))) (. ))),1,90244,"0,0838467449"
(ROOT (S=H (NP (NNPS ) (NNS=H )) (VP=H (VBP=H ) (SBAR (S=H (NP (NN=H )) (VP=H (VBP=H ) (ADJP (JJ=H )))))) (. ))),1,90245,"0,083847674"
(ROOT (S=H (NP (NNP ) (NNPS ) (NNS=H )) (VP=H (VBP=H ) (SBAR (S=H (NP (NN=H )) (VP=H (VBP=H ) (ADJP (JJ=H )))))) (. ))),1,90246,"0,0838486031"
(ROOT (S=H (NP (NP=H (NNP ) (NNPS ) (NNP ) (NN ) (NNS=H )) (PP (IN=H ) (NP (NNS=H )))) (VP=H (VBP=H ) (ADJP (JJ=H ))) (. ))),1,90247,"0,0838495322"
(ROOT (S=H (NP (NNP=H )) (VP=H (VBZ=H ) (SBAR (S=H (NP (NP=H (NN ) (NNS=H )) (PP (IN=H ) (NP (NNS=H )))) (VP=H (VBP=H ) (ADJP (JJ=H )))))) (. ))),1,90248,"0,0838504614"
(ROOT (S=H (NP (NP=H (NNP ) (NNP=H )) (PP (IN=H ) (NP (DT ) (NNP ) (NNS=H ))) (VP (VBN=H ) (PP (TO=H ) (NP (NN=H ))))) (VP=H (VBP=H ) (ADJP (JJ=H ))) (. ))),1,90249,"0,0838513905"
(ROOT (S=H (NP (NP=H (NNP ) (NNP=H )) (PP (IN=H ) (NP (DT ) (NNP ) (NNS=H ))) (SBAR (WHNP=H (WP=H )) (S (VP=H (VBD=H ) (PP (IN=H ) (NP (NN ) (NN=H ))))))) (VP=H (VBP=H ) (ADJP (JJ=H ))) (. ))),1,90250,"0,0838523196"
"(ROOT (S=H (NP (NP=H (NN=H )) (PP (IN=H ) (NP (NP=H (RB ) (NNS ) (, ) (NNS=H ) (CC ) (NNS )) (PP (IN=H ) (NP (NNP=H )))))) (VP=H (VBP=H ) (ADJP (JJ=H ))) (. )))",1,90251,"0,0838532487"
(ROOT (S=H (NP (NP=H (DT ) (NN=H )) (CC ) (NP (DT ) (NNP ) (NNS=H ))) (VP=H (VBP=H ) (ADJP (JJ=H ))) (. ))),1,90252,"0,0838541778"
(ROOT (FRAG=H (NP (NNP ) (NNP=H )) (: ) (S=H (NP (NP=H (JJ ) (NN=H )) (PP (IN=H ) (NP (NNP ) (PRN (: ) (NP=H (NP=H (NNP=H )) (PP (IN=H ) (NP (NNP=H )))) (: )) (NN=H )))) (VP=H (VBP=H ) (ADJP (JJ=H )))) (. ))),1,90253,"0,0838551069"
(ROOT (S=H (NP (NP=H (NNP ) (CD ) (NN=H )) (CC ) (NP (NN ) (NNS=H ))) (VP=H (VBP=H ) (ADJP (JJ=H ))) (. ))),1,90254,"0,083856036"
"(ROOT (S=H (NP (JJ ) (NN ) (NN ) (NN ) (, ) (NN ) (NNS ) (NNS=H )) (VP=H (VBP=H ) (ADJP (JJ=H ))) (. )))",1,90255,"0,0838569651"
(ROOT (S=H (NP (NP=H (JJ ) (NN ) (NNS ) (NNS=H )) (VP (VBG=H ) (NP (NN=H )))) (VP=H (VBP=H ) (ADJP (JJ=H ))) (. ))),1,90256,"0,0838578942"
(ROOT (S=H (PP (IN=H ) (NP (NP=H (DT ) (NNS=H )) (PP (IN=H ) (NP (DT ) (NNP=H ))))) (NP (NNS=H )) (VP=H (VBP=H ) (ADJP (JJ=H ))) (. ))),1,90257,"0,0838588234"
(ROOT (NP=H (NP=H (NN ) (NNS=H )) (: ) (S (NP (NNP ) (NNP ) (NNP ) (NNP ) (NNP ) (NNP=H )) (VP=H (VBP=H ) (ADJP (JJ=H )))) (. ))),1,90258,"0,0838597525"
(ROOT (S=H (NP (NP=H (NNP ) (NNP=H )) (PP (IN=H ) (NP (NP=H (DT ) (NNP ) (NNS=H )) (PP (IN=H ) (NP (DT ) (NNPS=H )))))) (VP=H (VBP=H ) (ADJP (JJ=H ))) (. ))),1,90259,"0,0838606816"
(ROOT (FRAG=H (NP (NNP=H )) (: ) (S=H (NP (NP=H (DT ) (JJ ) (NNS=H )) (PP (IN=H ) (NP (NN=H )))) (VP=H (VBP=H ) (ADJP (JJ=H )))) (. ))),1,90260,"0,0838616107"
(ROOT (S=H (NP (NP=H (JJ ) (NN=H )) (PP (IN=H ) (NP (NP (DT ) (NNPS ) (POS=H )) (NNP=H )))) (VP=H (VBP=H ) (ADJP (JJ=H ))) (. ))),1,90261,"0,0838625398"
(ROOT (S=H (NP (NP=H (JJ ) (JJ ) (NNS ) (NNS=H )) (PP (IN=H ) (NP (NNS=H )))) (VP=H (VBP=H ) (ADJP (JJ=H ))) (. ))),1,90262,"0,0838634689"
(ROOT (S=H (NP (JJ ) (NN ) (NN ) (NN=H )) (VP=H (VBD=H ) (SBAR (S=H (NP (NNS=H )) (VP=H (VBP=H ) (ADJP (JJ=H )))))) (. ))),1,90263,"0,083864398"
(ROOT (S=H (NP (NP=H (NNP=H ) (CD )) (CC ) (NP (JJ ) (NNS=H ))) (VP=H (VBP=H ) (ADJP (JJ=H ))) (. ))),1,90264,"0,0838653271"
(ROOT (S=H (NP (NP=H (NNP ) (NNP=H )) (PP (IN=H ) (NP (JJ ) (PRN (-LRB- ) (NP=H (NNP ) (NNP ) (NNP=H )) (-RRB- )) (NNS=H )))) (VP=H (VBP=H ) (ADJP (JJ=H ))) (. ))),1,90265,"0,0838662562"
(ROOT (S=H (NP (NNP ) (NN=H )) (VP=H (VBZ=H ) (SBAR (S=H (NP (NNP ) (NNS=H )) (VP=H (VBP=H ) (ADJP (JJ=H )))))) (. ))),1,90266,"0,0838671854"
(ROOT (S=H (NP (NP (NNPS ) (POS=H )) (NNS ) (NNS=H )) (VP=H (VBP=H ) (ADJP (JJ=H ))) (. ))),1,90267,"0,0838681145"
(ROOT (S=H (NP (NP=H (NNP=H )) (PP (IN=H ) (NP (DT ) (NNP ) (NNS=H ))) (VP (VBN=H ) (PP (TO=H ) (NP (NN=H ))))) (VP=H (VBP=H ) (ADJP (JJ=H ))) (. ))),1,90268,"0,0838690436"
(ROOT (S=H (NP (NP=H (NNP=H )) (PP (IN=H ) (NP (DT ) (NNP ) (NNS=H ))) (SBAR (WHNP=H (WP=H )) (S (VP=H (VBD=H ) (PP (IN=H ) (NP (NN ) (NN=H ))))))) (VP=H (VBP=H ) (ADJP (JJ=H ))) (. ))),1,90269,"0,0838699727"
(ROOT (S=H (NP (NP=H (NNP=H )) (PP (IN=H ) (NP (DT ) (NNP ) (NNS=H ) (CC ) (NNS )))) (VP=H (VBP=H ) (ADJP (JJ=H ))) (. ))),1,90270,"0,0838709018"
(ROOT (S=H (NP (NP=H (NNP=H )) (PP (IN=H ) (NP (NP=H (NN ) (NN ) (NNS=H )) (PP (TO=H ) (NP (NNS=H )))))) (VP=H (VBP=H ) (ADJP (JJ=H ))) (. ))),1,90271,"0,0838718309"
(ROOT (S=H (NP (NP=H (NNP ) (. ) (NN=H )) (ADJP (JJ=H ) (PP (TO=H ) (NP (NNS=H ))))) (VP=H (VBP=H ) (ADJP (JJ=H ))) (. ))),1,90272,"0,08387276"
(ROOT (S=H (NP (NP=H (NNP ) (NNP=H )) (PRN (-LRB- ) (NNP ) (NN=H ) (-RRB- ))) (VP=H (VBP=H ) (SBAR (S=H (NP (NNS ) (CC ) (NN ) (NNS=H )) (VP=H (VBP=H ) (ADJP (JJ=H )))))) (. ))),1,90273,"0,0838736891"
(ROOT (S=H (NP (NP=H (JJ ) (NNS ) (NNS=H )) (PP (VBN=H ) (PP (IN=H ) (NP (DT ) (JJ ) (NNS=H ))))) (VP=H (VBP=H ) (ADJP (JJ=H ))) (. ))),1,90274,"0,0838746183"
(ROOT (FRAG=H (NP (NNP=H )) (: ) (S=H (NP (NP=H (JJ ) (NN ) (NNS=H )) (PP (TO=H ) (NP (NNS=H )))) (VP=H (VBP=H ) (ADJP (JJ=H )))) (. ))),1,90275,"0,0838755474"
"(ROOT (NP=H (NP=H (NP=H (NNS=H )) (PP (IN=H ) (NP (NNP ) (NNP ) (NNP=H )))) (ADJP (NN=H ) (CD )) (, ) (S (NP (NNP=H )) (VP=H (VBP=H ) (ADJP (JJ=H )))) (. )))",1,90276,"0,0838764765"
(ROOT (S=H (NP (NP=H (NNP ) (NNPS ) (NNP ) (NNP=H )) (PP (IN=H ) (NP (UCP (NNP=H ) (CC ) (NNP )) (NNP=H )))) (VP=H (VBP=H ) (ADJP (JJ=H ))) (. ))),1,90277,"0,0838774056"
(ROOT (S=H (NP (NP=H (JJ ) (NN ) (CC ) (NN ) (NN ) (NNS=H )) (PP (IN=H ) (NP (NNP=H )))) (VP=H (VBP=H ) (ADJP (JJ=H ))) (. ))),1,90278,"0,0838783347"
(ROOT (S=H (ADJP (NNP=H ) (NNP ) (NNP )) (NP (NN ) (NNS ) (NNS=H )) (VP=H (VBP=H ) (ADJP (JJ=H ))) (. ))),1,90279,"0,0838792638"
(ROOT (S=H (NP (NP=H (NNP ) (NNPS ) (NNP ) (NNS=H )) (VP (VBN=H ) (PP (TO=H ) (NP (DT ) (NNP ) (NNP=H ))))) (VP=H (VBP=H ) (ADJP (JJ=H ))) (. ))),1,90280,"0,0838801929"
(ROOT (S=H (NP (NP=H (NNP ) (NNPS ) (CC ) (NNP ) (NNS=H )) (VP (VBN=H ) (PP (TO=H ) (NP (NN=H ))))) (VP=H (VBP=H ) (ADJP (JJ=H ))) (. ))),1,90281,"0,083881122"
(ROOT (S=H (NP (NNP ) (NNP ) (CC ) (NNP ) (NNS=H ) (CC ) (NNS )) (VP=H (VBP=H ) (ADJP (JJ=H ))) (. ))),1,90282,"0,0838820511"
(ROOT (S=H (NP (NP=H (JJ ) (NNS ) (NNS=H )) (PP (IN=H ) (NP (NP=H (NNS=H )) (PP (IN=H ) (NP (DT ) (NNP ) (NNPS=H )))))) (VP=H (VBP=H ) (ADJP (JJ=H ))) (. ))),1,90283,"0,0838829803"
(ROOT (S=H (NP (NP=H (NNP ) (NNPS ) (NNP ) (NNP=H )) (PP (IN=H ) (NP (NNP ) (NNP=H ) (PRP )))) (VP=H (VBP=H ) (ADJP (JJ=H ))) (. ))),1,90284,"0,0838839094"
(ROOT (S=H (NP (NP=H (NN=H )) (PP (IN=H ) (NP (PRP=H )))) (NP (DT ) (NNS=H )) (VP=H (VBP=H ) (ADJP (JJ=H ))) (. ))),1,90285,"0,0838848385"
(ROOT (S=H (NP (NP (JJ ) (NN=H )) (PRN (-LRB- ) (NP=H (JJ ) (NN=H )) (-RRB- )) (NNS=H )) (VP=H (VBP=H ) (ADJP (JJ=H ))) (. ))),1,90286,"0,0838857676"
(ROOT (S=H (NP (NP (NNP ) (NN=H )) (PRN (-LRB- ) (NP=H (NNP=H )) (-RRB- )) (NNS=H )) (VP=H (VBP=H ) (ADJP (JJ=H ))) (. ))),1,90287,"0,0838866967"
(ROOT (S=H (`` ) (UCP (NP (NNP=H )) (: ) (ADJP=H (RB ) (VBN=H ))) ('' ) (NP (NNS=H )) (VP=H (VBP=H ) (ADJP (JJ=H ))) (. ))),1,90288,"0,0838876258"
(ROOT (S=H (NP (ADJP (JJ=H ) (PP (IN=H ) (NP (JJ ) (NNS=H )))) (NN=H )) (VP=H (VBP=H ) (ADJP (JJ=H ))) (. ))),1,90289,"0,0838885549"
(ROOT (S=H (NP (NP=H (NNP ) (CC ) (NNS ) (NNS=H )) (PP (IN=H ) (NP (NNP=H )))) (VP=H (VBP=H ) (ADJP (JJ=H ))) (. ))),1,90290,"0,083889484"
(ROOT (S=H (NP (NP=H (NNS ) (NNS ) (CC ) (JJ ) (NN ) (NNS=H )) (PP (IN=H ) (NP (NNP=H )))) (VP=H (VBP=H ) (ADJP (JJ=H ))) (. ))),1,90291,"0,0838904131"
(ROOT (S=H (NP (NP=H (NNP ) (CC ) (NNS ) (JJ ) (NNS=H )) (PP (IN=H ) (NP (NNP=H )))) (VP=H (VBP=H ) (ADJP (JJ=H ))) (. ))),1,90292,"0,0838913423"
(ROOT (S=H (NP (NP=H (NNP=H )) (CC ) (NP (NP=H (NN ) (NNS ) (NNS=H )) (PP (IN=H ) (NP (NNP ) (NNP=H ))))) (VP=H (VBP=H ) (ADJP (JJ=H ))) (. ))),1,90293,"0,0838922714"
(ROOT (S=H (NP (NNP ) (NNP=H )) (VP=H (VBZ=H ) (SBAR (S=H (NP (NNS ) (NNS=H )) (VP=H (VBP=H ) (ADJP (JJ=H )))))) (. ))),1,90294,"0,0838932005"
(ROOT (S=H (NP (NP=H (NNP ) (NNP ) (NNP=H )) (SBAR (WHNP=H (WDT=H )) (S (VP=H (VBD=H ) (NP (JJ ) (NNS=H )))))) (VP=H (VBP=H ) (ADJP (JJ=H ))) (. ))),1,90295,"0,0838941296"
"(ROOT (S=H (NP (NP=H (JJ ) (NN=H )) (PP (IN=H ) (NP (NP=H (NNPS ) (NNP=H )) (, ) (NP (NNP=H ))))) (VP=H (VBP=H ) (ADJP (JJ=H ))) (. )))",1,90296,"0,0838950587"
"(ROOT (S=H (S (NP (NNP ) (NNP=H )) (VP=H (VBP=H ) (NP (NP=H (NNS=H )) (PP (IN=H ) (NP (NNP ) (NNP ) (NNP ) (NNP=H )))))) (, ) (NP (NNP=H )) (VP=H (VBP=H ) (ADJP (JJ=H ))) (. )))",1,90297,"0,0838959878"
"(ROOT (S=H (S (NP (NNP ) (NNP=H )) (VP=H (VBP=H ) (NP (NP=H (NNS=H )) (PP (IN=H ) (NP (NNPS ) (NNP=H )))))) (, ) (NP (NNP=H )) (VP=H (VBP=H ) (ADJP (JJ=H ))) (. )))",1,90298,"0,0838969169"
(ROOT (S=H (NP (NP=H (CD ) (CD ) (NN ) (NNS ) (NNS=H )) (PP (IN=H ) (NP (DT ) (NNP ) (NNPS=H )))) (VP=H (VBP=H ) (ADJP (JJ=H ))) (. ))),1,90299,"0,083897846"
(ROOT (S=H (NP (NP=H (NNP=H )) (CC ) (NP (NP=H (NNS=H )) (VP (VBN=H ) (PP (TO=H ) (NP (JJ ) (NNP ) (NN=H )))))) (VP=H (VBP=H ) (ADJP (JJ=H ))) (. ))),1,90300,"0,0838987752"
(ROOT (S=H (NP (NP=H (JJ=H )) (PP (IN=H ) (NP (NNP ) (NNS=H )))) (VP=H (VBP=H ) (ADJP (JJ=H ))) (. ))),1,90301,"0,0838997043"
"(ROOT (S=H (NP-TMP (NNP=H ) (CD )) (, ) (NP (NP=H (CD ) (NNS=H )) (PP (IN=H ) (NP (NNS=H )))) (VP=H (VBP=H ) (ADJP (JJ=H ))) (. )))",1,90302,"0,0839006334"
(ROOT (S=H (NP (NP=H (NN ) (NNS ) (NNS=H )) (VP (VBG=H ) (NP (NNS=H )))) (VP=H (VBP=H ) (ADJP (JJ=H ))) (. ))),1,90303,"0,0839015625"
(ROOT (S=H (PP (IN=H ) (ADVP (NP (NNP=H )) (RB=H ))) (NP (NNS=H )) (VP=H (VBP=H ) (ADJP (JJ=H ))) (. ))),1,90304,"0,0839024916"
(ROOT (S=H (PP (IN=H ) (NP (NP=H (DT ) (NN=H )) (PP (IN=H ) (NP (DT ) (NN=H ))))) (NP (NNS=H )) (VP=H (VBP=H ) (ADJP (JJ=H ))) (. ))),1,90305,"0,0839034207"
(ROOT (S=H (NP (NP=H (NN ) (NN=H )) (PP (IN=H ) (NP (JJ ) (NNP ) (NNPS ) (CC ) (NNP ) (NNP=H )))) (VP=H (VBP=H ) (ADJP (JJ=H ))) (. ))),1,90306,"0,0839043498"
(ROOT (S=H (NP (NP=H (NNP ) (NN=H )) (PP (IN=H ) (NP (JJ ) (NNP ) (NNPS ) (CC ) (NNP ) (NNP=H )))) (VP=H (VBP=H ) (ADJP (JJ=H ))) (. ))),1,90307,"0,0839052789"
(ROOT (S=H (NP (NP=H (JJ ) (NN=H )) (PP (IN=H ) (NP (JJ ) (NNP ) (NNPS ) (CC ) (NNP ) (NNP=H )))) (VP=H (VBP=H ) (ADJP (JJ=H ))) (. ))),1,90308,"0,083906208"
(ROOT (S=H (NP (NP=H (NN ) (NNS ) (NNS=H )) (PP (IN=H ) (NP (JJ ) (JJ ) (NNS=H )))) (VP=H (VBP=H ) (ADJP (JJ=H ))) (. ))),1,90309,"0,0839071372"
(ROOT (S=H (NP (NP=H (JJ ) (NN=H )) (PP (VBG=H ) (NP (DT ) (NNP ) (CD ) (NNS=H )))) (VP=H (VBP=H ) (ADJP (JJ=H ))) (. ))),1,90310,"0,0839080663"
(ROOT (S=H (NP (NP=H (CD=H )) (CC ) (NP (JJ ) (NNS=H ))) (VP=H (VBP=H ) (ADJP (JJ=H ))) (. ))),1,90311,"0,0839089954"
(ROOT (S=H (NP (NP=H (NNP=H )) (VP (VBG=H ) (NP (DT ) (NNP ) (CD ) (NNS=H )))) (VP=H (VBP=H ) (ADJP (JJ=H ))) (. ))),1,90312,"0,0839099245"
(ROOT (S=H (NP (NNP=H )) (VP=H (VBD=H ) (NP (NP=H (NNS=H )) (SBAR (S=H (NP (NP=H (JJ ) (NN=H )) (PP (IN=H ) (NP (NNP=H ) (CD )))) (VP=H (VBP=H ) (ADJP (JJ=H ))))))) (. ))),1,90313,"0,0839108536"
(ROOT (S=H (NP (NNP=H )) (VP=H (VBD=H ) (NP (NP=H (NNS=H )) (SBAR (S=H (NP (NNP ) (NNP ) (NNP ) (NNS=H )) (VP=H (VBP=H ) (ADJP (JJ=H ))))))) (. ))),1,90314,"0,0839117827"
(ROOT (S=H (NP (NNP=H )) (VP=H (VBD=H ) (SBAR (S=H (NP (NP=H (NNS ) (NN ) (NNS=H )) (PP (IN=H ) (NP (DT ) (NNP ) (NNP=H )))) (VP=H (VBP=H ) (ADJP (JJ=H )))))) (. ))),1,90315,"0,0839127118"
(ROOT (S=H (NP (NNP=H )) (VP=H (VBD=H ) (SBAR (S=H (NP (NNS ) (NN ) (NNS=H )) (VP=H (VBP=H ) (ADJP (JJ=H )))))) (. ))),1,90316,"0,0839136409"
(ROOT (S=H (NP (NNP=H )) (VP=H (VBD=H ) (NP (NP=H (NNS=H )) (SBAR (S=H (NP (NNP ) (NNP ) (NN=H )) (VP=H (VBP=H ) (ADJP (JJ=H ))))))) (. ))),1,90317,"0,08391457"
(ROOT (S=H (NP (NNP=H )) (VP=H (VBD=H ) (NP (NP=H (NP=H (NNS ) (NN=H )) (. ) (NP (NNP=H )) (. ) (NP (NNP=H )) (. ) (NP (NNP=H )) (. )) (SBAR (S=H (VP=H (VBP=H ) (ADJP (JJ=H ))))))) (. ))),1,90318,"0,0839154992"
(ROOT (S=H (NP (NNP=H )) (VP=H (VBD=H ) (SBAR (S=H (NP (NP=H (NNP ) (NNP ) (NNS=H )) (PP (IN=H ) (NP (NNP=H )))) (VP=H (VBP=H ) (ADJP (JJ=H )))))) (. ))),1,90319,"0,0839164283"
(ROOT (S=H (NP (NNP=H )) (VP=H (VBD=H ) (SBAR (S=H (NP (NNS=H )) (VP=H (VBD=H ) (SBAR (S=H (NP (CD ) (NNS=H )) (VP=H (VBP=H ) (ADJP (JJ=H ))))))))) (. ))),1,90320,"0,0839173574"
(ROOT (S=H (NP (NNP=H )) (VP=H (VBD=H ) (SBAR (S=H (NP (NNS ) (NX=H (NNP ) (NNP=H ))) (VP=H (VBP=H ) (ADJP (JJ=H )))))) (. ))),1,90321,"0,0839182865"
(ROOT (S=H (NP (NNP=H )) (VP=H (VBD=H ) (NP (NP=H (NNS=H )) (SBAR (S=H (NP (NNP ) (NNPS ) (NNS=H )) (VP=H (VBP=H ) (ADJP (JJ=H ))))))) (. ))),1,90322,"0,0839192156"
(ROOT (S=H (NP (NNP=H )) (VP=H (VBD=H ) (NP (NP=H (NNS=H )) (SBAR (S=H (NP (NP=H (DT ) (NNP=H )) (PP (IN=H ) (NP (NNP ) (NNS=H )))) (VP=H (VBP=H ) (ADJP (JJ=H ))))))) (. ))),1,90323,"0,0839201447"
(ROOT (S=H (NP (NNP=H )) (VP=H (VBD=H ) (NP (NP=H (NNS=H )) (SBAR (S=H (NP (DT ) (NNP ) (NNP=H )) (VP=H (VBP=H ) (ADJP (JJ=H ))))))) (. ))),1,90324,"0,0839210738"
(ROOT (S=H (NP (NNP=H )) (VP=H (VBD=H ) (NP (NP=H (NNS=H )) (SBAR (S=H (NP (NNP ) (NN=H )) (VP=H (VBZ=H ) (SBAR (S=H (-LRB- ) (NP (JJ ) (NN=H )) (-RRB- ) (VP=H (VBP=H ) (ADJP (JJ=H )))))))))) (. ))),1,90325,"0,0839220029"
(ROOT (S=H (NP (NNP=H )) (VP=H (VBD=H ) (NP (NP=H (NNS=H )) (SBAR (S=H (NP (JJ ) (NN ) (NNS=H )) (VP=H (VBP=H ) (ADJP (JJ=H ))))))) (. ))),1,90326,"0,0839229321"
(ROOT (S=H (NP (NP=H (NNP ) (JJ ) (NNS ) (NNS=H )) (PP (IN=H ) (NP (NNP ) (NNS=H )))) (VP=H (VBP=H ) (ADJP (JJ=H ))) (. ))),1,90327,"0,0839238612"
(ROOT (S=H (NP (NP=H (NNP ) (JJ ) (NNS ) (NNS=H )) (PP (IN=H ) (NP (NNP ) (NNP ) (NNP ) (NNS=H )))) (VP=H (VBP=H ) (ADJP (JJ=H ))) (. ))),1,90328,"0,0839247903"
(ROOT (S=H (NP (NNP=H )) (VP=H (VBD=H ) (SBAR (S=H (NP (NP=H (NNP ) (NNPS=H )) (PP (IN=H ) (NP (CD ) (NN=H )))) (VP=H (VBP=H ) (ADJP (JJ=H )))))) (. ))),1,90329,"0,0839257194"
(ROOT (S=H (S=H (NP (NNP=H )) (VP=H (VBD=H ) (NP (NP=H (NNP ) (NNPS=H )) (PP (IN=H ) (NP (NNP=H )))))) (: ) (S (NP (DT ) (NNP ) (NNP=H )) (VP=H (VBP=H ) (ADJP (JJ=H )))) (. ))),1,90330,"0,0839266485"
(ROOT (S=H (NP (NNP=H )) (VP=H (VBD=H ) (SBAR (S=H (NP (NNS ) (NNP ) (NNP ) (NNP ) (CC ) (NNP ) (NNP ) (NNP=H )) (VP=H (VBP=H ) (ADJP (JJ=H )))))) (. ))),1,90331,"0,0839275776"
(ROOT (S=H (NP (NNP=H )) (VP=H (VBD=H ) (NP (NP=H (NNS=H )) (SBAR (S=H (NP (JJ ) (NNP ) (NNS=H )) (VP=H (VBP=H ) (ADJP (JJ=H ))))))) (. ))),1,90332,"0,0839285067"
(ROOT (S=H (NP (NNP=H )) (VP=H (VBD=H ) (NP (NP=H (NNS=H )) (SBAR (S=H (NP (NNP ) (NNP ) (NNP ) (NN ) (NN ) (NNS=H )) (VP=H (VBP=H ) (ADJP (JJ=H ))))))) (. ))),1,90333,"0,0839294358"
(ROOT (S=H (NP (NNP=H )) (VP=H (VBD=H ) (SBAR (S=H (NP (NNS=H )) (VP=H (VBD=H ) (SBAR (S=H (NP (CD ) (NNS=H )) (VP=H (VBD=H ) (SBAR (S=H (NP (NN=H )) (VP=H (VBP=H ) (ADJP (JJ=H )))))))))))) (. ))),1,90334,"0,0839303649"
(ROOT (S=H (NP (NP=H (NNP ) (JJ ) (NNS ) (NNS=H )) (PRN (-LRB- ) (NP=H (NN=H ) (CD )) (-RRB- ))) (VP=H (VBD=H ) (SBAR (S=H (NP (NN=H )) (VP=H (VBP=H ) (ADJP (JJ=H )))))) (. ))),1,90335,"0,0839312941"
(ROOT (S=H (NP (NNP=H )) (VP=H (VBD=H ) (SBAR (S=H (NP (NP=H (NNS ) (NX=H (NNP ) (NNP=H ))) (ADJP (JJ ) (JJ=H ))) (VP=H (VBP=H ) (ADJP (JJ=H )))))) (. ))),1,90336,"0,0839322232"
(ROOT (S=H (NP (NNP=H )) (VP=H (VBD=H ) (SBAR (S=H (NP (NP=H (NNS ) (NN ) (NNS=H )) (ADJP (JJ ) (JJ=H ))) (VP=H (VBP=H ) (ADJP (JJ=H )))))) (. ))),1,90337,"0,0839331523"
(ROOT (S=H (NP (NNP=H )) (VP=H (VBD=H ) (SBAR (S=H (NP (NNS ) (NX=H (NNP ) (NNP=H ))) (VP=H (VBD=H ) (SBAR (S=H (NP (NN=H )) (VP=H (VBP=H ) (ADJP (JJ=H ))))))))) (. ))),1,90338,"0,0839340814"
(ROOT (S=H (NP (NP=H (NNP ) (JJ ) (NNS ) (NNS=H )) (PP (IN=H ) (NP (NNP ) (NNS=H )))) (VP=H (VBD=H ) (SBAR (S=H (NP (NN=H )) (VP=H (VBP=H ) (ADJP (JJ=H )))))) (. ))),1,90339,"0,0839350105"
(ROOT (S=H (NP (NNP=H )) (VP=H (VBD=H ) (SBAR (S=H (NP (NNP ) (NNP ) (. ) (NNP ) (. ) (NNP ) (. ) (NNP ) (. ) (NNPS ) (NNP=H )) (VP=H (VBP=H ) (ADJP (JJ=H )))))) (. ))),1,90340,"0,0839359396"
(ROOT (S=H (NP (NNP=H )) (VP=H (VBD=H ) (NP (NP=H (NNS=H )) (SBAR (S=H (NP (NNP ) (NNP ) (NN=H )) (VP=H (VBD=H ) (SBAR (S=H (NP (NN=H )) (VP=H (VBP=H ) (ADJP (JJ=H )))))))))) (. ))),1,90341,"0,0839368687"
(ROOT (S=H (NP (NNP=H )) (VP=H (VBD=H ) (SBAR (S=H (NP (NP=H (NNP ) (NNP ) (NNS=H )) (PP (IN=H ) (NP (NNP ) (JJ ) (NN=H )))) (VP=H (VBP=H ) (ADJP (JJ=H )))))) (. ))),1,90342,"0,0839377978"
(ROOT (S=H (NP (NP=H (NNP ) (JJ ) (NNS ) (NNS=H )) (PP (IN=H ) (NP (NNP ) (NNP ) (NNS=H )))) (VP=H (VBD=H ) (SBAR (S=H (NP (NN=H )) (VP=H (VBP=H ) (ADJP (JJ=H )))))) (. ))),1,90343,"0,0839387269"
(ROOT (S=H (NP (NNP=H )) (VP=H (VBD=H ) (SBAR (S=H (NP (NP=H (NNP ) (NNP ) (NNS=H )) (PP (IN=H ) (NP (NNP=H )))) (VP=H (VBD=H ) (SBAR (S=H (NP (NN=H )) (VP=H (VBP=H ) (ADJP (JJ=H ))))))))) (. ))),1,90344,"0,0839396561"
(ROOT (S=H (NP (NNP=H )) (VP=H (VBD=H ) (NP (NP=H (NNS=H )) (SBAR (S=H (NP (NP=H (JJ ) (NN=H )) (PP (IN=H ) (NP (NNP=H ) (CD )))) (VP=H (VBD=H ) (SBAR (S=H (NP (NN=H )) (VP=H (VBP=H ) (ADJP (JJ=H )))))))))) (. ))),1,90345,"0,0839405852"
(ROOT (S=H (NP (NNP=H )) (VP=H (VBD=H ) (SBAR (S=H (NP (NNS ) (NN ) (NNS=H )) (VP=H (VBD=H ) (SBAR (S=H (NP (NN=H )) (VP=H (VBP=H ) (ADJP (JJ=H ))))))))) (. ))),1,90346,"0,0839415143"
(ROOT (S=H (NP (NNP=H )) (VP=H (VBD=H ) (NP (NP=H (NNS=H )) (SBAR (S=H (NP (NP=H (JJ ) (NN=H )) (PP (IN=H ) (NP (NP=H (NNP=H ) (CD )) (ADJP (JJ ) (JJ=H ))))) (VP=H (VBP=H ) (ADJP (JJ=H ))))))) (. ))),1,90347,"0,0839424434"
(ROOT (S=H (NP (NNP=H )) (VP=H (VBD=H ) (SBAR (S=H (NP (NNS=H )) (VP=H (VBD=H ) (SBAR (S=H (NP (NP=H (CD ) (NNS=H )) (ADJP (JJ ) (JJ=H ))) (VP=H (VBP=H ) (ADJP (JJ=H ))))))))) (. ))),1,90348,"0,0839433725"
(ROOT (S=H (NP (NP=H (NNP=H )) (PP (IN=H ) (NP (NP=H (DT ) (NNP=H )) (PP (IN=H ) (NP (DT ) (JJ ) (NNS=H )))))) (VP=H (VBP=H ) (ADJP (JJ=H ))) (. ))),1,90349,"0,0839443016"
(ROOT (S=H (NP (NP=H (NNP ) (NNP ) (NNP=H )) (PP (IN=H ) (NP (VBN ) (NNS=H )))) (VP=H (VBP=H ) (ADJP (JJ=H ))) (. ))),1,90350,"0,0839452307"
(ROOT (S=H (NP (NNP ) (NNP=H )) (VP=H (VB=H ) (NP (NP=H (NN=H )) (SBAR (WHNP=H (ADJP=H (JJ=H )) (NNS )) (S (VP=H (VBP=H ) (ADJP (JJ=H ))))))) (. ))),1,90351,"0,0839461598"
"(ROOT (S=H (NP (NAC (NNP=H ) (, ) (NNP )) (NN=H )) (VP=H (VBP=H ) (ADJP (JJ=H ))) (. )))",1,90352,"0,083947089"
(ROOT (S=H (ADVP (RB=H )) (NP (JJ ) (NN ) (CC ) (NN ) (NNS=H )) (VP=H (VBP=H ) (ADJP (JJ=H ))) (. ))),1,90353,"0,0839480181"
(ROOT (S=H (NP (NP=H (NNP ) (NNP=H )) (NP (PRP$ ) (NNS=H ))) (VP=H (VBP=H ) (ADJP (JJ=H ))) (. ))),1,90354,"0,0839489472"
(ROOT (S=H (NP (NP=H (NN=H )) (SBAR (S=H (VP=H (VBZ=H ) (ADVP (RB=H ))))) (PRN (-LRB- ) (NP=H (NN ) (NN ) (NNS=H )) (-RRB- ))) (VP=H (VBP=H ) (ADJP (JJ=H ))) (. ))),1,90355,"0,0839498763"
(ROOT (S=H (NP (NAC (NNPS=H ) (PP (IN=H ) (NP (NP=H (NNP ) (NNP=H )) (CC ) (NP (DT ) (NNP=H ))))) (NNP ) (NNP=H )) (VP=H (VBP=H ) (ADJP (JJ=H ))) (. ))),1,90356,"0,0839508054"
(ROOT (S=H (NP (NP=H (NNP ) (JJ ) (NNS ) (NNS=H )) (PP (IN=H ) (NP (NNP ) (NNP ) (NNS=H )))) (VP=H (VBP=H ) (ADJP (JJ=H ))) (. ))),1,90357,"0,0839517345"
"(ROOT (S=H (NP (NP=H (NNP=H )) (, ) (NP (NNP=H )) (, ) (NP (NNS=H )) (CC ) (NP (NN=H ))) (VP=H (VBP=H ) (ADJP (JJ=H ))) (. )))",1,90358,"0,0839526636"
(ROOT (S=H (NP (NP=H (ADJP (RB ) (JJ=H )) (NN=H )) (PP (IN=H ) (NP (NNP ) (NNPS=H )))) (VP=H (VBP=H ) (ADJP (JJ=H ))) (. ))),1,90359,"0,0839535927"
(ROOT (S=H (NP (NP=H (NNP=H ) (. )) (NP (DT ) (NN ) (NNS=H ))) (VP=H (VBP=H ) (ADJP (JJ=H ))) (. ))),1,90360,"0,0839545218"
(ROOT (S=H (S (VP=H (VBG=H ) (NP (NP=H (NNS ) (NNS=H )) (PP (IN=H ) (NP (NNP=H )))) (PP (IN=H ) (NP (NN=H ))))) (VP=H (VBP=H ) (ADJP (JJ=H ))) (. ))),1,90361,"0,083955451"
(ROOT (S=H (NP (JJ ) (ADJP (NP (CD ) (NNS=H )) (JJ=H )) (NNS=H )) (VP=H (VBP=H ) (ADJP (JJ=H ))) (. ))),1,90362,"0,0839563801"
"(ROOT (S=H (S (NP (NNS=H )) (VP=H (VBN=H ) (PP (IN=H ) (NP (NNPS ) (NNP=H ))))) (, ) (NP (NNP=H )) (VP=H (VBP=H ) (ADJP (JJ=H ))) (. )))",1,90363,"0,0839573092"
(ROOT (S=H (NP (NNP=H )) (VP=H (VBD=H ) (SBAR (S=H (NP (NNP ) (NNP ) (CD ) (NNP ) (NNS=H )) (VP=H (VBP=H ) (ADJP (JJ=H )))))) (. ))),1,90364,"0,0839582383"
(ROOT (S=H (NP (NNP=H )) (VP=H (VBD=H ) (SBAR (S=H (NP (NNP ) (NNP ) (CD ) (NNP ) (NNS=H )) (VP=H (VBD=H ) (SBAR (S=H (NP (NN=H )) (VP=H (VBP=H ) (ADJP (JJ=H ))))))))) (. ))),1,90365,"0,0839591674"
(ROOT (S=H (NP (NNP=H )) (VP=H (VBD=H ) (SBAR (S=H (NP (NP=H (NNP ) (NNP ) (CD ) (NNP ) (NNS=H )) (ADJP (JJ ) (JJ=H ))) (VP=H (VBP=H ) (ADJP (JJ=H )))))) (. ))),1,90366,"0,0839600965"
(ROOT (S=H (NP (NP=H (NNP=H )) (PP (IN=H ) (NP (ADJP (RB ) (JJ=H )) (NNS=H )))) (VP=H (VBP=H ) (ADJP (JJ=H ))) (. ))),1,90367,"0,0839610256"
(ROOT (S=H (NP (NP=H (NN ) (NN=H )) (PP (IN=H ) (NP (DT ) (JJ ) (NNP ) (NNS=H )))) (VP=H (VBP=H ) (ADJP (JJ=H ))) (. ))),1,90368,"0,0839619547"
(ROOT (S=H (NP (NP=H (NN=H )) (VP (VBG=H ) (PP (IN=H ) (NP (DT ) (JJ ) (NNP ) (NNP ) (NNP ) (NNS=H ))))) (VP=H (VBP=H ) (ADJP (JJ=H ))) (. ))),1,90369,"0,0839628839"
(ROOT (S=H (NP (NP=H (NNP=H )) (VP (VBN=H ) (NP (NP=H (NN ) (NN ) (NNS=H )) (PP (IN=H ) (NP (DT ) (NNP ) (NNPS=H )))))) (VP=H (VBP=H ) (ADJP (JJ=H ))) (. ))),1,90370,"0,083963813"
(ROOT (S=H (NP (NP=H (NNP ) (DT ) (NNP=H )) (CC ) (NP (DT ) (NNP ) (NNS=H ))) (VP=H (VBP=H ) (ADJP (JJ=H ))) (. ))),1,90371,"0,0839647421"
(ROOT (S=H (NP (NP=H (NP (NNP ) (NNS ) (POS=H )) (NNS=H )) (PP (IN=H ) (NP (DT ) (NNP ) (NNP=H )))) (VP=H (VBP=H ) (ADJP (JJ=H ))) (. ))),1,90372,"0,0839656712"
(ROOT (S=H (NP (NP=H (NNP=H )) (VP (VBG=H ) (PP (IN=H ) (NP (DT ) (NNPS ) (NNP ) (NN ) (NNS=H ))))) (VP=H (VBP=H ) (ADJP (JJ=H ))) (. ))),1,90373,"0,0839666003"
(ROOT (S=H (NP (NP=H (NNP ) (NNP=H )) (CC ) (NP (NP=H (DT ) (NNP ) (NNS=H )) (VP (VBG=H ) (NP (JJ ) (NNS=H ))))) (VP=H (VBP=H ) (ADJP (JJ=H ))) (. ))),1,90374,"0,0839675294"
(ROOT (S=H (NP (NP=H (NNP ) (NNPS ) (CC ) (NNP ) (NNS=H )) (VP (VBG=H ) (NP (JJ ) (NNS=H )))) (VP=H (VBP=H ) (ADJP (JJ=H ))) (. ))),1,90375,"0,0839684585"
(ROOT (S=H (NP (NP=H (NNP=H )) (PP (IN=H ) (NP (NP=H (DT ) (NNP ) (NNS=H )) (VP (VBG=H ) (NP (JJ ) (NNS=H )))))) (VP=H (VBP=H ) (ADJP (JJ=H ))) (. ))),1,90376,"0,0839693876"
(ROOT (S=H (NP (NP=H (NNP ) (NNP=H )) (PP (IN=H ) (NP (NP=H (DT ) (NNP ) (NNS=H )) (VP (VBG=H ) (NP (JJ ) (NNS=H )))))) (VP=H (VBP=H ) (ADJP (JJ=H ))) (. ))),1,90377,"0,0839703167"
(ROOT (S=H (NP (NP=H (NNPS ) (NNS=H )) (VP (VBG=H ) (NP (JJ ) (NNS=H )))) (VP=H (VBP=H ) (ADJP (JJ=H ))) (. ))),1,90378,"0,0839712459"
(ROOT (S=H (NP (NP=H (NNP=H )) (PP (IN=H ) (NP (NP=H (NNP ) (NNS=H )) (CC ) (NP (NN ) (NNS=H ))))) (VP=H (VBP=H ) (ADJP (JJ=H ))) (. ))),1,90379,"0,083972175"
(ROOT (S=H (NP (NP=H (JJ ) (NNS ) (NN=H )) (VP (VBG=H ) (NP (NNS=H )))) (VP=H (VBP=H ) (ADJP (JJ=H ))) (. ))),1,90380,"0,0839731041"
(ROOT (S=H (NP (NNP ) (JJ ) (NN=H )) (VP=H (VBD=H ) (SBAR (S=H (NP (NN ) (NNS=H )) (VP=H (VBP=H ) (ADJP (JJ=H )))))) (. ))),1,90381,"0,0839740332"
(ROOT (S=H (NP (NP=H (NP (NNPS ) (POS=H )) (NNS=H )) (PP (IN=H ) (NP (DT ) (NNP ) (NNP=H )))) (VP=H (VBP=H ) (ADJP (JJ=H ))) (. ))),1,90382,"0,0839749623"
(ROOT (S=H (NP (NP=H (NNP ) (JJ ) (NN=H )) (VP (VBG=H ) (NP (NNS=H )))) (VP=H (VBP=H ) (ADJP (JJ=H ))) (. ))),1,90383,"0,0839758914"
(ROOT (S=H (NP (NP=H (NNP=H )) (PP (IN=H ) (NP (NP=H (NP=H (NNP=H )) (PRN (-LRB- ) (NP=H (NNP=H )) (-RRB- ))) (NP (JJ ) (NN ) (NNS=H ))))) (VP=H (VBP=H ) (ADJP (JJ=H ))) (. ))),1,90384,"0,0839768205"
(ROOT (S=H (NP (NP=H (NNP ) (NNP=H )) (PP (IN=H ) (NP (NNP=H )))) (VP=H (VBZ=H ) (SBAR (S=H (NP (NNS=H )) (VP=H (VBP=H ) (ADJP (JJ=H )))))) (. ))),1,90385,"0,0839777496"
(ROOT (S=H (NP (NNP ) (NNP=H )) (VP=H (VBD=H ) (SBAR (S=H (NP (VBG ) (NN ) (NNS=H )) (VP=H (VBP=H ) (ADJP (JJ=H )))))) (. ))),1,90386,"0,0839786787"
(ROOT (S=H (PP (IN=H ) (NP (PRP$ ) (NNS=H ))) (NP (NP=H (JJ=H )) (PRN (-LRB- ) (NP=H (NN=H )) (-RRB- ))) (VP=H (VBP=H ) (ADJP (JJ=H ))) (. ))),1,90387,"0,0839796079"
(ROOT (S=H (NP (PRP=H )) (ADVP (RB=H )) (NP (NP=H (NNP ) (NNP=H )) (PRN (-LRB- ) (NP=H (NN=H )) (-RRB- ))) (VP=H (VBP=H ) (ADJP (JJ=H ))) (. ))),1,90388,"0,083980537"
(ROOT (S=H (NP (NNP ) (NNP=H )) (VP=H (VBP=H ) (ADJP (JJ=H ) (SBAR (S=H (NP (NNS=H )) (VP=H (VBP=H ) (ADJP (JJ=H ))))))) (. ))),1,90389,"0,0839814661"
(ROOT (S=H (NP (NP=H (JJ ) (NN=H )) (PP (IN=H ) (NP (DT ) (JJ ) (JJ ) (NNS=H )))) (VP=H (VBP=H ) (ADJP (JJ=H ))) (. ))),1,90390,"0,0839823952"
(ROOT (S=H (NP (NNP ) (NNPS ) (NN ) (NNP ) (NNP=H )) (VP=H (VBD=H ) (SBAR (S=H (NP (NN=H )) (VP=H (VBP=H ) (ADJP (JJ=H )))))) (. ))),1,90391,"0,0839833243"
"(ROOT (S=H (NP (NP=H (NNP=H )) (PP (IN=H ) (NP (NP=H (NNP=H )) (PP (IN=H ) (NP (NP=H (NNP ) (NNS=H )) (, ) (NP (NNS=H )) (, ) (CC ) (NP (NNS=H ))))))) (VP=H (VBP=H ) (ADJP (JJ=H ))) (. )))",1,90392,"0,0839842534"
(ROOT (S=H (NP (NP=H (NP (NNP ) (POS=H )) (NNS ) (NNS=H )) (PP (VBN=H ) (PP (IN=H ) (NP (NNP=H ))))) (VP=H (VBP=H ) (ADJP (JJ=H ))) (. ))),1,90393,"0,0839851825"
(ROOT (S=H (NP (NP=H (CD ) (NN=H )) (PP (IN=H ) (NP (DT ) (NNP ) (NNS=H )))) (VP=H (VBP=H ) (ADJP (JJ=H ))) (. ))),1,90394,"0,0839861116"
(ROOT (S=H (NP (NNP=H )) (VP=H (VBZ=H ) (SBAR (S=H (NP (NP=H (NNS=H )) (PP (IN=H ) (NP (DT ) (NNPS=H )))) (VP=H (VBP=H ) (ADJP (JJ=H )))))) (. ))),1,90395,"0,0839870408"
(ROOT (S=H (NP (NNP ) (NNP ) (NNPS ) (NN ) (NN=H )) (VP=H (VBZ=H ) (SBAR (S=H (NP (NNS=H )) (VP=H (VBP=H ) (ADJP (JJ=H )))))) (. ))),1,90396,"0,0839879699"
(ROOT (S=H (NP (NP=H (NNP ) (-LRB- ) (NN=H ) (-RRB- )) (PP (IN=H ) (NP (DT ) (NNP ) (NNPS=H )))) (VP=H (VBP=H ) (SBAR (S=H (NP (NNS=H )) (VP=H (VBP=H ) (ADJP (JJ=H )))))) (. ))),1,90397,"0,083988899"
(ROOT (S=H (NP (NP=H (JJ ) (NN ) (NN=H )) (PP (VBN=H ) (PP (IN=H ) (NP (NNS=H ))))) (VP=H (VBP=H ) (ADJP (JJ=H ))) (. ))),1,90398,"0,0839898281"
(ROOT (S=H (NP (NP=H (NNP ) (NNP=H )) (PP (IN=H ) (NP (NP=H (NNP ) (NN=H )) (PP (IN=H ) (NP (NNS=H )))))) (VP=H (VBP=H ) (ADJP (JJ=H ))) (. ))),1,90399,"0,0839907572"
(ROOT (S=H (NP (NNP=H )) (VP=H (VBD=H ) (NP (NP=H (NNS=H )) (SBAR (S=H (NP (NP=H (DT ) (NN=H )) (PP (IN=H ) (NP (NP=H (NNP=H )) (PP (TO=H ) (NP (DT ) (NNP=H )))))) (VP=H (VBP=H ) (ADJP (JJ=H ))))))) (. ))),1,90400,"0,0839916863"
(ROOT (S=H (NP (NNP=H )) (VP=H (VBD=H ) (NP (NP=H (NNS=H )) (SBAR (S=H (NP (NP=H (DT ) (NN=H )) (PP (IN=H ) (NP (NP=H (NNP=H )) (PP (TO=H ) (NP (DT ) (NNP ) (JJ ) (NN=H )))))) (VP=H (VBP=H ) (ADJP (JJ=H ))))))) (. ))),1,90401,"0,0839926154"
(ROOT (S=H (NP (NP=H (NNP=H )) (CC ) (NP (NN=H ))) (VP=H (VBP=H ) (SBAR (S=H (NP (NNS=H )) (VP=H (VBP=H ) (ADJP (JJ=H )))))) (. ))),1,90402,"0,0839935445"
(ROOT (S=H (NP (NP=H (NNP ) (JJ ) (NNS ) (NNS=H )) (PP (IN=H ) (NP (DT ) (JJ ) (NNS=H )))) (VP=H (VBP=H ) (ADJP (JJ=H ))) (. ))),1,90403,"0,0839944736"
(ROOT (S=H (NP (NP=H (NNP ) (JJ ) (NNS ) (NNS=H )) (PP (IN=H ) (NP (NP=H (DT ) (JJ ) (NNS=H )) (ADJP (JJ ) (JJ=H ))))) (VP=H (VBP=H ) (ADJP (JJ=H ))) (. ))),1,90404,"0,0839954028"
(ROOT (S=H (NP (NP=H (NNP ) (NNPS ) (NNP=H )) (PP (IN=H ) (NP (NP=H (NNPS ) (NNS=H )) (PP (IN=H ) (NP (NP=H (DT ) (NNP=H )) (PP (IN=H ) (NP (NNP=H )))))))) (VP=H (VBP=H ) (ADJP (JJ=H ))) (. ))),1,90405,"0,0839963319"
(ROOT (S=H (NP (NP=H (NP (NNS ) (POS=H )) (NNP=H )) (PP (IN=H ) (NP (NNP ) (NN ) (NN ) (NN ) (NNS=H )))) (VP=H (VBP=H ) (ADJP (JJ=H ))) (. ))),1,90406,"0,083997261"
(ROOT (S=H (NP (NP=H (NNP ) (NNPS ) (NNP=H )) (PP (IN=H ) (NP (NP=H (NNPS ) (NNS=H )) (PP (IN=H ) (NP (DT ) (NNP ) (NNPS ) (NNP ) (NNP=H )))))) (VP=H (VBP=H ) (ADJP (JJ=H ))) (. ))),1,90407,"0,0839981901"
(ROOT (S=H (NP (NP=H (NNP ) (NNPS ) (NNP=H )) (PP (IN=H ) (NP (NP=H (NNPS ) (NNS=H )) (PP (IN=H ) (NP (DT ) (NNP ) (NNP ) (NNP=H )))))) (VP=H (VBP=H ) (ADJP (JJ=H ))) (. ))),1,90408,"0,0839991192"
(ROOT (S=H (NP (NP=H (NNP ) (NNP=H )) (PP (IN=H ) (NP (NP=H (NNP ) (NNPS=H )) (PP (IN=H ) (NP (NNP ) (NNPS ) (NN ) (NN=H )))))) (VP=H (VBP=H ) (ADJP (JJ=H ))) (. ))),1,90409,"0,0840000483"
(ROOT (S=H (NP (NP=H (NP=H (NNP ) (NNP=H )) (PP (IN=H ) (NP (NP=H (NNP ) (NNPS=H )) (PP (IN=H ) (NP (NNP=H )))))) (PRN (-LRB- ) (NNP ) (NN=H ) (-RRB- ))) (VP=H (VBP=H ) (ADJP (JJ=H ))) (. ))),1,90410,"0,0840009774"
"(ROOT (S=H (NP (NP=H (NNP ) (NNP=H )) (PP (IN=H ) (NP (NP=H (NNP ) (NNPS=H )) (PP (IN=H ) (NP (NP=H (NNP ) (NNPS ) (NNP=H )) (, ) (NP (NNP=H ))))))) (VP=H (VBP=H ) (ADJP (JJ=H ))) (. )))",1,90411,"0,0840019065"
(ROOT (S=H (NP (NP=H (NNP ) (NNP=H )) (PP (IN=H ) (NP (NP=H (NNP ) (NNPS=H )) (PP (IN=H ) (NP (NNP ) (NNP ) (NNP=H )))))) (VP=H (VBP=H ) (ADJP (JJ=H ))) (. ))),1,90412,"0,0840028356"
(ROOT (S=H (NP (NNP ) (NNP=H )) (PP (IN=H ) (NP (NP (DT ) (NN ) (POS=H )) (JJ ) (NNS=H ))) (VP=H (VBP=H ) (ADJP (JJ=H ))) (. ))),1,90413,"0,0840037648"
(ROOT (S=H (NP (NP=H (NNP ) (NNP=H )) (PP (IN=H ) (NP (NP=H (NNP ) (NNPS=H )) (PP (IN=H ) (NP (NP=H (DT ) (NNP ) (NNPS=H )) (PP (IN=H ) (NP (NNP=H )))))))) (VP=H (VBP=H ) (ADJP (JJ=H ))) (. ))),1,90414,"0,0840046939"
(ROOT (S=H (NP (NP=H (NNP ) (NNP=H )) (PP (IN=H ) (NP (NP=H (NNP ) (NNPS=H )) (PP (IN=H ) (NP (DT ) (NNP ) (NNPS=H )))))) (VP=H (VBP=H ) (ADJP (JJ=H ))) (. ))),1,90415,"0,084005623"
(ROOT (S=H (NP (NP=H (NNP ) (NNP=H )) (PP (IN=H ) (NP (NP=H (NNP ) (NNPS=H )) (PP (IN=H ) (NP (DT ) (NNP ) (NNP ) (NNP ) (NNP=H )))))) (VP=H (VBP=H ) (ADJP (JJ=H ))) (. ))),1,90416,"0,0840065521"
(ROOT (S=H (NP (NP=H (NNP ) (NNP=H )) (PP (IN=H ) (NP (NP=H (NNP ) (NNPS=H )) (PP (IN=H ) (NP (DT ) (NNP ) (NNPS ) (NNP ) (NNP=H )))))) (VP=H (VBP=H ) (ADJP (JJ=H ))) (. ))),1,90417,"0,0840074812"
(ROOT (S=H (NP (NP=H (NNP=H )) (VP (VBG=H ) (NP (ADJP (NNP ) (JJ=H )) (JJ ) (NNS=H )))) (VP=H (VBP=H ) (ADJP (JJ=H ))) (. ))),1,90418,"0,0840084103"
(ROOT (S=H (NP (NNP=H )) (VP=H (VBD=H ) (NP (NP=H (NNS=H )) (SBAR (S=H (NP (CD ) (NNP ) (JJ ) (NN=H )) (VP=H (VBP=H ) (ADJP (JJ=H ))))))) (. ))),1,90419,"0,0840093394"
(ROOT (S=H (NP (NP=H (JJ ) (NNS ) (NNS=H )) (PP (IN=H ) (NP (NNP ) (NNP ) (CC ) (DT ) (NNPS=H )))) (VP=H (VBP=H ) (ADJP (JJ=H ))) (. ))),1,90420,"0,0840102685"
(ROOT (S=H (NP (NP=H (NP (JJ ) (NNS ) (POS=H )) (NNS=H ) (CC ) (NNS )) (PP (IN=H ) (NP (DT ) (NNP ) (NNPS=H )))) (VP=H (VBP=H ) (ADJP (JJ=H ))) (. ))),1,90421,"0,0840111977"
(ROOT (S=H (NP (NN=H )) (ADVP (RB=H )) (VP=H (VBZ=H ) (NP (PRP=H )) (SBAR (S=H (NP (NNP ) (NNP ) (NNS=H )) (VP=H (VBP=H ) (ADJP (JJ=H )))))) (. ))),1,90422,"0,0840121268"
(ROOT (S=H (NP (JJ ) (JJ ) (NN=H )) (PRN (-LRB- ) (NP=H (NN=H )) (-RRB- )) (NP (NN ) (NN ) (NNS=H )) (VP=H (VBP=H ) (ADJP (JJ=H ))) (. ))),1,90423,"0,0840130559"
(ROOT (S=H (NP-TMP (JJ ) (JJ ) (NN=H )) (NP (NN ) (NNS=H )) (VP=H (VBP=H ) (ADJP (JJ=H ))) (. ))),1,90424,"0,084013985"
(ROOT (NP=H (NP=H (NP=H (NNS=H )) (PP (IN=H ) (NP (NNP=H )))) (: ) (S (`` ) (NP (NNP=H )) (VP=H (VBP=H ) (ADJP (JJ=H )))) (. ))),1,90425,"0,0840149141"
(ROOT (S=H (NP (NP=H (NNP ) (NNP=H )) (CC ) (NP (NNP ) (NNPS ) (JJ ) (NNS=H ))) (VP=H (VBP=H ) (ADJP (JJ=H ))) (. ))),1,90426,"0,0840158432"
(ROOT (S=H (NP (NP=H (JJ ) (NN=H )) (VP (VBN=H ) (NP (NNS=H )))) (VP=H (VBP=H ) (ADJP (JJ=H ))) (. ))),1,90427,"0,0840167723"
(ROOT (S=H (NP (NP=H (NNP ) (NNP=H )) (PP (IN=H ) (NP (JJ ) (CC ) (NN ) (NNS=H )))) (VP=H (VBP=H ) (ADJP (JJ=H ))) (. ))),1,90428,"0,0840177014"
(ROOT (S=H (NP (NNP ) (NNPS ) (NNS=H )) (VP=H (VBZ=H ) (NP (NP=H (JJ ) (NN ) (NN=H )) (SBAR (S=H (NP (NN ) (NNS=H )) (VP=H (VBP=H ) (ADJP (JJ=H ))))))) (. ))),1,90429,"0,0840186305"
(ROOT (S=H (NP (NNP ) (CC ) (DT ) (NNP ) (NNPS ) (NN=H )) (VP=H (VBP=H ) (ADJP (JJ=H ))) (. ))),1,90430,"0,0840195597"
"(ROOT (S=H (S (NP=H (NP=H (NNS=H )) (PP (IN=H ) (NP (JJ ) (NNP=H ))))) (, ) (NP (NNP=H )) (VP=H (VBP=H ) (ADJP (JJ=H ))) (. )))",1,90431,"0,0840204888"
(ROOT (S=H (NP (NP=H (NNP=H )) (PP (IN=H ) (NP (NP=H (NNP ) (NNP ) (NNP=H )) (PP (IN=H ) (NP (NNP ) (NNS=H )))))) (VP=H (VBP=H ) (ADJP (JJ=H ))) (. ))),1,90432,"0,0840214179"
(ROOT (S=H (NP (NNP=H )) (VP=H (VBP=H ) (NP (NP=H (NNS=H )) (SBAR (S=H (VP=H (VBP=H ) (ADJP (JJ=H ))))))) (. ))),1,90433,"0,084022347"
(ROOT (S=H (NP (NP=H (NNP=H )) (PP (IN=H ) (NP (NP=H (NP (NNP ) (POS=H )) (NNP=H )) (PP (IN=H ) (NP (NNP ) (NNS=H )))))) (VP=H (VBP=H ) (ADJP (JJ=H ))) (. ))),1,90434,"0,0840232761"
(ROOT (S=H (NP (NP=H (NNP ) (NNP=H )) (PP (IN=H ) (S (NP (NNP ) (NNPS ) (NNS=H )) (VP=H (VBG=H ) (NP (NNS=H )))))) (VP=H (VBP=H ) (ADJP (JJ=H ))) (. ))),1,90435,"0,0840242052"
(ROOT (FRAG=H (NP (NN=H )) (: ) (S=H (NP (DT ) (NNP ) (NN ) (NN=H )) (VP=H (VBP=H ) (ADJP (JJ=H )))) (. ))),1,90436,"0,0840251343"
(ROOT (S=H (NP (NNP ) (NNP ) (NNP ) (NNPS ) (NN ) (NN=H )) (VP=H (VBP=H ) (ADJP (JJ=H ))) (. ))),1,90437,"0,0840260634"
(ROOT (S=H (NP (NP=H (NP=H (CD=H )) (NP (NNP ) (NNPS ) (NNP=H ))) (CC ) (NP (NP=H (DT ) (NNP ) (NNP=H )) (PP (IN=H ) (NP (NNP ) (NNP=H ))))) (VP=H (VBP=H ) (ADJP (JJ=H ))) (. ))),1,90438,"0,0840269925"
(ROOT (S=H (NP (NP=H (NNP=H )) (SBAR (WHNP=H (WP=H )) (S (NP (NNS=H )) (VP=H (VBZ=H ))))) (VP=H (VBP=H ) (ADJP (JJ=H ))) (. ))),1,90439,"0,0840279217"
(ROOT (S=H (NP (NP=H (NNP=H )) (PP (IN=H ) (NP (NNP=H ) (CC ) (NNP ))) (PP (IN=H ) (NP (NNP ) (NNP ) (NNS=H )))) (VP=H (VBP=H ) (ADJP (JJ=H ))) (. ))),1,90440,"0,0840288508"
(ROOT (S=H (PP (IN=H ) (NP (NP=H (NNP=H )) (PP (IN=H ) (NP (NP=H (NNP=H )) (PP (IN=H ) (NP (NNP=H ))))))) (NP (NNP=H )) (VP=H (VBP=H ) (ADJP (JJ=H ))) (. ))),1,90441,"0,0840297799"
(ROOT (S=H (NP (NNP=H )) (VP=H (VBD=H ) (SBAR (S=H (NP (NP=H (NNS=H )) (PP (IN=H ) (NP (NP=H (NNP=H )) (PP (IN=H ) (NP (NNP=H )))))) (VP=H (VBP=H ) (ADJP (JJ=H )))))) (. ))),1,90442,"0,084030709"
(ROOT (S=H (NP (NNP=H )) (VP=H (VBD=H ) (SBAR (S=H (NP (NP=H (NNS=H )) (PP (IN=H ) (NP (NP (NNP ) (POS=H )) (NNP=H )))) (VP=H (VBP=H ) (ADJP (JJ=H )))))) (. ))),1,90443,"0,0840316381"
(ROOT (S=H (NP (NP=H (NNP ) (NNPS ) (CC ) (NNP ) (NNS=H )) (VP (VBN=H ) (PP (IN=H ) (NP (NN=H ))))) (VP=H (VBP=H ) (ADJP (JJ=H ))) (. ))),1,90444,"0,0840325672"
(ROOT (S=H (NP (NNP=H )) (VP=H (VBD=H ) (SBAR (S=H (NP (NP=H (NNS=H )) (PP (IN=H ) (NP (NNP ) (NNP ) (JJ ) (NNS=H )))) (VP=H (VBP=H ) (ADJP (JJ=H )))))) (. ))),1,90445,"0,0840334963"
"(ROOT (S=H (NP (NP=H (NN=H )) (, ) (NP (NN=H )) (, ) (NP (NNS=H )) (, ) (NP (JJ ) (NN=H ))) (VP=H (VBP=H ) (ADJP (JJ=H ))) (. )))",1,90446,"0,0840344254"
"(ROOT (S=H (NP (NP=H (NNP=H )) (PP (IN=H ) (NP (NP=H (NNP ) (NNP=H )) (, ) (NP (NNS=H ))))) (VP=H (VBP=H ) (ADJP (JJ=H ))) (. )))",1,90447,"0,0840353546"
(ROOT (S=H (NP (NP=H (NNP ) (NNP ) (NNPS ) (NNP=H )) (VP (VBN=H ) (PP (TO=H ) (NP (NN=H ))))) (VP=H (VBP=H ) (ADJP (JJ=H ))) (. ))),1,90448,"0,0840362837"
(ROOT (S=H (NP (NP=H (NNP=H )) (PP (IN=H ) (NP (DT ) (NNP ) (NNS=H ))) (VP (VBN=H ) (PP (TO=H ) (NP (NN ) (NN=H ))))) (VP=H (VBP=H ) (ADJP (JJ=H ))) (. ))),1,90449,"0,0840372128"
(ROOT (S=H (NP (NNP=H )) (VP=H (VBD=H ) (SBAR (S=H (NP (NP=H (NP=H (NNP ) (NNPS=H )) (PP (IN=H ) (NP (DT ) (NNP=H )))) (PRN (-LRB- ) (NP=H (NP=H (NNP ) (NNP=H )) (NP (NN=H ))) (-RRB- ))) (VP=H (VBP=H ) (ADJP (JJ=H )))))) (. ))),1,90450,"0,0840381419"
(ROOT (S=H (NP (NP=H (NNP ) (NNPS ) (NNP ) (NNP ) (NNS=H )) (VP (VBG=H ) (NP (JJ ) (NNS=H )))) (VP=H (VBP=H ) (ADJP (JJ=H ))) (. ))),1,90451,"0,084039071"
(ROOT (S=H (NP (ADJP (ADJP=H (JJ=H )) (PRN (-LRB- ) (NP=H (NN ) (NN=H )) (-RRB- ))) (NN ) (NNS=H )) (VP=H (VBP=H ) (ADJP (JJ=H ))) (. ))),1,90452,"0,0840400001"
(ROOT (S=H (NP (NP=H (NNP ) (NNP=H )) (PP (IN=H ) (NP (NP=H (NNP ) (NNS=H )) (VP (VBG=H ) (NP (JJ ) (NNS=H )))))) (VP=H (VBP=H ) (ADJP (JJ=H ))) (. ))),1,90453,"0,0840409292"
"(ROOT (S=H (NP (NAC (NNP=H ) (PP (IN=H ) (NP (NNP ) (, ) (NNP=H )))) (NN=H )) (VP=H (VBP=H ) (ADJP (JJ=H ))) (. )))",1,90454,"0,0840418583"
(ROOT (S=H (NP (NNP=H )) (VP=H (VBD=H ) (SBAR (S=H (NP (NP=H (NNS=H )) (ADJP (JJ=H ) (NP (CD ) (NNS=H )))) (VP=H (VBP=H ) (ADJP (JJ=H )))))) (. ))),1,90455,"0,0840427874"
(ROOT (S=H (PP (TO=H ) (NP (NNP=H ))) (NP (NNP=H )) (VP=H (VBP=H ) (ADJP (JJ=H ))) (. ))),1,90456,"0,0840437166"
(ROOT (NP=H (NP=H (NNP=H )) (: ) (S (NP (NP=H (JJ ) (NNS=H )) (PP (IN=H ) (NP (NN=H )))) (VP=H (VBP=H ) (ADJP (JJ=H )))) (. ))),1,90457,"0,0840446457"
(ROOT (S=H (NP (DT=H )) (VP=H (VBD=H ) (SBAR (S=H (NP (NNP=H )) (VP=H (VBP=H ) (ADJP (JJ=H )))))) (. ))),1,90458,"0,0840455748"
(ROOT (S=H (NP (ADJP (JJ=H ) (PP (IN=H ) (NP (NN=H )))) (NNP ) (NNS=H )) (VP=H (VBP=H ) (ADJP (JJ=H ))) (. ))),1,90459,"0,0840465039"
(ROOT (S=H (NP (NP=H (NNP ) (NN=H )) (PP (IN=H ) (PP (IN=H ) (NP (DT ) (JJ ) (NNPS=H ))))) (VP=H (VBP=H ) (ADJP (JJ=H ))) (. ))),1,90460,"0,084047433"
(ROOT (S=H (NP (NP=H (NNP ) (JJ ) (NNS ) (NNS=H )) (PP (IN=H ) (NP (NP (NNS ) (POS=H )) (JJ ) (JJ ) (VBG ) (NNS=H )))) (VP=H (VBP=H ) (ADJP (JJ=H ))) (. ))),1,90461,"0,0840483621"
(ROOT (S=H (NP (NP=H (NNP ) (JJ ) (NNS ) (NNS=H )) (PP (IN=H ) (NP (NP (NNS ) (POS=H )) (JJ ) (JJ ) (VBG ) (NNS=H )))) (VP=H (VBD=H ) (SBAR (S=H (NP (NN=H )) (VP=H (VBP=H ) (ADJP (JJ=H )))))) (. ))),1,90462,"0,0840492912"
(ROOT (S=H (NP (NP=H (FW ) (FW ) (FW ) (FW ) (FW=H )) (NP (NNP ) (NNS=H ))) (VP=H (VBP=H ) (ADJP (JJ=H ))) (. ))),1,90463,"0,0840502203"
(ROOT (S=H (NP (NNP ) (NNP ) (NNP ) (NNP ) (NNP ) (NN=H )) (VP=H (VBZ=H ) (SBAR (S=H (NP (NNS=H )) (VP=H (VBP=H ) (ADJP (JJ=H )))))) (. ))),1,90464,"0,0840511495"
(ROOT (S=H (NP (DT ) (NNP ) (NNS ) (NN=H )) (VP=H (VBP=H ) (ADJP (JJ=H ))) (. ))),1,90465,"0,0840520786"
(ROOT (S=H (NP (JJ ) (ADJP (JJ=H ) (PP (IN=H ) (NP (NNP ) (NNP ) (NNP=H )))) (NNS=H )) (VP=H (VBP=H ) (ADJP (JJ=H ))) (. ))),1,90466,"0,0840530077"
(ROOT (S=H (NP (NP=H (NNP ) (NNP=H )) (CC ) (NP (DT ) (NNP ) (NNP ) (JJ ) (NNS=H ))) (VP=H (VBP=H ) (ADJP (JJ=H ))) (. ))),1,90467,"0,0840539368"
(ROOT (S=H (NP (NP=H (JJ ) (NNS ) (NN=H )) (PP (IN=H ) (NP (DT ) (NNP ) (NNP ) (NNP ) (NNP=H )))) (VP=H (VBP=H ) (ADJP (JJ=H ))) (. ))),1,90468,"0,0840548659"
(ROOT (S=H (NP (NP=H (NNP ) (JJ ) (NNS ) (NNS=H )) (PP (IN=H ) (NP (NP=H (NNS=H )) (PP (IN=H ) (NP (NNP=H )))))) (VP=H (VBP=H ) (ADJP (JJ=H ))) (. ))),1,90469,"0,084055795"
(ROOT (S=H (NP (NNP=H )) (VP=H (VBD=H ) (SBAR (S=H (NP (NP (NNP ) (NNP ) (POS=H )) (NNS=H )) (VP=H (VBP=H ) (ADJP (JJ=H )))))) (. ))),1,90470,"0,0840567241"
(ROOT (S=H (NP (NP=H (NN=H ) (CC ) (NN )) (PP (IN=H ) (NP (NNP ) (NNP ) (JJ ) (NNS=H )))) (VP=H (VBP=H ) (ADJP (JJ=H ))) (. ))),1,90471,"0,0840576532"
(ROOT (S=H (NP (NP=H (NNP ) (NNP ) (NNPS ) (NNP ) (NNP=H )) (CC ) (NP (NNP=H ))) (VP=H (VBP=H ) (ADJP (JJ=H ))) (. ))),1,90472,"0,0840585823"
(ROOT (S=H (NP (NP=H (NP=H (NNP=H ) (. )) (NP (NP (NNP ) (POS=H )) (NNS=H ))) (PRN (-LRB- ) (NP=H (NNP=H )) (-RRB- ))) (VP=H (VBP=H ) (ADJP (JJ=H ))) (. ))),1,90473,"0,0840595115"
(ROOT (FRAG=H (NP (NNP=H )) (: ) (S=H (NP (NP=H (DT ) (NNS=H )) (PP (IN=H ) (NP (NP=H (NN ) (NN ) (NNS=H )) (PP (TO=H ) (NP (NNS=H )))))) (VP=H (VBP=H ) (ADJP (JJ=H )))) (. ))),1,90474,"0,0840604406"
(ROOT (S=H (NP (NP=H (NP=H (NNP=H )) (PRN (-LRB- ) (NNP ) (NN=H ) (-RRB- )) (NP (NNS=H ))) (CC ) (NP (NP=H (NNS=H )) (NP (JJ ) (NNS=H )))) (VP=H (VBP=H ) (ADJP (JJ=H ))) (. ))),1,90475,"0,0840613697"
(ROOT (S=H (NP (NNP=H )) (VP=H (VBD=H ) (SBAR (S=H (NP (NP=H (NNP ) (NNPS=H )) (PP (IN=H ) (NP (DT ) (NNP=H )))) (VP=H (VBP=H ) (ADJP (JJ=H )))))) (. ))),1,90476,"0,0840622988"
(ROOT (S=H (NP (NNP=H )) (VP=H (VBD=H ) (SBAR (S=H (NP (NP=H (NNP ) (NNPS=H )) (PP (IN=H ) (NP (DT ) (NNP ) (JJ ) (NN=H )))) (VP=H (VBP=H ) (ADJP (JJ=H )))))) (. ))),1,90477,"0,0840632279"
(ROOT (S=H (NP (ADJP (ADJP=H (NNP=H ) (NNP )) (PRN (-LRB- ) (NP=H (NNP ) (NNP=H )) (-RRB- ))) (NN ) (NNS=H )) (VP=H (VBP=H ) (ADJP (JJ=H ))) (. ))),1,90478,"0,084064157"
(ROOT (S=H (NP (NP=H (NNP ) (CC ) (NNP ) (NNP ) (NNP=H )) (PP (IN=H ) (NP (NN ) (NNS=H )))) (VP=H (VBP=H ) (ADJP (JJ=H ))) (. ))),1,90479,"0,0840650861"
(ROOT (FRAG=H (NP=H (NP=H (NNS=H )) (SBAR (WHNP=H (NP=H (WP$ ) (JJ ) (NN=H )) (PP (IN=H ) (NP (CD=H ) (CC ) (CD )))) (S (VP=H (VBP=H ) (ADJP (JJ=H )))))) (. ))),1,90480,"0,0840660152"
(ROOT (S=H (NP (NP=H (NNP ) (NNP ) (POS=H )) (PP (IN=H ) (NP (NN=H )))) (VP=H (VBP=H ) (ADJP (JJ=H ))) (. ))),1,90481,"0,0840669443"
(ROOT (FRAG=H (NP (NNP=H )) (: ) (S=H (NP (NP=H (NNP ) (NNP ) (NNP ) (NN ) (NNS=H )) (PP (TO=H ) (NP (NNS=H )))) (VP=H (VBP=H ) (ADJP (JJ=H )))) (. ))),1,90482,"0,0840678735"
(ROOT (S=H (NP (NP=H (NNP=H )) (VP (VBN=H ) (PP (IN=H ) (NP (DT ) (NNP ) (NNP ) (NNPS ) (NN=H ))))) (VP=H (VBP=H ) (ADJP (JJ=H ))) (. ))),1,90483,"0,0840688026"
(ROOT (S=H (NP (NP=H (NNP ) (CC ) (NNP ) (NNP=H )) (VP (VBG=H ) (NP (VBN ) (NNS=H )))) (VP=H (VBP=H ) (ADJP (JJ=H ))) (. ))),1,90484,"0,0840697317"
(ROOT (S=H (NP (JJ ) (NNP ) (CC ) (NNP ) (NNP=H )) (VP=H (VBP=H ) (ADJP (JJ=H ))) (. ))),1,90485,"0,0840706608"
(ROOT (S=H (NP (NNP=H )) (VP=H (VBD=H ) (SBAR (S=H (NP (NN ) (CC ) (NN ) (NN ) (NNS=H )) (VP=H (VBP=H ) (ADJP (JJ=H )))))) (. ))),1,90486,"0,0840715899"
(ROOT (S=H (NP (NNP=H )) (VP=H (VBD=H ) (SBAR (S=H (NP (PRP=H )) (VP=H (VBP=H ) (NP (NP=H (NNS=H )) (SBAR (WHNP=H (WDT=H )) (S (VP=H (VBP=H ) (ADJP (JJ=H ) (SBAR (S=H (NP (NNS=H )) (VP=H (VBP=H ) (ADJP (JJ=H )))))))))))))) (. ))),1,90487,"0,084072519"
(ROOT (S=H (NP (NNP=H )) (VP=H (VBD=H ) (SBAR (S=H (NP (NP=H (NN ) (NNS=H )) (PP (IN=H ) (NP (VBN ) (NNS=H )))) (VP=H (VBP=H ) (ADJP (JJ=H )))))) (. ))),1,90488,"0,0840734481"
(ROOT (S=H (NP (NP=H (NNP ) (NNPS ) (NN=H )) (VP (VBG=H ) (NP (NNS=H )) (PP (IN=H ) (NP (NN=H ))))) (VP=H (VBP=H ) (ADJP (JJ=H ))) (. ))),1,90489,"0,0840743772"
(ROOT (S=H (NP (NP=H (NNP ) (NNP=H )) (PP (IN=H ) (NP (NP=H (NNP=H )) (PP (IN=H ) (NP (NNS=H )))))) (VP=H (VBP=H ) (ADJP (JJ=H ))) (. ))),1,90490,"0,0840753064"
(ROOT (S=H (NP (NNP=H )) (VP=H (VBD=H ) (NP (NP=H (NNS=H )) (SBAR (S=H (NP (JJ ) (NNS=H )) (VP=H (VBD=H ) (SBAR (S=H (NP (NN=H )) (VP=H (VBP=H ) (ADJP (JJ=H )))))))))) (. ))),1,90491,"0,0840762355"
(ROOT (S=H (NP (NP=H (NNP ) (NNP=H )) (NP (JJ ) (NN ) (JJ ) (NN ) (NN ) (NNS=H ))) (VP=H (VBP=H ) (ADJP (JJ=H ))) (. ))),1,90492,"0,0840771646"
(ROOT (S=H (NP (JJ ) (NN=H )) (PRN (-LRB- ) (NP=H (NNP=H )) (-RRB- )) (NP (NN ) (NNS=H )) (VP=H (VBP=H ) (ADJP (JJ=H ))) (. ))),1,90493,"0,0840780937"
(ROOT (S=H (NP (NP=H (NNP ) (CC ) (NNS ) (NN ) (NNS=H )) (PP (TO=H ) (NP (NNS=H )))) (VP=H (VBP=H ) (ADJP (JJ=H ))) (. ))),1,90494,"0,0840790228"
(ROOT (S=H (S (VP=H (VBN=H ) (S (VP=H (VBG=H ) (NP (NNS=H )) (PP (IN=H ) (NP (NNP ) (NNP=H ))))))) (NP (PRP=H )) (VP=H (VBP=H ) (ADJP (JJ=H ))) (. ))),1,90495,"0,0840799519"
(ROOT (S=H (NP (NNP ) (NNP=H )) (PRN (-LRB- ) (NP=H (NNP ) (NNP=H )) (-RRB- )) (NP (JJ ) (JJ ) (NNS=H )) (VP=H (VBP=H ) (ADJP (JJ=H ))) (. ))),1,90496,"0,084080881"
(ROOT (S=H (NP (NP=H (JJ ) (NN=H )) (PP (TO=H ) (NP (DT ) (NNP ) (NNPS=H )))) (VP=H (VBP=H ) (ADJP (JJ=H ))) (. ))),1,90497,"0,0840818101"
(ROOT (S=H (NP (NP=H (NNP ) (NNP=H )) (PP (IN=H ) (S (NP (NNP ) (NNPS ) (NNS=H )) (VP=H (VBG=H ) (NP (NN=H )))))) (VP=H (VBP=H ) (ADJP (JJ=H ))) (. ))),1,90498,"0,0840827392"
(ROOT (FRAG=H (NP (JJ ) (NN=H )) (: ) (S=H (NP (NNP ) (NNP ) (NN ) (NNS=H )) (VP=H (VBP=H ) (ADJP (JJ=H )))) (. ))),1,90499,"0,0840836684"
(ROOT (S=H (NP (NP=H (NP=H (NNP ) (NNP ) (NNP=H )) (NP (RBS=H ))) (NP (JJ ) (JJ ) (NN ) (NNS=H ))) (VP=H (VBP=H ) (ADJP (JJ=H ))) (. ))),1,90500,"0,0840845975"
(ROOT (FRAG=H (NP (NP=H (NNS=H )) (PP (IN=H ) (NP (NNP ) (NNP=H )))) (: ) (S=H (NP (NNP=H )) (VP=H (VBP=H ) (ADJP (JJ=H )))) (. ))),1,90501,"0,0840855266"
(ROOT (FRAG=H (NP (NN=H )) (: ) (S=H (NP (PRP=H )) (VP=H (VBP=H ) (NP (NP=H (JJ ) (NNS=H )) (SBAR (S=H (VP=H (VBP=H ) (ADJP (JJ=H )))))))) (. ))),1,90502,"0,0840864557"
(ROOT (NP=H (NP=H (NP=H (DT ) (NNPS=H )) (PP (IN=H ) (NP (NNP ) (NNP=H )))) (: ) (NP (NP=H (NN ) (NN=H )) (SBAR (S=H (NP (JJ ) (NNS=H )) (VP=H (VBP=H ) (ADJP (JJ=H )))))) (. ))),1,90503,"0,0840873848"
(ROOT (S=H (NP (NP=H (NNP ) (FW ) (NNP ) (CC ) (NNP ) (NNP=H )) (NP (NNS=H ))) (VP=H (VBP=H ) (ADJP (JJ=H ))) (. ))),1,90504,"0,0840883139"
(ROOT (S=H (NP (NNP=H )) (VP=H (VBD=H ) (SBAR (S=H (NP (NNP ) (NN ) (CC ) (NN ) (NNS=H )) (VP=H (VBP=H ) (ADJP (JJ=H )))))) (. ))),1,90505,"0,084089243"
(ROOT (S=H (NP (NP=H (NNP ) (NNP=H )) (PP (IN=H ) (NP (NNP ) (NNP ) (NNP ) (NNPS ) (NNS=H ))) (PP (IN=H ) (NP (NN=H )))) (VP=H (VBP=H ) (ADJP (JJ=H ))) (. ))),1,90506,"0,0840901721"
(ROOT (S=H (NP (NP=H (NNP ) (NNP=H )) (PP (IN=H ) (NP (NNP ) (NNP ) (NNPS ) (NNS=H ))) (PP (IN=H ) (NP (NN=H )))) (VP=H (VBP=H ) (ADJP (JJ=H ))) (. ))),1,90507,"0,0840911012"
"(ROOT (S=H (NP (NP=H (NNS ) (, ) (NN=H ) (CC ) (NNS )) (PP (IN=H ) (NP (NNP=H )))) (VP=H (VBP=H ) (ADJP (JJ=H ))) (. )))",1,90508,"0,0840920304"
(ROOT (S=H (NP (NP=H (NNS ) (NNS=H )) (PP (IN=H ) (NP (NN ) (NN=H )))) (VP=H (VBP=H ) (ADJP (JJ=H ))) (. ))),1,90509,"0,0840929595"
(ROOT (S=H (NP (NP=H (NN=H )) (PP (IN=H ) (NP (NP=H (NNP ) (NNPS ) (NNP=H )) (PP (IN=H ) (NP (JJ ) (JJ ) (NN=H )))))) (VP=H (VBP=H ) (ADJP (JJ=H ))) (. ))),1,90510,"0,0840938886"
(ROOT (S=H (NP (NP=H (NP (NNS ) (POS=H )) (NNP ) (NNP ) (NN=H )) (PP (IN=H ) (NP (DT ) (NNP ) (NNP ) (NNP=H )))) (VP=H (VBP=H ) (ADJP (JJ=H ))) (. ))),1,90511,"0,0840948177"
(ROOT (S=H (NP (NP (NNS ) (POS=H )) (NNP ) (NNP ) (NNS=H )) (VP=H (VBD=H ) (SBAR (IN=H ) (S (NP (DT ) (NNP ) (NNP ) (NNP=H )) (VP=H (VBP=H ) (ADJP (JJ=H )))))) (. ))),1,90512,"0,0840957468"
(ROOT (S=H (NP (NP=H (JJ ) (NN=H )) (VP (VBN=H ) (PP (IN=H ) (NP (NP=H (DT ) (NN=H )) (PP (IN=H ) (NP (NNP ) (NNPS=H ))))))) (VP=H (VBP=H ) (ADJP (JJ=H ))) (. ))),1,90513,"0,0840966759"
(ROOT (S=H (NP (NP=H (NNP=H )) (PP (IN=H ) (NP (JJ ) (PRN (-LRB- ) (NP=H (NNS=H )) (-RRB- )) (NNS=H ))) (PP (IN=H ) (NP (NN=H )))) (VP=H (VBP=H ) (ADJP (JJ=H ))) (. ))),1,90514,"0,084097605"
(ROOT (S=H (NP (NP=H (NNP ) (NNP ) (NNP ) (JJ ) (NN=H )) (VP (VBG=H ) (NP (NNS=H )))) (VP=H (VBP=H ) (ADJP (JJ=H ))) (. ))),1,90515,"0,0840985341"
(ROOT (S=H (NP (NNP ) (NNP ) (NN=H )) (VP=H (VBD=H ) (SBAR (S=H (NP (NNS=H )) (VP=H (VBP=H ) (ADJP (JJ=H )))))) (. ))),1,90516,"0,0840994633"
(ROOT (S=H (NP (NP=H (NNP ) (NNP=H )) (CC ) (NP (DT ) (JJ ) (NNS=H ) (CC ) (NNS ))) (VP=H (VBP=H ) (ADJP (JJ=H ))) (. ))),1,90517,"0,0841003924"
(ROOT (S=H (NP (NP=H (NNP ) (NNP=H )) (CC ) (NP (NP=H (DT ) (NNP ) (NNS=H )) (VP (VBN=H ) (PP (IN=H ) (NP (NN=H )))))) (VP=H (VBP=H ) (ADJP (JJ=H ))) (. ))),1,90518,"0,0841013215"
(ROOT (S=H (NP (NP=H (NNP ) (NNP=H )) (CC ) (NP (NP=H (DT ) (NNP ) (NNS=H )) (VP (VBN=H ) (PP (TO=H ) (NP (NN=H )))))) (VP=H (VBP=H ) (ADJP (JJ=H ))) (. ))),1,90519,"0,0841022506"
(ROOT (S=H (NP (NP=H (NNP ) (NNP=H )) (CC ) (NP (NP=H (DT ) (NNP ) (NNS=H )) (PP (IN=H ) (NP (DT ) (NNP ) (NNPS=H ))))) (VP=H (VBP=H ) (ADJP (JJ=H ))) (. ))),1,90520,"0,0841031797"
(ROOT (S=H (NP (NP=H (NNP ) (NNP=H )) (CC ) (NP (DT ) (NNP ) (NNP ) (NNPS=H ))) (VP=H (VBP=H ) (ADJP (JJ=H ))) (. ))),1,90521,"0,0841041088"
(ROOT (S=H (S=H (NP (NNP=H )) (VP=H (VBD=H ) (NP (NP=H (NNP ) (NNPS=H )) (PP (IN=H ) (NP (NNP=H )))))) (: ) (S (NP (DT ) (JJ ) (NN=H )) (VP=H (VBP=H ) (ADJP (JJ=H )))) (. ))),1,90522,"0,0841050379"
(ROOT (S=H (S=H (NP (NNP=H )) (VP=H (VBD=H ) (NP (NP=H (NNP ) (NNPS=H )) (PP (IN=H ) (NP (NNP=H )))))) (: ) (S (NP (DT ) (JJ ) (NNP ) (JJ ) (NN=H )) (VP=H (VBP=H ) (ADJP (JJ=H )))) (. ))),1,90523,"0,084105967"
(ROOT (S=H (SBAR (PRN (NP=H (NP=H (NNP=H )) (NP (NP=H (NNS=H )) (VP (IN=H ) (S (NP=H (POS=H )))))) (-RRB- )) (S=H (NP (PRN=H (: ) (NP=H (NNP=H )))) (VP=H (VBP=H ) (PP (IN=H ) (NP (NN=H )))))) (VP=H (VBP=H ) (ADJP (JJ=H ))) (. ))),1,90524,"0,0841068961"
(ROOT (S=H (S=H (VP=H (VP=H (VBD=H )) (PRN (S=H (NP (NNP=H )) (VP=H (VBD=H ) (PRT (RP=H )) (S (NP=H (POS=H ))))) (-RRB- )))) (: ) (S (NP (NP=H (NNP ) (NNP=H )) (PP (IN=H ) (NP (NN=H )))) (VP=H (VBP=H ) (ADJP (JJ=H )))) (. ))),1,90525,"0,0841078253"
(ROOT (S=H (NP (NP=H (NN=H )) (PRN (-LRB- ) (NP=H (JJ ) (JJ ) (NNS=H )) (-RRB- ))) (VP=H (VBP=H ) (ADJP (JJ=H ))) (. ))),1,90526,"0,0841087544"
(ROOT (S=H (NP (NP=H (NP (NNP ) (POS=H )) (NNS ) (NN=H )) (PP (IN=H ) (NP (NNP=H )))) (VP=H (VBP=H ) (ADJP (JJ=H ))) (. ))),1,90527,"0,0841096835"
(ROOT (S=H (NP (NP=H (NNP ) (NNP=H )) (PP (IN=H ) (NP (NP=H (NNP ) (NNPS=H )) (PP (IN=H ) (NP (NP=H (NNP=H )) (PP (IN=H ) (NP (NN ) (CC ) (NN ) (NN=H )))))))) (VP=H (VBP=H ) (ADJP (JJ=H ))) (. ))),1,90528,"0,0841106126"
(ROOT (S=H (NP (NP=H (NNS ) (NNS=H )) (PP (IN=H ) (NP (NN=H ) (CC ) (NN )))) (VP=H (VBP=H ) (ADJP (JJ=H ))) (. ))),1,90529,"0,0841115417"
(ROOT (S=H (NP (NP=H (NP=H (NN=H )) (PP (IN=H ) (NP (NN ) (NN=H )))) (PRN (-LRB- ) (NP=H (NN ) (NNS=H )) (-RRB- ))) (VP=H (VBP=H ) (ADJP (JJ=H ))) (. ))),1,90530,"0,0841124708"
(ROOT (S=H (NP (JJ ) (NN ) (NN ) (NN ) (NNS ) (NNS=H )) (VP=H (VBP=H ) (ADJP (JJ=H ))) (. ))),1,90531,"0,0841133999"
(ROOT (S=H (`` ) (NP (NP=H (NN=H )) (PP (IN=H ) (NP (NP=H (DT ) (NN=H )) (PP (IN=H ) ('' ) (NP (NNS=H )))))) (VP=H (VBP=H ) (ADJP (JJ=H ))) (. ))),1,90532,"0,084114329"
"(ROOT (S=H (NP (NP (NNP ) (NNP ) (NNP=H )) (PRN (-LRB- ) (NP=H (NP=H (CD ) (: ) (CD=H )) (, ) (ADVP (RB=H ))) (-RRB- )) (NNS=H )) (VP=H (VBP=H ) (ADJP (JJ=H ))) (. )))",1,90533,"0,0841152581"
(ROOT (S=H (NP (NNPS ) (NN ) (NNP ) (NNP=H )) (VP=H (VBP=H ) (ADJP (JJ=H ))) (. ))),1,90534,"0,0841161873"
(ROOT (S=H (NP (NP=H (NNP=H )) (PP (IN=H ) (NP (NP=H (NNS=H )) (PP (IN=H ) (NP (NP=H (NNP ) (NNP=H )) (CC ) (NP (DT ) (NN=H ))))))) (VP=H (VBP=H ) (ADJP (JJ=H ))) (. ))),1,90535,"0,0841171164"
(ROOT (S=H (NP (NP=H (JJ ) (NN=H )) (CC ) (NP (DT ) (NNP ) (NNPS ) (NN=H ))) (VP=H (VBP=H ) (ADJP (JJ=H ))) (. ))),1,90536,"0,0841180455"
"(ROOT (S=H (NP (NP=H (NAC (NNP=H ) (, ) (NNP )) (NN=H )) (CC ) (NP (NN ) (NNS=H ))) (VP=H (VBP=H ) (ADJP (JJ=H ))) (. )))",1,90537,"0,0841189746"
"(ROOT (S=H (S (NP (NNP=H )) (VP=H (VBD=H ) (S (NP=H (NNS=H )) (NP (NNP ) (NNP ) (NNP=H ))))) (, ) (NP (NNP ) (NNP=H )) (VP=H (VBP=H ) (ADJP (JJ=H ))) (. )))",1,90538,"0,0841199037"
"(ROOT (S=H (NP (NP=H (NNS ) (, ) (NNS=H ) (CC ) (NNS )) (PP (IN=H ) (NP (NN=H )))) (VP=H (VBP=H ) (ADJP (JJ=H ))) (. )))",1,90539,"0,0841208328"
"(ROOT (S=H (S (NP=H (NP (NNP ) (POS=H )) (NNP ) (NNP=H ))) (, ) (NP (NNP=H )) (VP=H (VBP=H ) (ADJP (JJ=H ))) (. )))",1,90540,"0,0841217619"
(ROOT (S=H (NP (NP=H (NNP=H )) (CC ) (NP (JJ ) (NNP ) (NNS=H ))) (VP=H (VBP=H ) (ADJP (JJ=H ))) (. ))),1,90541,"0,084122691"
(ROOT (S=H (NP (NP=H (DT ) (NN=H )) (PP (IN=H ) (NP (NP=H (NNP ) (NNP=H )) (PP (IN=H ) (NP (NP=H (NNP ) (NNP=H )) (PP (IN=H ) (NP (NP=H (DT ) (NNP ) (NNPS=H )) (PP (IN=H ) (NP (NN=H )))))))))) (VP=H (VBP=H ) (ADJP (JJ=H ))) (. ))),1,90542,"0,0841236202"
(ROOT (S=H (NP (NP=H (NNP=H )) (CC ) (NP (NP=H (NN ) (NNS=H )) (VP (VBG=H ) (NP (NN ) (NN=H ))))) (VP=H (VBP=H ) (ADJP (JJ=H ))) (. ))),1,90543,"0,0841245493"
(ROOT (S=H (NP (NP=H (NP (NNS ) (POS=H )) (NNP ) (NNP=H )) (PP (IN=H ) (NP (NNP ) (NNP=H )))) (VP=H (VBP=H ) (ADJP (JJ=H ))) (. ))),1,90544,"0,0841254784"
(ROOT (S=H (NP (NNP ) (NNP ) (NNP ) (NN ) (NN=H )) (VP=H (VBZ=H ) (SBAR (S=H (NP (NNP ) (NNP ) (NNP ) (NNPS=H )) (VP=H (VBP=H ) (ADJP (JJ=H )))))) (. ))),1,90545,"0,0841264075"
(ROOT (S=H (NP (NNP=H )) (VP=H (VBD=H ) (SBAR (S=H (NP (NNS ) (NNP ) (NNP ) (NNP ) (CD ) (NNP=H )) (VP=H (VBP=H ) (ADJP (JJ=H )))))) (. ))),1,90546,"0,0841273366"
(ROOT (S=H (NP (NNP=H )) (VP=H (VBD=H ) (SBAR (S=H (NP (NP=H (CD ) (JJ ) (NNP ) (NNP ) (CD ) (NNS=H )) (ADJP (JJ ) (JJ=H ))) (VP=H (VBP=H ) (ADJP (JJ=H )))))) (. ))),1,90547,"0,0841282657"
(ROOT (S=H (NP (NP=H (DT ) (JJ ) (NN=H )) (PP (IN=H ) (NP (NN ) (NNS=H )))) (VP=H (VBP=H ) (ADJP (JJ=H ))) (. ))),1,90548,"0,0841291948"
(ROOT (S=H (NP (NNP=H )) (VP=H (VBD=H ) (SBAR (S=H (NP (NP=H (NNS=H )) (PP (IN=H ) (NP (NP=H (JJ ) (NNS=H )) (PP (IN=H ) (NP (NNP=H )))))) (VP=H (VBP=H ) (ADJP (JJ=H )))))) (. ))),1,90549,"0,0841301239"
(ROOT (S=H (NP (NP=H (NNP ) (NNP=H )) (PP (IN=H ) (NP (NP=H (NNP=H )) (PP (IN=H ) (NP (NNP ) (CC ) (NNP ) (NNPS=H )))))) (VP=H (VBP=H ) (ADJP (JJ=H ))) (. ))),1,90550,"0,084131053"
(ROOT (S=H (NP (NNP=H ) (PRP )) (PP (IN=H ) (NP (NNS=H ))) (VP=H (VBP=H ) (ADJP (JJ=H ))) (. ))),1,90551,"0,0841319822"
(ROOT (S=H (NP (NP=H (NNP ) (NN ) (CC ) (NN ) (NN=H )) (SBAR (S=H (NP (NN ) (NN=H )) (VP=H (VBZ=H ) (S (VP=H (VBG=H ))))))) (VP=H (VBP=H ) (ADJP (JJ=H ))) (. ))),1,90552,"0,0841329113"
"(ROOT (S=H (S (NP (NNP=H )) (VP=H (VBD=H ) (SBAR (S=H (NP (NNS=H )) (VP=H (VBD=H ) (NP (NNS=H )) (PP (IN=H ) (NP (NP=H (NNP=H )) (PRN (-LRB- ) (NP=H (NNP=H )) (-RRB- ))))))))) (, ) (NP (NNP ) (NNP=H )) (VP=H (VBP=H ) (ADJP (JJ=H ))) (. )))",1,90553,"0,0841338404"
(ROOT (S=H (NP (NNP=H )) (VP=H (VBD=H ) (SBAR (S=H (NP (NNS ) (NNP ) (NNP ) (NNP ) (CD ) (NNP=H )) (VP=H (VBD=H ) (SBAR (S=H (NP (NN=H )) (VP=H (VBP=H ) (ADJP (JJ=H ))))))))) (. ))),1,90554,"0,0841347695"
(ROOT (S=H (NP (NNP ) (NNP ) (NNP ) (NNPS ) (NN ) (NN=H )) (VP=H (VBZ=H ) (SBAR (S=H (NP (NNS=H )) (VP=H (VBP=H ) (ADJP (JJ=H )))))) (. ))),1,90555,"0,0841356986"
"(ROOT (S=H (S (VP=H (VBG=H ) (NP (NNP=H )))) (, ) (NP (NNP ) (NNS=H )) (VP=H (VBP=H ) (ADJP (JJ=H ))) (. )))",1,90556,"0,0841366277"
(ROOT (S=H (NP (NP=H (NN=H )) (PP (IN=H ) (NP (NP=H (DT ) (NNP ) (NNS=H )) (PP (IN=H ) (NP (NNP ) (NNP ) (NNP=H )))))) (VP=H (VBP=H ) (ADJP (JJ=H ))) (. ))),1,90557,"0,0841375568"
(ROOT (S=H (NP (NNP ) (NNP ) (JJ ) (NN=H )) (VP=H (VBD=H ) (SBAR (S=H (NP (NN ) (NNS=H )) (VP=H (VBP=H ) (ADJP (JJ=H )))))) (. ))),1,90558,"0,0841384859"
(ROOT (S=H (NP (NNP=H )) (VP=H (VBD=H ) (SBAR (S=H (NP (NNP ) (CC ) (NNP ) (NNP ) (NNS=H )) (VP=H (VBP=H ) (ADJP (JJ=H )))))) (. ))),1,90559,"0,084139415"
(ROOT (S=H (NP (ADJP (JJ=H ) (PP (IN=H ) (NP (DT ) (NNP=H )))) (NNS=H )) (VP=H (VBP=H ) (ADJP (JJ=H ))) (. ))),1,90560,"0,0841403442"
(ROOT (S=H (NP (NP=H (NNP ) (NNP=H )) (CC ) (NP (NP=H (JJ ) (NN ) (NNS=H )) (VP (VBG=H ) (NP (NN=H ))))) (VP=H (VBP=H ) (ADJP (JJ=H ))) (. ))),1,90561,"0,0841412733"
(ROOT (S=H (NP (NP=H (NN ) (NN ) (NNS ) (NN=H )) (PP (IN=H ) (NP (NNP=H )))) (VP=H (VBP=H ) (ADJP (JJ=H ))) (. ))),1,90562,"0,0841422024"
(ROOT (S=H (NP (NP=H (NP (NNS ) (POS=H )) (NNP ) (NNP ) (NN=H )) (VP (VBG=H ) (NP (NNS=H )))) (VP=H (VBP=H ) (ADJP (JJ=H ))) (. ))),1,90563,"0,0841431315"
(ROOT (S=H (NP (NP=H (NNP ) (NNP=H )) (SBAR (S=H (NP (PRP=H )) (VP=H (VBZ=H ) (PP (IN=H ) (NP (DT ) (NNPS=H ))))))) (VP=H (VBP=H ) (ADJP (JJ=H ))) (. ))),1,90564,"0,0841440606"
"(ROOT (S=H (NP (NP (NNS=H )) (PRN (-LRB- ) (NP=H (NNP=H )) (, ) (NP (NNP=H )) (-RRB- )) (NNS=H )) (VP=H (VBP=H ) (ADJP (JJ=H ))) (. )))",1,90565,"0,0841449897"
(ROOT (S=H (NP (NP=H (NNP ) (NNP=H )) (PP (IN=H ) (NP (NP=H (DT ) (NNP ) (NNS=H )) (PP (IN=H ) (NP (DT ) (NNP ) (NNP=H )))))) (VP=H (VBP=H ) (ADJP (JJ=H ))) (. ))),1,90566,"0,0841459188"
"(ROOT (S=H (S (NP (NNP ) (NNP ) (NNP=H )) (VP=H (VBZ=H ))) (, ) (NP (NNS=H ) (CC ) (NNS )) (VP=H (VBP=H ) (ADJP (JJ=H ))) (. )))",1,90567,"0,0841468479"
(ROOT (S=H (NP (NP=H (NNP=H )) (VP (VBN=H ) (PP (IN=H ) (NP (NN=H ))) (PP (IN=H ) (NP (DT ) (NNP ) (NNPS ) (NN=H ))))) (VP=H (VBP=H ) (ADJP (JJ=H ))) (. ))),1,90568,"0,0841477771"
(ROOT (S=H (NP (NP=H (NN=H )) (PP (IN=H ) (NP (NNS ) (NNS=H )))) (VP=H (VBP=H ) (ADJP (JJ=H ))) (. ))),1,90569,"0,0841487062"
(ROOT (S=H (S=H (NP (NNP=H )) (VP=H (VBD=H ) (SBAR (S=H (NP (NNS=H )) (VP=H (VBZ=H ) (NP (NP=H (NN=H )) (PP (IN=H ) (NP (CD=H ))))))))) (: ) (S (NP (CD=H )) (VP=H (VBP=H ) (ADJP (JJ=H )))) (. ))),1,90570,"0,0841496353"
(ROOT (S=H (NP (NP=H (NN=H )) (CC ) (NP (NP=H (DT ) (NNP ) (NN ) (NN=H )) (PP (TO=H ) (NP (NNS=H ))))) (VP=H (VBP=H ) (ADJP (JJ=H ))) (. ))),1,90571,"0,0841505644"
(ROOT (FRAG=H (NP (NP=H (NNP ) (NNS=H )) (PP (IN=H ) (NP (NNS=H )))) (: ) (S=H (NP (NNP=H )) (VP=H (VBP=H ) (ADJP (JJ=H )))) (. ))),1,90572,"0,0841514935"
(ROOT (S=H (NP (NNP=H )) (VP=H (VBP=H ) (SBAR (S=H (NP (NN ) (NNS ) (NNS=H )) (VP=H (VBP=H ) (ADJP (JJ=H )))))) (. ))),1,90573,"0,0841524226"
(ROOT (S=H (NP (DT=H )) (VP=H (VBD=H ) (SBAR (S=H (NP (NN ) (NNS=H )) (VP=H (VBP=H ) (ADJP (JJ=H )))))) (. ))),1,90574,"0,0841533517"
(ROOT (S=H (NP (NP=H (NNP ) (NNP=H )) (PP (IN=H ) (NP (NNP ) (NNPS=H )))) (VP=H (VBZ=H ) (PP (IN=H ) (NP (NP=H (NN=H )) (SBAR (S=H (VP=H (VBP=H ) (ADJP (JJ=H )))))))) (. ))),1,90575,"0,0841542808"
(ROOT (S=H (NP (DT ) (VBN ) (NN=H )) (VP=H (VBP=H ) (SBAR (S=H (NP (NNP ) (NNS=H )) (VP=H (VBP=H ) (ADJP (JJ=H )))))) (. ))),1,90576,"0,0841552099"
(ROOT (S=H (NP (DT ) (JJ ) (NN=H )) (VP=H (VBP=H ) (SBAR (S=H (NP (NNP ) (NNS=H )) (VP=H (VBP=H ) (ADJP (JJ=H )))))) (. ))),1,90577,"0,0841561391"
(ROOT (S=H (NP (DT=H )) (VP=H (VBD=H ) (SBAR (S=H (NP (JJ ) (NNP ) (NNS=H )) (VP=H (VBP=H ) (ADJP (JJ=H )))))) (. ))),1,90578,"0,0841570682"
(ROOT (S=H (NP (NP=H (JJ ) (JJ ) (NN=H )) (SBAR (S=H (NP (NNP ) (NNS=H )) (VP=H (VBD=H ))))) (VP=H (VBP=H ) (ADJP (JJ=H ))) (. ))),1,90579,"0,0841579973"
(ROOT (S=H (NP (NP=H (NNP ) (NNPS ) (JJ ) (NNS=H )) (VP (VBN=H ) (PP (IN=H ) (NP (NNP ) (NNP ) (NNP ) (NNP=H ))))) (VP=H (VBP=H ) (ADJP (JJ=H ))) (. ))),1,90580,"0,0841589264"
(ROOT (S=H (NP (NNP ) (NNPS ) (NNS=H )) (VP=H (VBZ=H ) (NP (NP=H (NNS=H )) (SBAR (S=H (NP (NN ) (NN=H )) (VP=H (VBP=H ) (ADJP (JJ=H ))))))) (. ))),1,90581,"0,0841598555"
(ROOT (S=H (NP (NAC (NNP=H ) (NNP ) (PP (IN=H ) (NP (CD=H )))) (NNP ) (NNP=H )) (VP=H (VBP=H ) (ADJP (JJ=H ))) (. ))),1,90582,"0,0841607846"
(ROOT (S=H (NP (NP=H (NNP ) (NNPS ) (JJ ) (NNS=H )) (PP (IN=H ) (NP (JJ ) (NN=H )))) (VP=H (VBP=H ) (ADJP (JJ=H ))) (. ))),1,90583,"0,0841617137"
(ROOT (S=H (NP (NP=H (NNP ) (NNPS ) (NN=H )) (PP (IN=H ) (NP (NP=H (NNS ) (NNS=H )) (PP (IN=H ) (NP (JJ ) (NN=H )))))) (VP=H (VBP=H ) (ADJP (JJ=H ))) (. ))),1,90584,"0,0841626428"
"(ROOT (S=H (S (VP=H (VBG=H ) (NP (NP=H (NNS=H )) (PP (IN=H ) (NP (NP=H (DT ) (NN=H )) (PP (IN=H ) (NP (NNP ) (NNPS=H )))))))) (, ) (NP (NNP=H )) (VP=H (VBP=H ) (ADJP (JJ=H ))) (. )))",1,90585,"0,084163572"
(ROOT (S=H (NP (NP (NNS ) (NN ) (JJ ) (NNP ) (NNP ) (NN=H )) (PRN (-LRB- ) (NP=H (NNP=H )) (-RRB- )) (NNS=H )) (VP=H (VBP=H ) (ADJP (JJ=H ))) (. ))),1,90586,"0,0841645011"
(ROOT (S=H (NP (NP=H (NNS=H )) (VP (VBG=H ) (NP (JJ ) (NNP ) (NNP=H )))) (PRN (-LRB- ) (NP=H (NNP=H )) (-RRB- )) (NP (NNS=H )) (VP=H (VBP=H ) (ADJP (JJ=H ))) (. ))),1,90587,"0,0841654302"
"(ROOT (S=H (S (NP (NNS=H )) (VP=H (VBG=H ) (NP (JJ ) (NNP ) (NNP=H )))) (, ) (NP (NNP ) (NNP ) (CC ) (NNP ) (NNP ) (NNS=H )) (VP=H (VBP=H ) (ADJP (JJ=H ))) (. )))",1,90588,"0,0841663593"
"(ROOT (S=H (S (NP (NNS=H )) (VP=H (VBG=H ) (NP (JJ ) (NNP=H )))) (, ) (NP (NNP ) (NNP ) (CC ) (NNP ) (NNP ) (NNS=H )) (VP=H (VBP=H ) (ADJP (JJ=H ))) (. )))",1,90589,"0,0841672884"
(ROOT (S=H (NP (NP=H (NNP ) (NNPS ) (NN=H )) (PP (IN=H ) (NP (NP=H (NNS ) (NNS=H )) (VP (VBN=H ) (PP (IN=H ) (NP (NNP ) (NNP ) (NNP ) (NNP=H ))))))) (VP=H (VBP=H ) (ADJP (JJ=H ))) (. ))),1,90590,"0,0841682175"
(ROOT (FRAG=H (NP (NNP=H )) (: ) (S=H (NP (NP=H (DT ) (NNP=H )) (CC ) (NP (DT ) (NN=H ))) (VP=H (VBP=H ) (ADJP (JJ=H )))) (. ))),1,90591,"0,0841691466"
(ROOT (S=H (NP (NNP=H )) (`` ) (VP=H (VBZ=H ) (SBAR (S=H (NP (NNP ) (NNP ) (NNS=H )) (VP=H (VBP=H ) (ADJP (JJ=H )))))) (. ))),1,90592,"0,0841700757"
"(ROOT (S=H (S (NP (NN ) (NN ) (NNS=H )) (VP=H (VBN=H ) (PP (IN=H ) (NP (NNP=H ))))) (, ) (NP (NNP=H )) (VP=H (VBP=H ) (ADJP (JJ=H ))) (. )))",1,90593,"0,0841710048"
"(ROOT (NP=H (NP=H (NP=H (NNP ) (NNS=H )) (PP (IN=H ) (NP (JJ ) (NNS=H )))) (, ) (NP (NP=H (NNP=H )) (SBAR (WHNP=H (WP=H )) (S (VP=H (VBP=H ) (ADJP (JJ=H )))))) (. )))",1,90594,"0,084171934"
(ROOT (NP=H (NP=H (NNP=H )) (: ) (S (NP (JJ ) (NNP ) (NNP ) (NNS=H )) (VP=H (VBP=H ) (ADJP (JJ=H )))) (. ))),1,90595,"0,0841728631"
"(ROOT (S=H (S=H (NP (NNP ) (NNP=H )) (VP=H (VBZ=H ) (PP (IN=H ) (NP (NNP=H ))))) (CC ) (, ) (S (ADVP (RB=H )) (, ) (NP (NNS=H )) (VP=H (VBP=H ) (ADJP (JJ=H )))) (. )))",1,90596,"0,0841737922"
(ROOT (S=H (NP (NP=H (NNP ) (NNP=H )) (PP (IN=H ) (NP (NNP ) (NNPS ) (CC ) (NNP ) (NNP ) (NNS=H )))) (VP=H (VBP=H ) (ADJP (JJ=H ))) (. ))),1,90597,"0,0841747213"
(ROOT (S=H (NP (ADJP (NNP=H ) (NNP )) (NNS=H )) (ADVP (RB=H )) (VP=H (VBP=H ) (ADJP (JJ=H ))) (. ))),1,90598,"0,0841756504"
(ROOT (S=H (NP (NP=H (PRP$ ) (NN=H )) (PP (IN=H ) (NP (JJ ) (NNP ) (NNP ) (NNS=H )))) (VP=H (VBP=H ) (ADJP (JJ=H ))) (. ))),1,90599,"0,0841765795"
(ROOT (S=H (NP (NP=H (NP (NNS ) (POS=H )) (JJ ) (NN=H )) (PP (IN=H ) (NP (NNP=H )))) (VP=H (VBP=H ) (ADJP (JJ=H ))) (. ))),1,90600,"0,0841775086"
(ROOT (S=H (NP (NNP=H )) (VP=H (VBZ=H ) (SBAR (S=H (NP (NP=H (JJ ) (NN ) (NNS=H )) (VP (VBG=H ))) (VP=H (VBP=H ) (ADJP (JJ=H )))))) (. ))),1,90601,"0,0841784377"
(ROOT (S=H (S=H (VP=H (VBG=H ) (CC ) (VBG ) (PP (IN=H ) (NP (NNP ) (NNP=H ))))) (CC ) (S (NP (DT ) (NNPS=H )) (VP=H (VBP=H ) (ADJP (JJ=H )))) (. ))),1,90602,"0,0841793668"
(ROOT (S=H (NP (NP=H (NNP=H )) (PP (IN=H ) (NP (NP=H (NN ) (NNS=H )) (VP (VBG=H ) (NP (JJ ) (NNS=H )))))) (VP=H (VBP=H ) (ADJP (JJ=H ))) (. ))),1,90603,"0,084180296"
(ROOT (S=H (NP (NP=H (NNP ) (NNP ) (NNP ) (NNP=H )) (CC ) (NP (NNP ) (NN ) (NNS=H ))) (VP=H (VBP=H ) (ADJP (JJ=H ))) (. ))),1,90604,"0,0841812251"
(ROOT (S=H (NP (NNP=H )) (VP=H (VBD=H ) (SBAR (S=H (NP (NNS=H )) (VP=H (VBD=H ) (SBAR (S=H (NP (NNP ) (NNP=H )) (VP=H (VBP=H ) (ADJP (JJ=H ))))))))) (. ))),1,90605,"0,0841821542"
(ROOT (S=H (NP (NNP=H )) (VP=H (VBD=H ) (SBAR (S=H (NP (NNS=H )) (VP=H (VBD=H ) (SBAR (S=H (NP (NNP ) (NNP=H )) (VP=H (VBD=H ) (SBAR (S=H (NP (NN=H )) (VP=H (VBP=H ) (ADJP (JJ=H )))))))))))) (. ))),1,90606,"0,0841830833"
(ROOT (S=H (NP (NP=H (NN=H )) (PP (IN=H ) (NP (NP=H (NNS=H ) (VBG )) (PRN (-LRB- ) (NP=H (NN ) (NNS=H )) (-RRB- ))))) (VP=H (VBP=H ) (ADJP (JJ=H ))) (. ))),1,90607,"0,0841840124"
"(ROOT (S=H (S (NP (NP=H (NNP=H )) (PP (IN=H ) (NP (NP=H (DT ) (JJ ) (NN ) (`` ) (NN=H ) ('' )) (PRN (-LRB- ) (NP=H (JJ ) (NNS=H )) (-RRB- )))) (, ) (VP (VBN=H ) (PP (IN=H ) (NP (NNP=H )))) (, )) (VP=H (VBZ=H ) (NP (JJ ) (NN=H )))) (, ) (NP (CD=H )) (VP=H (VBP=H ) (ADJP (JJ=H ))) (. )))",1,90608,"0,0841849415"
(ROOT (S=H (NP (NP (NNS ) (NN ) (JJ ) (NNP ) (NNP ) (NN=H )) (PRN (-LRB- ) (NP=H (CD=H )) (-RRB- )) (NNS=H )) (VP=H (VBP=H ) (ADJP (JJ=H ))) (. ))),1,90609,"0,0841858706"
"(ROOT (S=H (S (ADJP=H (NNP=H ))) (, ) (NP (NNP ) (NN ) (NNS ) (NNS=H )) (VP=H (VBP=H ) (ADJP (JJ=H ))) (. )))",1,90610,"0,0841867997"
(ROOT (S=H (NP (NP=H (NN ) (VBG ) (NN=H )) (PP (IN=H ) (NP (DT ) (NNP ) (NNPS=H )))) (VP=H (VBP=H ) (ADJP (JJ=H ))) (. ))),1,90611,"0,0841877289"
(ROOT (FRAG=H (NP (NP=H (NNS=H )) (PP (IN=H ) (NP (JJ ) (NN=H )))) (: ) (S=H (NP (NNP ) (NNPS ) (NN ) (NNP ) (NNP=H )) (VP=H (VBP=H ) (ADJP (JJ=H )))) (. ))),1,90612,"0,084188658"
(ROOT (S=H (NP-TMP (RB ) (NN=H )) (NP (NN ) (NN=H )) (VP=H (VBP=H ) (ADJP (JJ=H ))) (. ))),1,90613,"0,0841895871"
(ROOT (S=H (NP (NP=H (NNP ) (NNP ) (NNP ) (NNP ) (NNP=H )) (PP (IN=H ) (NP (NNP ) (NNPS=H )))) (VP=H (VBP=H ) (ADJP (JJ=H ))) (. ))),1,90614,"0,0841905162"
(ROOT (S=H (NP (NP=H (JJ ) (NNS ) (NNS=H )) (VP (VBG=H ) (VP (VBZ=H )))) (VP=H (VBP=H ) (ADJP (JJ=H ))) (. ))),1,90615,"0,0841914453"
(ROOT (S=H (NP (NP=H (NNP ) (NNPS ) (NNP ) (NNP ) (NNP ) (NNS=H )) (PP (IN=H ) (NP (NNP ) (NNP ) (NNP=H )))) (VP=H (VBP=H ) (ADJP (JJ=H ))) (. ))),1,90616,"0,0841923744"
(ROOT (S=H (NP (NP (NNP=H )) (PRN (-LRB- ) (NP=H (NN=H )) (-RRB- )) (NNS=H )) (VP=H (VBD=H ) (SBAR (S=H (NP (NNS=H )) (VP=H (VBP=H ) (ADJP (JJ=H )))))) (. ))),1,90617,"0,0841933035"
(ROOT (S=H (NP (NP=H (NNP=H )) (PP (IN=H ) (NP (NP=H (DT ) (NN=H )) (PP (IN=H ) (NP (DT ) (NNPS=H )))))) (VP=H (VBP=H ) (ADJP (JJ=H ))) (. ))),1,90618,"0,0841942326"
(ROOT (S=H (NP (NNP=H )) (VP=H (VBD=H ) (SBAR (S=H (NP (NP=H (NNS=H )) (PP (IN=H ) (NP (DT ) (NNP ) (NNPS ) (NNP ) (NNP ) (NNP=H )))) (VP=H (VBP=H ) (ADJP (JJ=H )))))) (. ))),1,90619,"0,0841951617"
"(ROOT (S=H (PP (IN=H ) (NP (NNP=H ))) (, ) (NP (NNP ) (NNP ) (NNS=H )) (VP=H (VBP=H ) (ADJP (JJ=H ))) (. )))",1,90620,"0,0841960909"
"(ROOT (S=H (S (VP=H (VBG=H ) (NP (NP=H (NNS=H )) (PP (IN=H ) (NP (NP=H (DT ) (NNP=H )) (PP (IN=H ) (NP (NNP=H )))))))) (, ) (NP (NNP ) (NNP=H )) (VP=H (VBP=H ) (ADJP (JJ=H ))) (. )))",1,90621,"0,08419702"
(ROOT (S=H (NP (NP=H (NNP=H )) (PP (IN=H ) (NP (NP=H (NNP ) (NNP=H )) (PP (IN=H ) (NP (NP=H (NNP ) (NNP ) (NNS=H )) (VP (VBG=H ) (NP (NN=H )))))))) (VP=H (VBP=H ) (ADJP (JJ=H ))) (. ))),1,90622,"0,0841979491"
(ROOT (S=H (NP (NP=H (NNP ) (JJ ) (NNS ) (NNS=H )) (PP (IN=H ) (NP (NNP ) (NNP ) (NNP ) (NNP ) (NNS=H )))) (VP=H (VBP=H ) (ADJP (JJ=H ))) (. ))),1,90623,"0,0841988782"
(ROOT (S=H (NP (NP=H (NNP ) (JJ ) (NNS ) (NNS=H )) (PP (IN=H ) (NP (NNP ) (NNP ) (NNP ) (NNP ) (NNP ) (JJ ) (NN=H )))) (VP=H (VBP=H ) (ADJP (JJ=H ))) (. ))),1,90624,"0,0841998073"
(ROOT (S=H (ADJP (NNP=H )) (NP (DT ) (NNP ) (NNS=H )) (VP=H (VBP=H ) (ADJP (JJ=H ))) (. ))),1,90625,"0,0842007364"
(ROOT (S=H (NP (NNP=H )) (VP=H (VBD=H ) (SBAR (S=H (NP (NP=H (NNP ) (NNS=H )) (CC ) (NP (NN ) (NNS=H ))) (VP=H (VBP=H ) (ADJP (JJ=H )))))) (. ))),1,90626,"0,0842016655"
(ROOT (FRAG=H (NP (NNP=H )) (: ) (S=H (NP (NP=H (NNS=H )) (PP (IN=H ) (NP (NN=H )))) (VP=H (VBP=H ) (ADJP (JJ=H )))) (. ))),1,90627,"0,0842025946"
(ROOT (NP=H (NP=H (NNS=H )) (PP (IN=H ) (NP (NP=H (NNP=H )) (SBAR (WHNP=H (WP=H )) (S (NP (NNS=H )) (VP=H (VBP=H ) (ADJP (JJ=H ))))))) (. ))),1,90628,"0,0842035237"
(ROOT (S=H (NP (NP=H (NNP=H )) (PP (IN=H ) (NP (NP=H (NNP=H )) (PP (IN=H ) (NP (DT ) (NNP ) (NNS=H )))))) (VP=H (VBP=H ) (ADJP (JJ=H ))) (. ))),1,90629,"0,0842044529"
(ROOT (S=H (NP (NP=H (NNP ) (JJ ) (NNS ) (NNS=H )) (PP (IN=H ) (NP (DT ) (NNP ) (NN=H )))) (VP=H (VBP=H ) (ADJP (JJ=H ))) (. ))),1,90630,"0,084205382"
(ROOT (S=H (NP (NP=H (NNP ) (JJ ) (NNS ) (NNS=H )) (PP (IN=H ) (NP (DT ) (NNP ) (NN=H )))) (VP=H (VBD=H ) (SBAR (S=H (NP (NN=H )) (VP=H (VBP=H ) (ADJP (JJ=H )))))) (. ))),1,90631,"0,0842063111"
(ROOT (S=H (NP (NP=H (NNP ) (JJ ) (NNS ) (NNS=H )) (PP (IN=H ) (NP (DT ) (NNP ) (NN ) (JJ ) (NN=H )))) (VP=H (VBP=H ) (ADJP (JJ=H ))) (. ))),1,90632,"0,0842072402"
(ROOT (S=H (NP (ADJP (JJ=H ) (PP (IN=H ) (NP (NNP ) (NNP=H )))) (NNS=H )) (VP=H (VBP=H ) (ADJP (JJ=H ))) (. ))),1,90633,"0,0842081693"
(ROOT (S=H (NP (NNP ) (NNP ) (NNP=H )) (VP=H (VBZ=H ) (SBAR (IN=H ) (S (NP (DT ) (NNP ) (NNPS=H )) (VP=H (VBP=H ) (ADJP (JJ=H )))))) (. ))),1,90634,"0,0842090984"
(ROOT (NP=H (NP=H (NP=H (NNS=H )) (PP (IN=H ) (NP (JJ ) (NN=H )))) (: ) (NP (NP=H (NNP ) (NNP ) (NNP=H )) (: ) (S (NP (NNP=H )) (VP=H (VBP=H ) (ADJP (JJ=H ))))) (. ))),1,90635,"0,0842100275"
(ROOT (S=H (NP (NP (CD ) (NNS ) (POS=H )) (NNP ) (NNP ) (NNP ) (NN ) (NNS=H )) (VP=H (VBP=H ) (ADJP (JJ=H ))) (. ))),1,90636,"0,0842109566"
(ROOT (S=H (ADJP (NNP=H ) (NNP ) (NNP )) (NP (NN ) (NN ) (NN ) (NNS=H )) (VP=H (VBP=H ) (ADJP (JJ=H ))) (. ))),1,90637,"0,0842118858"
(ROOT (S=H (NP (NAC (NAC=H (NNP=H ) (PP (IN=H ) (NP (NNP=H )))) (PRN (-LRB- ) (ADJP=H (JJ=H )) (-RRB- ))) (NNS=H )) (VP=H (VBP=H ) (ADJP (JJ=H ))) (. ))),1,90638,"0,0842128149"
(ROOT (S=H (NP (NAC (NNP=H ) (PP (IN=H ) (NP (NNP ) (NNP ) (NNP=H )))) (NNS=H )) (VP=H (VBP=H ) (ADJP (JJ=H ))) (. ))),1,90639,"0,084213744"
(ROOT (S=H (NP (NP=H (NNP ) (NNP=H )) (PP (NN=H ) (NP (NNS=H )))) (VP=H (VBP=H ) (ADJP (JJ=H ))) (. ))),1,90640,"0,0842146731"
(ROOT (S=H (NP (NP=H (DT ) (NN=H )) (VP (NNP=H ) (PP (IN=H ) (NP (NNP ) (NNS=H ))))) (VP=H (VBP=H ) (ADJP (JJ=H ))) (. ))),1,90641,"0,0842156022"
(ROOT (S=H (NP (NP=H (JJ ) (NN=H )) (PP (IN=H ) (NP (NP=H (NN=H )) (PP (IN=H ) (NP (DT ) (NNP ) (NNPS=H )))))) (VP=H (VBP=H ) (ADJP (JJ=H ))) (. ))),1,90642,"0,0842165313"
"(ROOT (S=H (NP (NP=H (NNP ) (NNP=H )) (, ) (NP (NP=H (NNP=H )) (PP (IN=H ) (NP (NNP ) (NNS=H ))))) (VP=H (VBP=H ) (ADJP (JJ=H ))) (. )))",1,90643,"0,0842174604"
(ROOT (S=H (NP (NP=H (JJ ) (NN=H )) (PP (IN=H ) (NP (NP=H (DT ) (NN=H )) (PP (IN=H ) (NP (DT ) (NNP ) (NNPS=H )))))) (VP=H (VBP=H ) (ADJP (JJ=H ))) (. ))),1,90644,"0,0842183895"
"(ROOT (S=H (S (NP=H (NP=H (NN ) (NNS=H )) (PP (IN=H ) (NP (NNP ) (CC ) (NNP ) (NNP=H ))))) (, ) (NP (NNP ) (NNP=H )) (VP=H (VBP=H ) (ADJP (JJ=H ))) (. )))",1,90645,"0,0842193186"
(ROOT (S=H (NP (NP=H (NNPS ) (NNP ) (NNP=H )) (PRN (-LRB- ) (NP=H (NN ) (NN=H )) (-RRB- ))) (VP=H (VBP=H ) (ADJP (JJ=H ))) (. ))),1,90646,"0,0842202478"
(ROOT (S=H (NP (NNP=H )) (VP=H (VBD=H ) (SBAR (S=H (NP (NP=H (NNP ) (NNPS=H )) (PP (IN=H ) (NP (NNP ) (NNP=H )))) (VP=H (VBD=H ) (SBAR (S=H (NP (NN=H )) (VP=H (VBP=H ) (ADJP (JJ=H ))))))))) (. ))),1,90647,"0,0842211769"
"(ROOT (S=H (S (NP (NNS=H )) (VP=H (ADVP (RB=H )) (VBG=H ) (NP (JJ ) (NNP=H )))) (, ) (NP (NNP ) (NNP ) (CC ) (NNP ) (NNP ) (NNS=H )) (VP=H (VBP=H ) (ADJP (JJ=H ))) (. )))",1,90648,"0,084222106"
(ROOT (S=H (NP (JJ ) (NN ) (NNS ) (CC ) (NN ) (NN=H )) (VP=H (VBP=H ) (ADJP (JJ=H ))) (. ))),1,90649,"0,0842230351"
(ROOT (S=H (NP (NNP=H )) (VP=H (VBD=H ) (SBAR (S=H (NP (NP=H (NNS=H )) (PP (IN=H ) (NP (NP=H (NNS=H )) (PP (IN=H ) (NP (DT ) (JJ ) (NNS=H )))))) (VP=H (VBP=H ) (ADJP (JJ=H )))))) (. ))),1,90650,"0,0842239642"
(ROOT (S=H (NP (NP=H (JJ ) (NNS ) (NNS=H )) (VP (VBG=H ) (NP (NN=H )) (PP (TO=H ) (NP (JJ ) (NNS=H ))))) (VP=H (VBP=H ) (ADJP (JJ=H ))) (. ))),1,90651,"0,0842248933"
(ROOT (S=H (NP (NP=H (JJ ) (NN=H )) (PP (IN=H ) (NP (RBS ) (JJ ) (NN ) (NN ) (NNS=H )))) (VP=H (VBP=H ) (ADJP (JJ=H ))) (. ))),1,90652,"0,0842258224"
(ROOT (S=H (NP (NP=H (NNP=H )) (PP (IN=H ) (NP (NP=H (NNP=H )) (PP (IN=H ) (NP (NP=H (NNP ) (NNPS=H )) (PP (IN=H ) (NP (NNP=H )))))))) (VP=H (VBP=H ) (ADJP (JJ=H ))) (. ))),1,90653,"0,0842267515"
(ROOT (S=H (NP (NP=H (NNP=H )) (PP (IN=H ) (NP (NNP ) (NNP ) (NNP=H ) (CC ) (NNPS )))) (VP=H (VBP=H ) (ADJP (JJ=H ))) (. ))),1,90654,"0,0842276806"
(ROOT (S=H (NP (NNP ) (NNP=H )) (VP=H (VBZ=H ) (SBAR (S=H (NP (NP=H (NNS=H )) (PP (IN=H ) (NP (NNS=H )))) (VP=H (VBZ=H ) (SBAR (S=H (NP (NNS=H )) (VP=H (VBP=H ) (ADJP (JJ=H ))))))))) (. ))),1,90655,"0,0842286098"
(ROOT (S=H (NP (NP=H (NNP=H )) (PP (IN=H ) (NP (NP=H (JJ ) (NN ) (NNS=H )) (PP (IN=H ) (NP (DT ) (NNP ) (NNP=H )))))) (VP=H (VBP=H ) (ADJP (JJ=H ))) (. ))),1,90656,"0,0842295389"
(ROOT (S=H (NP (NNP=H )) (VP=H (VBD=H ) (SBAR (S=H (NP (NP=H (NNS=H )) (PP (IN=H ) (NP (NP=H (NNS=H )) (PP (IN=H ) (NP (NNPS=H )))))) (VP=H (VBP=H ) (ADJP (JJ=H )))))) (. ))),1,90657,"0,084230468"
(ROOT (NP=H (NP=H (NNP=H )) (: ) (S (NP (NP=H (NNP ) (NNS=H )) (PP (IN=H ) (NP (NNP ) (NNP ) (NNP=H )))) (VP=H (VBP=H ) (ADJP (JJ=H )))) (. ))),1,90658,"0,0842313971"
(ROOT (S=H (NP (NP=H (NNP=H )) (PP (IN=H ) (NP (JJ ) (JJ ) (NNP ) (NNS=H )))) (VP=H (VBP=H ) (ADJP (JJ=H ))) (. ))),1,90659,"0,0842323262"
(ROOT (S=H (NP (NP (NNP ) (POS=H )) (NNP ) (NNP ) (NN=H )) (VP=H (VBP=H ) (SBAR (S=H (NP (NNS=H )) (VP=H (VBP=H ) (ADJP (JJ=H )))))) (. ))),1,90660,"0,0842332553"
(ROOT (S=H (NP (NNP=H )) (VP=H (VBD=H ) (NP (NNS=H )) (SBAR (IN=H ) (S (NP (DT ) (NNP ) (. ) (NNP ) (NN=H )) (VP=H (VBP=H ) (ADJP (JJ=H )))))) (. ))),1,90661,"0,0842341844"
"(ROOT (S=H (S (NP (NNP=H )) (VP=H (VBD=H ) (NP (NP=H (NNS=H )) (PP (IN=H ) (NP (NP=H (NNS=H )) (PP (IN=H ) (NP (NNP=H )))))))) (, ) (NP (NNP=H )) (VP=H (VBP=H ) (ADJP (JJ=H ))) (. )))",1,90662,"0,0842351135"
(ROOT (S=H (NP (ADJP (ADJP=H (NNP=H ) (NNP )) (PRN (-LRB- ) (NP=H (NN=H )) (-RRB- ))) (NNS=H )) (VP=H (VBP=H ) (ADJP (JJ=H ))) (. ))),1,90663,"0,0842360427"
(ROOT (S=H (NP (NP=H (NN=H )) (VP (VBG=H ) (PP (IN=H ) (NP (DT ) (NNP ) (NNPS=H ))))) (VP=H (VBP=H ) (SBAR (S=H (NP (NNS=H )) (VP=H (VBP=H ) (ADJP (JJ=H )))))) (. ))),1,90664,"0,0842369718"
(ROOT (S=H (NP (NP=H (NNP=H ) (CD )) (VP (VBG=H ) (NP (CD ) (NNS=H )))) (VP=H (VBP=H ) (ADJP (JJ=H ))) (. ))),1,90665,"0,0842379009"
(ROOT (S=H (NP (NNP ) (NNP ) (NNS ) (NN ) (NNP ) (NNP=H )) (VP=H (VBD=H ) (SBAR (S=H (NP (NN=H )) (VP=H (VBP=H ) (ADJP (JJ=H )))))) (. ))),1,90666,"0,08423883"
(ROOT (S=H (NP (NP=H (JJ ) (NN ) (NN=H )) (VP (VBG=H ) (PP (IN=H ) (NP (DT ) (NNP ) (NNPS=H ))))) (VP=H (VBP=H ) (SBAR (S=H (NP (NNS=H )) (VP=H (VBP=H ) (ADJP (JJ=H )))))) (. ))),1,90667,"0,0842397591"
(ROOT (S=H (NP (ADJP (NNP=H ) (NNP )) (NNP ) (NNP ) (NNP=H )) (VP=H (VBP=H ) (ADJP (JJ=H ))) (. ))),1,90668,"0,0842406882"
"(ROOT (S=H (NP (NP=H (NNP ) (NNP=H )) (, ) (NP (NNS=H )) (, ) (NP (NNP=H )) (, ) (NP (NNP=H )) (CC ) (NP (NNP ) (NNP=H ))) (VP=H (VBP=H ) (ADJP (JJ=H ))) (. )))",1,90669,"0,0842416173"
(ROOT (S=H (NP (NP=H (DT ) (NN ) (NN=H )) (PRN (-LRB- ) (NP=H (NNP=H )) (-RRB- ))) (NP-TMP (JJ ) (NNS=H )) (VP=H (VBP=H ) (ADJP (JJ=H ))) (. ))),1,90670,"0,0842425464"
(ROOT (S=H (NP (NP=H (NNP=H )) (CC ) (NP (NNS ) (NN=H ))) (VP=H (VBP=H ) (ADJP (JJ=H ))) (. ))),1,90671,"0,0842434755"
(ROOT (S=H (NP (NP=H (NNP=H )) (PP (IN=H ) (NP (NP=H (DT ) (NNPS=H )) (PP (IN=H ) (NP (DT ) (JJ ) (NN=H )))))) (VP=H (VBP=H ) (ADJP (JJ=H ))) (. ))),1,90672,"0,0842444047"
(ROOT (S=H (NP (JJ ) (ADJP (JJ=H ) (PP (IN=H ) (NP (DT ) (NNP ) (NNPS=H )))) (NN ) (NNS=H )) (VP=H (VBP=H ) (ADJP (JJ=H ))) (. ))),1,90673,"0,0842453338"
(ROOT (S=H (NP (NP=H (NNP=H )) (PP (IN=H ) (NP (NP=H (NNS=H )) (VP (VBN=H ) (PP (IN=H ) (NP (NNP=H ))))))) (VP=H (VBP=H ) (ADJP (JJ=H ))) (. ))),1,90674,"0,0842462629"
(ROOT (S=H (NP (NP=H (NNP ) (NNP ) (NNP=H )) (PP (IN=H ) (NP (NNP ) (NNP ) (JJ ) (NNS=H )))) (VP=H (VBP=H ) (ADJP (JJ=H ))) (. ))),1,90675,"0,084247192"
(ROOT (S=H (NP (NP=H (NNP=H )) (VP (VBG=H ) (NP (NNS=H )) (PP (IN=H ) (NP (NNS=H ))))) (VP=H (VBP=H ) (ADJP (JJ=H ))) (. ))),1,90676,"0,0842481211"
(ROOT (S=H (NP (NP=H (NNP=H )) (PP (IN=H ) (NP (NP=H (NNP ) (NNPS=H )) (PP (IN=H ) (NP (DT ) (NNP ) (NNP ) (NNP=H )))))) (VP=H (VBP=H ) (ADJP (JJ=H ))) (. ))),1,90677,"0,0842490502"
"(ROOT (S=H (NP (NAC (NNP=H ) (, ) (NNP )) (NNS=H )) (ADVP (RB=H )) (VP=H (VBP=H ) (ADJP (JJ=H ))) (. )))",1,90678,"0,0842499793"
(ROOT (S=H (NP (NP=H (JJ ) (NN ) (CC ) (NN ) (NNS=H )) (PP (IN=H ) (NP (DT ) (NNP ) (NNPS ) (NNP=H )))) (VP=H (VBP=H ) (ADJP (JJ=H ))) (. ))),1,90679,"0,0842509084"
(ROOT (S=H (NP (NNP=H )) (VP=H (VBD=H ) (SBAR (S=H (NP (NNS ) (NNP=H ) (CC ) (NNP )) (VP=H (VBP=H ) (ADJP (JJ=H )))))) (. ))),1,90680,"0,0842518376"
(ROOT (S=H (NP (NNP=H )) (VP=H (VP=H (VBD=H ) (NP (NNS ) (NNS=H ))) (CC ) (VP (VBZ=H ) (SBAR (S=H (NP (JJ ) (NN=H )) (VP=H (VBP=H ) (ADJP (JJ=H ))))))) (. ))),1,90681,"0,0842527667"
(ROOT (S=H (S=H (NP (NNP=H )) (VP=H (VBD=H ) (NP (NNS=H )) (NP-TMP (CD=H )))) (: ) (S (NP (NP (NNP ) (NNP ) (NNP ) (NNS ) (POS=H )) (NN ) (NN=H )) (VP=H (VBP=H ) (ADJP (JJ=H )))) (. ))),1,90682,"0,0842536958"
(ROOT (S=H (S=H (NP (NNP=H )) (VP=H (VBD=H ) (NP (NNS=H )) (NP-TMP (CD=H )))) (: ) (S (NP (NP=H (NP (NNP ) (NNP ) (NNP ) (NNS ) (POS=H )) (NN ) (NN=H )) (ADJP (JJ ) (JJ=H ))) (VP=H (VBP=H ) (ADJP (JJ=H )))) (. ))),1,90683,"0,0842546249"
(ROOT (S=H (NP (NNP=H )) (VP=H (VBD=H ) (SBAR (S=H (NP (NP=H (NNS ) (NNP ) (NNP ) (CC ) (NNP ) (NNP=H )) (ADJP (JJ ) (JJ=H ))) (VP=H (VBP=H ) (ADJP (JJ=H )))))) (. ))),1,90684,"0,084255554"
"(ROOT (S=H (S (VP=H (VBG=H ) (NP (NNP=H )))) (, ) (NP (NNP ) (NNP ) (NN ) (NNS=H )) (VP=H (VBP=H ) (ADJP (JJ=H ))) (. )))",1,90685,"0,0842564831"
"(ROOT (S=H (PP (IN=H ) (NP (NNP=H ))) (, ) (NP (NNP ) (NNP ) (NN ) (NNS=H )) (VP=H (VBP=H ) (ADJP (JJ=H ))) (. )))",1,90686,"0,0842574122"
(ROOT (S=H (NP (NP=H (JJ ) (NN ) (NN=H )) (VP (VBN=H ) (NP (NNS=H )))) (VP=H (VBP=H ) (ADJP (JJ=H ))) (. ))),1,90687,"0,0842583413"
(ROOT (S=H (NP (NP=H (NNP ) (NNP=H )) (PRN (-LRB- ) (NP=H (NNP ) (NNP ) (NNP=H )) (-RRB- ))) (VP=H (VBP=H ) (SBAR (S=H (NP (NNS=H )) (VP=H (VBP=H ) (ADJP (JJ=H )))))) (. ))),1,90688,"0,0842592704"
"(ROOT (S=H (S (ADVP (RB=H )) (NP=H (NNP=H ))) (, ) (NP (NNP ) (NNP ) (NN ) (NNS=H )) (VP=H (VBP=H ) (ADJP (JJ=H ))) (. )))",1,90689,"0,0842601996"
"(ROOT (S=H (NP (NP=H (NNP ) (NNP ) (NNP=H )) (, ) (NP (NNP ) (NNP ) (NNP ) (NN ) (NNS=H ))) (VP=H (VBP=H ) (ADJP (JJ=H ))) (. )))",1,90690,"0,0842611287"
(ROOT (S=H (NP (NP=H (NNP=H )) (PP (IN=H ) (NP (DT ) (JJ ) (NNPS=H )))) (VP=H (VBP=H ) (ADJP (JJ=H ))) (. ))),1,90691,"0,0842620578"
(ROOT (S=H (NP (NP=H (NN=H )) (VP (VBN=H ) (CC ) (VBN ) (NP (NNS=H )))) (VP=H (VBP=H ) (ADJP (JJ=H ))) (. ))),1,90692,"0,0842629869"
(ROOT (S=H (NP (NP=H (NP (NNS ) (POS=H )) (NNP=H )) (PP (IN=H ) (NP (NP=H (NNP ) (NNS=H )) (VP (VBG=H ) (NP (JJ ) (NNS=H )))))) (VP=H (VBP=H ) (ADJP (JJ=H ))) (. ))),1,90693,"0,084263916"
(ROOT (S=H (NP (NNP=H )) (VP=H (VBD=H ) (SBAR (S=H (NP (NP=H (NNP ) (NNP ) (NNS=H )) (VP (VBN=H ) (PP (IN=H ) (NP (NNP=H ))))) (VP=H (VBP=H ) (ADJP (JJ=H )))))) (. ))),1,90694,"0,0842648451"
(ROOT (S=H (NP (NNP=H )) (VP=H (VBD=H ) (SBAR (S=H (NP (NP=H (NNP ) (NNP ) (NNS=H )) (VP (VBN=H ) (PP (IN=H ) (NP (NNP ) (JJ ) (NN=H ))))) (VP=H (VBP=H ) (ADJP (JJ=H )))))) (. ))),1,90695,"0,0842657742"
(ROOT (S=H (NP (NNP=H )) (VP=H (VBD=H ) (SBAR (S=H (NP (NP=H (NNP ) (NNP ) (NNS=H )) (VP (VBN=H ) (PP (IN=H ) (NP (NNP=H ))))) (VP=H (VBD=H ) (SBAR (S=H (NP (NN=H )) (VP=H (VBP=H ) (ADJP (JJ=H ))))))))) (. ))),1,90696,"0,0842667033"
(ROOT (S=H (NP (NP=H (NP (NNS ) (POS=H )) (NNS=H )) (PP (IN=H ) (NP (JJ ) (NNS=H )))) (VP=H (VBP=H ) (ADJP (JJ=H ))) (. ))),1,90697,"0,0842676324"
(ROOT (S=H (NP (NP (NNP ) (NNP ) (NNPS=H )) (PRN (-LRB- ) (NP=H (NNS=H )) (-RRB- )) (NNS=H )) (VP=H (VBP=H ) (ADJP (JJ=H ))) (. ))),1,90698,"0,0842685616"
(ROOT (S=H (NP (NNP ) (NNP ) (NNP=H )) (VP=H (VBZ=H ) (SBAR (S=H (NP (NP=H (NN ) (NNS=H )) (PP (IN=H ) (NP (DT ) (NNP ) (NNP=H )))) (VP=H (VBP=H ) (ADJP (JJ=H )))))) (. ))),1,90699,"0,0842694907"
"(ROOT (S=H (NP (NP=H (NNP=H )) (, ) (NP (NP=H (JJ ) (NNS=H )) (, ) (NP (NNP ) (NNP=H )))) (VP=H (VBP=H ) (ADJP (JJ=H ))) (. )))",1,90700,"0,0842704198"
(ROOT (S=H (NP (NP=H (NNPS ) (NNP ) (NNP=H )) (PP (IN=H ) (NP (NNP ) (NNP=H )))) (VP=H (VBP=H ) (ADJP (JJ=H ))) (. ))),1,90701,"0,0842713489"
(ROOT (S=H (NP (NP=H (NN=H )) (PP (IN=H ) (NP (PRP ) (NNS=H )))) (VP=H (VBP=H ) (ADJP (JJ=H ))) (. ))),1,90702,"0,084272278"
(ROOT (S=H (NP (NP=H (NNP ) (NNP ) (NN ) (NN=H )) (PP (IN=H ) (NP (DT ) (NNP ) (NNPS=H )))) (VP=H (VBP=H ) (ADJP (JJ=H ))) (. ))),1,90703,"0,0842732071"
(ROOT (S=H (NP (NP=H (NNP=H )) (PP (IN=H ) (NP (JJ ) (NNP ) (NN ) (NNS=H )))) (VP=H (VBP=H ) (ADJP (JJ=H ))) (. ))),1,90704,"0,0842741362"
(ROOT (S=H (FRAG (ADJP=H (JJ=H ))) (: ) (S=H (PP (IN=H ) (NP (NNP=H ))) (NP (NNS=H )) (VP=H (VBP=H ) (ADJP (JJ=H )))) (. ))),1,90705,"0,0842750653"
(ROOT (S=H (NP (NP=H (NNS ) (NNS=H )) (PP (IN=H ) (NP (NNP=H ) (CC ) (NNP )))) (VP=H (VBP=H ) (ADJP (JJ=H ))) (. ))),1,90706,"0,0842759945"
(ROOT (S=H (NP (NNP ) (NNP ) (NNP ) (NNP ) (NNPS ) (JJ ) (NN=H )) (VP=H (VBP=H ) (ADJP (JJ=H ))) (. ))),1,90707,"0,0842769236"
(ROOT (S=H (NP (NP=H (DT ) (JJ ) (NN=H )) (PP (IN=H ) (NP (DT ) (NNP ) (NNP ) (NNS=H )))) (VP=H (VBP=H ) (ADJP (JJ=H ))) (. ))),1,90708,"0,0842778527"
"(ROOT (S=H (S (NP (NNP=H )) (VP=H (VBD=H ) (NP (JJ ) (NN ) (NNS=H )) (PP (IN=H ) (NP (NNP ) (NNP=H ))))) (, ) (NP (NNP=H )) (VP=H (VBP=H ) (ADJP (JJ=H ))) (. )))",1,90709,"0,0842787818"
(ROOT (S=H (NP (NNP=H )) (VP=H (VBD=H ) (NP (NP=H (NNS=H )) (SBAR (S=H (NP (DT ) (NNP ) (JJ ) (NN ) (NNS=H )) (VP=H (VBP=H ) (ADJP (JJ=H ))))))) (. ))),1,90710,"0,0842797109"
(ROOT (S=H (NP (NNP=H )) (VP=H (VBD=H ) (NP (NP=H (NNS=H )) (SBAR (S=H (NP (DT ) (NNP ) (JJ ) (NN ) (NNS=H )) (VP=H (VBD=H ) (SBAR (S=H (NP (NN=H )) (VP=H (VBP=H ) (ADJP (JJ=H )))))))))) (. ))),1,90711,"0,08428064"
(ROOT (S=H (NP (NNP=H )) (VP=H (VBD=H ) (NP (NP=H (NNS=H )) (SBAR (S=H (NP (DT ) (JJ ) (JJ ) (NN ) (NNS ) (JJ ) (NN=H )) (VP=H (VBP=H ) (ADJP (JJ=H ))))))) (. ))),1,90712,"0,0842815691"
(ROOT (S=H (NP (NP=H (NNP ) (NNPS ) (NNP ) (NNS=H )) (PRN (-LRB- ) (NP=H (NN=H )) (-RRB- ))) (VP=H (VBP=H ) (ADJP (JJ=H ))) (. ))),1,90713,"0,0842824982"
(ROOT (S=H (NP (NNP=H )) (VP=H (VBD=H ) (NP (NP=H (NNS=H )) (SBAR (S=H (NP (NP=H (JJ ) (NN=H )) (PP (IN=H ) (NP (CD=H )))) (VP=H (VBP=H ) (ADJP (JJ=H ))))))) (. ))),1,90714,"0,0842834273"
(ROOT (S=H (NP (NNP=H )) (VP=H (VBD=H ) (NP (NP=H (NNS=H )) (SBAR (S=H (NP (NP=H (JJ ) (NN=H )) (PP (IN=H ) (NP (CD ) (JJ ) (NN=H )))) (VP=H (VBP=H ) (ADJP (JJ=H ))))))) (. ))),1,90715,"0,0842843565"
(ROOT (S=H (NP (NNP=H )) (VP=H (VBD=H ) (NP (NP=H (NNS=H )) (SBAR (S=H (NP (NP=H (JJ ) (NN=H )) (PP (IN=H ) (NP (CD=H )))) (VP=H (VBD=H ) (SBAR (S=H (NP (NN=H )) (VP=H (VBP=H ) (ADJP (JJ=H )))))))))) (. ))),1,90716,"0,0842852856"
(ROOT (S=H (NP (NP=H (NNP ) (NNPS ) (NNP ) (NNP=H )) (PP (IN=H ) (NP (NNP ) (NNP ) (NNS=H )))) (VP=H (VBP=H ) (ADJP (JJ=H ))) (. ))),1,90717,"0,0842862147"
(ROOT (S=H (NP (NNP=H )) (VP=H (VBD=H ) (SBAR (S=H (NP (NP=H (NN ) (NNS=H )) (PP (IN=H ) (NP (DT ) (NNP ) (NNP=H )))) (VP=H (VBP=H ) (ADJP (JJ=H )))))) (. ))),1,90718,"0,0842871438"
(ROOT (S=H (PP (IN=H ) (NP (DT ) (NNP ) (NNP ) (NNP=H ))) (NP (NNS=H )) (VP=H (VBP=H ) (ADJP (JJ=H ))) (. ))),1,90719,"0,0842880729"
(ROOT (S=H (NP (NNP ) (NN=H )) (PRN (-LRB- ) (NP=H (NN=H )) (-RRB- )) (NP (NN ) (NNS=H )) (VP=H (VBP=H ) (ADJP (JJ=H ))) (. ))),1,90720,"0,084289002"
(ROOT (S=H (NP (NNP ) (NNP=H )) (NP-TMP (JJ ) (NN=H )) (NP (NP=H (NNS=H )) (PP (IN=H ) (NP (DT ) (NNP ) (NNPS=H )))) (VP=H (VBP=H ) (ADJP (JJ=H ))) (. ))),1,90721,"0,0842899311"
(ROOT (S=H (NP (NP=H (NP=H (NNP ) (NNPS ) (NNP ) (NNP=H )) (PRN (-LRB- ) (NP=H (NN=H )) (-RRB- ))) (PP (IN=H ) (NP (NN=H )))) (VP=H (VBP=H ) (ADJP (JJ=H ))) (. ))),1,90722,"0,0842908602"
(ROOT (S=H (NP (NP=H (NNP ) (NNPS ) (NNP=H )) (SBAR (WHNP=H (WP=H )) (S (VP=H (VBP=H ) (NP (JJ ) (NNS=H )))))) (VP=H (VBP=H ) (ADJP (JJ=H ))) (. ))),1,90723,"0,0842917893"
(ROOT (S=H (NP (NP (JJ ) (NN=H )) (PRN (-LRB- ) (NP=H (NN=H )) (-RRB- )) (NNS=H )) (VP=H (VBD=H ) (PP (IN=H ) (NP (NP=H (DT ) (NNP ) (NNP ) (NNPS=H )) (SBAR (S=H (VP=H (VBP=H ) (ADJP (JJ=H )))))))) (. ))),1,90724,"0,0842927185"
(ROOT (S=H (NP (NP=H (NN=H )) (PP (IN=H ) (NP (DT ) (CD ) (NNPS ) (NN=H )))) (VP=H (VBP=H ) (ADJP (JJ=H ))) (. ))),1,90725,"0,0842936476"
(ROOT (S=H (NP (NP=H (NNP ) (NNP=H )) (PP (IN=H ) (NP (DT ) (CD ) (NNPS ) (NN=H )))) (VP=H (VBP=H ) (ADJP (JJ=H ))) (. ))),1,90726,"0,0842945767"
(ROOT (S=H (NP (NP=H (NNP ) (NNP=H )) (PP (IN=H ) (NP (NP=H (NN ) (NN=H )) (CC ) (NP (NP=H (JJ ) (NN=H )) (PP (TO=H ) (NP (NN ) (NNS=H ))))))) (VP=H (VBP=H ) (ADJP (JJ=H ))) (. ))),1,90727,"0,0842955058"
(ROOT (S=H (NP (NP=H (NNP ) (NN ) (NN=H )) (PP (IN=H ) (NP (NP=H (DT ) (NNP ) (NNP=H )) (PP (IN=H ) (NP (NNP ) (NNPS=H )))))) (VP=H (VBP=H ) (ADJP (JJ=H ))) (. ))),1,90728,"0,0842964349"
"(ROOT (S=H (PP (IN=H ) (NP (NN=H ))) (, ) (NP (NNP=H )) (VP=H (VBP=H ) (ADJP (JJ=H ))) (. )))",1,90729,"0,084297364"
(ROOT (S=H (NP (NP=H (DT ) (NNP ) (NNP=H )) (PP (IN=H ) (NP (NN ) (NNS=H )))) (VP=H (VBP=H ) (ADJP (JJ=H ))) (. ))),1,90730,"0,0842982931"
(ROOT (S=H (NP (NP=H (NNP ) (NNP=H )) (PP (IN=H ) (NP (NP=H (DT ) (NNP=H )) (PP (IN=H ) (NP (NP=H (NNP ) (NNPS=H )) (PP (IN=H ) (NP (DT ) (JJ ) (NNP ) (NNS=H )))))))) (VP=H (VBP=H ) (ADJP (JJ=H ))) (. ))),1,90731,"0,0842992222"
(ROOT (S=H (S=H (NP (NP (JJ ) (NN=H )) (PRN (-LRB- ) (NP=H (NN=H )) (-RRB- )) (NNS=H )) (VP=H (VBD=H ) (PP (IN=H ) (NP (NNP=H ))))) (CC ) (S (NP (NNP=H )) (VP=H (VBP=H ) (ADJP (JJ=H )))) (. ))),1,90732,"0,0843001514"
(ROOT (S=H (NP (NP=H (NNP=H )) (PP (IN=H ) (NP (NP=H (NNP ) (NNP=H )) (PP (IN=H ) (NP (NNP ) (NN ) (NNS=H )))))) (VP=H (VBP=H ) (ADJP (JJ=H ))) (. ))),1,90733,"0,0843010805"
(ROOT (S=H (NP (NNP ) (NN=H )) (PRN (-LRB- ) (NP=H (NN=H )) (-RRB- )) (NP (NN ) (NN ) (NNS=H )) (VP=H (VBP=H ) (ADJP (JJ=H ))) (. ))),1,90734,"0,0843020096"
(ROOT (S=H (PP (VBN=H ) (NP (NP=H (NNS=H )) (PP (IN=H ) (NP (JJ ) (NN=H ))))) (NP (NN=H )) (VP=H (VBP=H ) (ADJP (JJ=H ))) (. ))),1,90735,"0,0843029387"
(ROOT (S=H (NP (NP (JJ ) (NN=H )) (PRN (-LRB- ) (NP=H (NN=H )) (-RRB- )) (NNS=H )) (VP=H (VBD=H ) (SBAR (IN=H ) (S (NP (DT ) (NNPS=H )) (VP=H (VBP=H ) (ADJP (JJ=H )))))) (. ))),1,90736,"0,0843038678"
(ROOT (NP=H (NP=H (NNPS=H )) (: ) (NP (NP=H (NNP=H ) (CD )) (SBAR (S=H (NP (JJ ) (NNS=H )) (VP=H (VBP=H ) (ADJP (JJ=H )))))) (. ))),1,90737,"0,0843047969"
(ROOT (S=H (NP (NP=H (NN ) (NN ) (NN=H )) (PP (IN=H ) (NP (DT ) (NNPS=H )))) (VP=H (VBP=H ) (ADJP (JJ=H ))) (. ))),1,90738,"0,084305726"
(ROOT (S=H (NP (NNP=H )) (VP=H (VBD=H ) (SBAR (S=H (NP (PRP=H )) (VP=H (VBP=H ) (SBAR (S=H (NP (JJ ) (NNS=H )) (VP=H (VBP=H ) (ADJP (JJ=H ))))))))) (. ))),1,90739,"0,0843066551"
(ROOT (S=H (NP (JJ ) (NN=H )) (VP=H (VBZ=H ) (NP (NP=H (JJ ) (NNS=H )) (SBAR (S=H (VP=H (VBP=H ) (ADJP (JJ=H ))))))) (. ))),1,90740,"0,0843075842"
(ROOT (FRAG=H (NP (NN=H )) (: ) (S=H (NP (NNP=H )) (ADVP (RB=H )) (VP=H (VBP=H ) (ADJP (JJ=H )))) (. ))),1,90741,"0,0843085134"
(ROOT (NP=H (NP=H (NNP=H )) (: ) (S (NP (NP=H (NNP ) (NNP=H )) (PP (IN=H ) (NP (NNP ) (NNS=H )))) (VP=H (VBP=H ) (ADJP (JJ=H )))) (. ))),1,90742,"0,0843094425"
(ROOT (S=H (NP (NP=H (NNP ) (NNP=H )) (CC ) (NP (JJ ) (JJ ) (NNS=H ))) (VP=H (VBP=H ) (ADJP (JJ=H ))) (. ))),1,90743,"0,0843103716"
(ROOT (S=H (NP (NP=H (NNP ) (NNP ) (NNP=H )) (NP (JJ ) (NNS=H )) (NP (NP=H (NN ) (NN=H )) (PP (IN=H ) (NP (JJ ) (NNS=H ))))) (VP=H (VBP=H ) (ADJP (JJ=H ))) (. ))),1,90744,"0,0843113007"
(ROOT (S=H (NP (NP=H (NNP ) (CC ) (NNS ) (JJ ) (NNS=H )) (PP (IN=H ) (NP (NN=H )))) (VP=H (VBP=H ) (ADJP (JJ=H ))) (. ))),1,90745,"0,0843122298"
(ROOT (S=H (NP (NP=H (JJ ) (JJ ) (NN=H )) (CC ) (NP (JJ ) (JJ ) (NNS=H ))) (VP=H (VBP=H ) (ADJP (JJ=H ))) (. ))),1,90746,"0,0843131589"
(ROOT (NP=H (NP=H (NNP=H )) (: ) (S (NP (NP=H (JJ ) (NN=H )) (PP (IN=H ) (NP (NN=H )))) (VP=H (VBP=H ) (ADJP (JJ=H )))) (. ))),1,90747,"0,084314088"
(ROOT (NP=H (NP=H (NNP=H )) (: ) (S (NP (NP=H (JJ ) (NN=H )) (PP (IN=H ) (NP (JJ ) (NN=H )))) (VP=H (VBP=H ) (ADJP (JJ=H )))) (. ))),1,90748,"0,0843150171"
(ROOT (S=H (NP (NP=H (NNP ) (. ) (NNP ) (NNP=H )) (VP (VBG=H ) (NP (NN ) (NNS=H )) (PP (TO=H ) (NP (NNS=H ))))) (VP=H (VBP=H ) (ADJP (JJ=H ))) (. ))),1,90749,"0,0843159462"
(ROOT (S=H (NP (NP=H (NNP ) (NNP=H )) (PP (IN=H ) (NP (NP=H (JJ ) (NN=H )) (PP (TO=H ) (NP (NP=H (NN=H )) (CC ) (NP (DT ) (NNP ) (NNS=H ))))))) (VP=H (VBP=H ) (ADJP (JJ=H ))) (. ))),1,90750,"0,0843168754"
(ROOT (S=H (S (VP=H (VBG=H ) (NP (NNS ) (NN=H )) (PP (IN=H ) (NP (NN=H ))))) (VP=H (VBP=H ) (ADJP (JJ=H ))) (. ))),1,90751,"0,0843178045"
"(ROOT (S=H (NP (NP=H (NNP=H )) (PP (IN=H ) (NP (NP=H (NNP ) (NNP ) (NNS=H )) (, ) (NP (NNS=H )) (, ) (CC ) (NP (NNS=H ))))) (VP=H (VBP=H ) (ADJP (JJ=H ))) (. )))",1,90752,"0,0843187336"
(ROOT (S=H (NP (NP=H (CD ) (NN=H )) (SBAR (S=H (VP=H (TO=H ) (VP (VB=H ) (NP (NN ) (NNS=H )) (PP (TO=H ) (NP (NNS=H )))))))) (VP=H (VBP=H ) (ADJP (JJ=H ))) (. ))),1,90753,"0,0843196627"
(ROOT (S=H (NP (NP=H (NNP ) (NNPS ) (NNP=H )) (CC ) (NP (DT ) (NN=H ))) (VP=H (VBP=H ) (ADJP (JJ=H ))) (. ))),1,90754,"0,0843205918"
(ROOT (S=H (NP (NP=H (NNP ) (NNPS ) (NNP=H )) (CC ) (NP (NNP ) (NNP ) (NNP=H ))) (VP=H (VBP=H ) (ADJP (JJ=H ))) (. ))),1,90755,"0,0843215209"
(ROOT (S=H (NP (NP=H (NNP ) (NNP ) (NNP=H )) (PP (IN=H ) (NP (NP=H (DT ) (NNP=H )) (PP (IN=H ) (NP (NNP ) (NNPS=H )))))) (VP=H (VBP=H ) (ADJP (JJ=H ))) (. ))),1,90756,"0,08432245"
(ROOT (S=H (NP (NP=H (NNP=H )) (PP (IN=H ) (NP (NP (NNP ) (NNS ) (POS=H )) (JJ ) (NNS=H )))) (VP=H (VBP=H ) (ADJP (JJ=H ))) (. ))),1,90757,"0,0843233791"
(ROOT (S=H (NP (NP=H (NNP ) (NNP=H )) (PP (IN=H ) (NP (NP=H (DT ) (NNP=H )) (PP (IN=H ) (NP (NNPS=H )))))) (VP=H (VBP=H ) (ADJP (JJ=H ))) (. ))),1,90758,"0,0843243083"
(ROOT (S=H (NP (NP=H (NNP ) (NN=H )) (PP (CC=H ) (NP (JJ ) (NNS=H )))) (VP=H (VBP=H ) (ADJP (JJ=H ))) (. ))),1,90759,"0,0843252374"
(ROOT (S=H (NP (NP=H (NNP=H )) (SBAR (S=H (NP (DT ) (NNP ) (NN=H )) (VP=H (VBZ=H ) (PP (TO=H ) (NP (NNS=H ))))))) (VP=H (VBP=H ) (ADJP (JJ=H ))) (. ))),1,90760,"0,0843261665"
(ROOT (S=H (NP (DT ) (NNP ) (NNP ) (CC ) (NNP ) (NN ) (NNS=H )) (VP=H (VBP=H ) (ADJP (JJ=H ))) (. ))),1,90761,"0,0843270956"
"(ROOT (S=H (SBAR (RB ) (S=H (VP=H (VBD=H ) (S (VP=H (TO=H ) (VP (VB=H ) (NP (DT ) (NNS=H )) (PP (IN=H ) (NP (DT ) (NNP ) (NNP ) (NNP=H ))) (, ) (SBAR (RB ) (S=H (NP (PRP=H )) (VP=H (MD=H ) (RB ) (VP (VB=H ) (NP (PRP$ ) (NN=H )))) (. ))))))))) (VP=H (VBP=H ) (ADJP (JJ=H ))) (. )))",1,90762,"0,0843280247"
(ROOT (S=H (NP (NP=H (NNP ) (NNPS ) (NNP=H )) (NP (NN ) (NN ) (NN ) (NNS=H ))) (VP=H (VBP=H ) (ADJP (JJ=H ))) (. ))),1,90763,"0,0843289538"
(ROOT (S=H (S (VP=H (VBG=H ) (PRT (RP=H )) (NP-TMP (NNP=H )))) (NP (JJ ) (NNS=H )) (VP=H (VBP=H ) (ADJP (JJ=H ))) (. ))),1,90764,"0,0843298829"
(ROOT (S=H (NP (NN=H )) (PP (IN=H ) (NP (NN ) (NN ) (NNS=H ))) (VP=H (VBP=H ) (ADJP (JJ=H ))) (. ))),1,90765,"0,084330812"
(ROOT (NP=H (NP=H (NNP=H )) (PRN (-LRB- ) (NP=H (NNP=H )) (-RRB- )) (: ) (NP (NP=H (JJ ) (NNS=H )) (SBAR (S=H (VP=H (VBP=H ) (ADJP (JJ=H )))))) (. ))),1,90766,"0,0843317411"
(ROOT (FRAG=H (NP (NNP ) (NNP ) (NNP=H )) (: ) (S=H (NP (CD=H )) (VP=H (VBP=H ) (ADJP (JJ=H )))) (. ))),1,90767,"0,0843326703"
(ROOT (S=H (NP (NP=H (JJR ) (NN=H )) (PP (IN=H ) (NP (DT ) (NNPS=H )))) (VP=H (VBP=H ) (ADJP (JJ=H ))) (. ))),1,90768,"0,0843335994"
(ROOT (S=H (NP (NP=H (DT ) (NNP ) (NNS ) (NN ) (NNS=H )) (PP (TO=H ) (NP (NNS=H )))) (VP=H (VBP=H ) (ADJP (JJ=H ))) (. ))),1,90769,"0,0843345285"
(ROOT (S=H (NP (NP=H (NNP ) (NNP=H )) (PP (IN=H ) (NP (NP (NNS ) (POS=H )) (NN ) (NNS=H )))) (VP=H (VBP=H ) (ADJP (JJ=H ))) (. ))),1,90770,"0,0843354576"
(ROOT (S=H (NP (NP=H (NNP ) (NNP=H )) (PP (IN=H ) (NP (NP=H (NN ) (NNS=H )) (SBAR (WHNP=H (WP=H )) (S (VP=H (VBD=H ) (ADJP (JJ=H )))))))) (VP=H (VBP=H ) (ADJP (JJ=H ))) (. ))),1,90771,"0,0843363867"
(ROOT (S=H (NP (NP=H (NNP ) (NNP=H )) (PP (IN=H ) (NP (NP=H (JJ ) (NNS ) (NNS=H )) (SBAR (WHNP=H (WP=H )) (S (VP=H (VBD=H ) (ADJP (JJ=H )))))))) (VP=H (VBP=H ) (ADJP (JJ=H ))) (. ))),1,90772,"0,0843373158"
(ROOT (S=H (NP (NP=H (NNP ) (NNP ) (NNP=H )) (PP (IN=H ) (NP (NP=H (DT ) (NN=H )) (PP (IN=H ) (NP (NNP ) (NNPS=H )))))) (VP=H (VBP=H ) (ADJP (JJ=H ))) (. ))),1,90773,"0,0843382449"
(ROOT (S=H (NP (NNP ) (NNP ) (NNP ) (NNP=H )) (VP=H (VBD=H ) (SBAR (S=H (NP (NNS=H )) (VP=H (VBP=H ) (ADJP (JJ=H )))))) (. ))),1,90774,"0,084339174"
(ROOT (S=H (NP (NNP=H )) (VP=H (VBZ=H ) (NP (NP=H (DT ) (JJ ) (NNS=H )) (SBAR (S=H (VP=H (VBP=H ) (ADJP (JJ=H ))))))) (. ))),1,90775,"0,0843401031"
"(ROOT (S=H (NP (NP=H (NNP ) (NNP ) (NNPS ) (NNP=H )) (PP (IN=H ) (NP (NP=H (NNS=H )) (PP (IN=H ) (NP (NP=H (NNP ) (NNP=H )) (, ) (NP (NNP=H ))))))) (VP=H (VBP=H ) (ADJP (JJ=H ))) (. )))",1,90776,"0,0843410323"
(ROOT (S=H (NP (NP=H (JJ ) (NN=H )) (PP (IN=H ) (NP (NP=H (JJ ) (NNS=H ) (CC ) (NNS )) (PP (IN=H ) (NP (NNP=H )))))) (VP=H (VBP=H ) (ADJP (JJ=H ))) (. ))),1,90777,"0,0843419614"
(ROOT (FRAG=H (NP (NP=H (NNS=H )) (PP (IN=H ) (NP (PRP=H )))) (: ) (S=H (NP (NNP=H )) (VP=H (VBP=H ) (ADJP (JJ=H )))) (. ))),1,90778,"0,0843428905"
(ROOT (S=H (PP (IN=H ) (NP (NNP ) (NNP ) (NNP=H ))) (NP (NNS=H )) (VP=H (VBP=H ) (ADJP (JJ=H ))) (. ))),1,90779,"0,0843438196"
"(ROOT (S=H (NP (NP=H (NNP ) (NNP ) (NNP=H )) (, ) (NP (ADJP (JJ=H )) (NNS=H ))) (VP=H (VBP=H ) (ADJP (JJ=H ))) (. )))",1,90780,"0,0843447487"
(ROOT (S=H (NP (NP=H (NP (NNP ) (POS=H )) (NN=H )) (CC ) (NP (DT ) (NN ) (NNS=H ))) (VP=H (VBP=H ) (ADJP (JJ=H ))) (. ))),1,90781,"0,0843456778"
(ROOT (S=H (NP (NP=H (NNP ) (NNP=H )) (VP (VBG=H ) (`` ) (NP (NN ) (NNS=H )))) (VP=H (VBP=H ) (ADJP (JJ=H ))) (. ))),1,90782,"0,0843466069"
"(ROOT (S=H (S (NP=H (NP=H (NNS=H )) (PP (IN=H ) (NP (NP (NNP ) (POS=H )) (NN=H ))))) (, ) (NP (NNP=H )) (VP=H (VBP=H ) (ADJP (JJ=H ))) (. )))",1,90783,"0,084347536"
(ROOT (S=H (NP (PRP=H )) (PRN (SINV=H (VBP=H ) (NP (PRP=H )))) (NP (JJ ) (NNS=H )) (VP=H (VBP=H ) (ADJP (JJ=H ))) (. ))),1,90784,"0,0843484652"
(ROOT (S=H (NP (VBG=H )) (PP (IN=H ) (NP (JJ ) (NNS=H ))) (VP=H (VBP=H ) (ADJP (JJ=H ))) (. ))),1,90785,"0,0843493943"
(ROOT (S=H (NP (NAC (NNP=H ) (PP (IN=H ) (NP (DT ) (NNPS=H )))) (NNP ) (NNP=H )) (VP=H (VBP=H ) (ADJP (JJ=H ))) (. ))),1,90786,"0,0843503234"
(ROOT (S=H (NP (NP=H (NNP ) (NNP ) (NNPS ) (NNP=H )) (PP (IN=H ) (NP (NNPS=H )))) (VP=H (VBP=H ) (ADJP (JJ=H ))) (. ))),1,90787,"0,0843512525"
"(ROOT (S=H (NP (NP=H (NNP ) (, ) (NNP=H ) (, )) (CC ) (NP (DT ) (NNP ) (NNPS=H ))) (VP=H (VBP=H ) (ADJP (JJ=H ))) (. )))",1,90788,"0,0843521816"
(ROOT (S=H (NP (NP=H (NNP ) (NNP=H )) (PP (IN=H ) (NP (NP=H (NN=H )) (PP (IN=H ) (NP (DT ) (NNP ) (NN ) (NNS=H )))))) (VP=H (VBP=H ) (ADJP (JJ=H ))) (. ))),1,90789,"0,0843531107"
(ROOT (S=H (NP (NP=H (NP=H (NNP=H )) (PP (IN=H ) (NP (DT ) (NNP ) (NNPS=H )))) (PRN (-LRB- ) (NP=H (JJ ) (NN ) (NN=H )) (-RRB- ))) (VP=H (VBP=H ) (ADJP (JJ=H ))) (. ))),1,90790,"0,0843540398"
(ROOT (S=H (NP (PRP=H )) (PP (IN=H ) (NP (JJ ) (NNS=H ))) (VP=H (VBP=H ) (ADJP (JJ=H ))) (. ))),1,90791,"0,0843549689"
(ROOT (S=H (NP (NNP=H )) (VP=H (VBD=H ) (SBAR (S=H (NP (NP=H (NNP ) (NNP ) (NNPS ) (NNP=H )) (PP (IN=H ) (NP (DT ) (NN=H )))) (VP=H (VBP=H ) (ADJP (JJ=H )))))) (. ))),1,90792,"0,084355898"
(ROOT (S=H (NP (NNP=H )) (VP=H (VBD=H ) (SBAR (S=H (NP (NP=H (NNP ) (NNP ) (NNPS ) (NNP=H )) (PP (IN=H ) (NP (DT ) (NN=H )))) (VP=H (VBD=H ) (SBAR (S=H (NP (NN=H )) (VP=H (VBP=H ) (ADJP (JJ=H ))))))))) (. ))),1,90793,"0,0843568272"
(ROOT (S=H (NP (PRP=H )) (VP=H (VB=H ) (SBAR (S=H (NP (NNP ) (NNS=H )) (VP=H (VBP=H ) (ADJP (JJ=H )))))) (. ))),1,90794,"0,0843577563"
(ROOT (S=H (NP (NP=H (NNP=H )) (PP (IN=H ) (NP (NP=H (NNP ) (CC ) (NNP ) (NNS=H )) (PP (IN=H ) (NP (NN=H )))))) (VP=H (VBP=H ) (ADJP (JJ=H ))) (. ))),1,90795,"0,0843586854"
(ROOT (S=H (NP (NNP ) (NNP=H )) (SBAR=H (NP (SYM=H )) (IN=H ) (S (NP (NNP ) (NNPS ) (NNS=H )) (VP=H (VBP=H ) (ADJP (JJ=H ))))) (. ))),1,90796,"0,0843596145"
(ROOT (S=H (NP (NP=H (NNP ) (NNP=H )) (PP (IN=H ) (NP (NP=H (JJ ) (NN ) (NNS=H )) (SBAR (WHNP=H (WP=H )) (S (VP=H (VBD=H ) (NP (NNS=H )))))))) (VP=H (VBP=H ) (ADJP (JJ=H ))) (. ))),1,90797,"0,0843605436"
(ROOT (S=H (NP (NP=H (NNP ) (CD ) (NN=H )) (PP (IN=H ) (NP (NP=H (NN ) (NNS=H )) (PP (IN=H ) (NP (DT ) (NN=H )))))) (VP=H (VBP=H ) (ADJP (JJ=H ))) (. ))),1,90798,"0,0843614727"
(ROOT (S=H (NP (NP=H (NNS ) (NNS=H )) (PP (IN=H ) (NP (DT ) (NNP ) (NNP=H )))) (VP=H (VBP=H ) (ADJP (JJ=H ))) (. ))),1,90799,"0,0843624018"
(ROOT (NP=H (NP=H (NNP=H ) ('' )) (: ) (S (NP (JJ ) (NNS=H )) (VP=H (VBP=H ) (ADJP (JJ=H )))) (. ))),1,90800,"0,0843633309"
(ROOT (S=H (NP (NP=H (JJ ) (NNS ) (NNS=H )) (PP (IN=H ) (NP (NP=H (DT ) (JJ ) (NN=H )) (PP (IN=H ) (NP (DT ) (NNP=H )))))) (VP=H (VBP=H ) (ADJP (JJ=H ))) (. ))),1,90801,"0,0843642601"
(ROOT (S=H (NP (NP=H (NNP=H )) (PP (IN=H ) (NP (ADVP (RB=H )) (CD ) (NNS=H )))) (VP=H (VBP=H ) (ADJP (JJ=H ))) (. ))),1,90802,"0,0843651892"
(ROOT (S=H (S=H (NP (NNP=H )) (VP=H (VBD=H ) (S (NP=H (NNS=H )) (NP (DT ) (NNP ) (NNP ) (NNP=H ))))) (: ) (S (NP (NNP=H )) (VP=H (VBP=H ) (ADJP (JJ=H )))) (. ))),1,90803,"0,0843661183"
(ROOT (S=H (S=H (NP (NNP=H )) (VP=H (VBD=H ) (S (NP=H (NNS=H )) (NP (DT ) (NNP ) (NNP ) (NNP=H ))))) (: ) (S (NP (NNP ) (JJ ) (NN=H )) (VP=H (VBP=H ) (ADJP (JJ=H )))) (. ))),1,90804,"0,0843670474"
(ROOT (S=H (S=H (NP (NNP=H )) (VP=H (VBD=H ) (S (NP=H (NNS=H )) (NP (DT ) (NNP ) (NNP ) (NNP=H ))))) (: ) (S (NP (NNP=H )) (VP=H (VBD=H ) (SBAR (S=H (NP (NN=H )) (VP=H (VBP=H ) (ADJP (JJ=H ))))))) (. ))),1,90805,"0,0843679765"
(ROOT (S=H (NP (NNP ) (NNP ) (NNP=H )) (PRN (-LRB- ) (NP=H (NNP ) (NNP=H )) (-RRB- )) (NP (NNP ) (NNP ) (NNS=H )) (VP=H (VBP=H ) (ADJP (JJ=H ))) (. ))),1,90806,"0,0843689056"
(ROOT (S=H (NP (NP=H (NNP ) (NNS ) (NN=H )) (PP (IN=H ) (NP (NN=H )))) (VP=H (VBP=H ) (ADJP (JJ=H ))) (. ))),1,90807,"0,0843698347"
(ROOT (S=H (NP (NP=H (NNP ) (NNPS ) (NNP ) (NNP=H )) (PP (IN=H ) (NP (NNP ) (NN ) (NNS=H )))) (VP=H (VBP=H ) (ADJP (JJ=H ))) (. ))),1,90808,"0,0843707638"
(ROOT (S=H (NP (NP=H (NNP ) (NNP ) (NNP=H )) (PRN (-LRB- ) (NP=H (NNP ) (NNP=H )) (-RRB- ))) (VP=H (VBD=H ) (SBAR (S=H (NP (CD ) (NNS=H )) (VP=H (VBP=H ) (ADJP (JJ=H )))))) (. ))),1,90809,"0,0843716929"
(ROOT (S=H (NP (NNPS ) (NNP=H )) (PP (IN=H ) (NP (JJ ) (NNS=H ))) (VP=H (VBP=H ) (ADJP (JJ=H ))) (. ))),1,90810,"0,0843726221"
(ROOT (S=H (NP (NP=H (NP (NNP ) (POS=H )) (NNP=H )) (PP (IN=H ) (NP (NNP ) (NNPS=H )))) (VP=H (VBP=H ) (ADJP (JJ=H ))) (. ))),1,90811,"0,0843735512"
(ROOT (FRAG=H (NP (NP=H (NNP=H )) (PP (IN=H ) (NP (NN=H )))) (: ) (S=H (NP (NNP ) (NNPS=H )) (VP=H (VBP=H ) (ADJP (JJ=H )))) (. ))),1,90812,"0,0843744803"
(ROOT (S=H (SBAR (WHNP=H (WP=H )) (S (VP=H (VBN=H )))) (NP (NNP ) (NNP ) (NNS=H )) (VP=H (VBP=H ) (ADJP (JJ=H ))) (. ))),1,90813,"0,0843754094"
(ROOT (S=H (NP (NP=H (NP=H (NNP ) (NNP=H )) (NP (JJ ) (NN ) (NNS=H ))) (PRN (-LRB- ) (NP=H (NP=H (NNP=H )) (PP (IN=H ) (NP (NNP ) (NNP=H )))) (-RRB- ))) (VP=H (VBP=H ) (ADJP (JJ=H ))) (. ))),1,90814,"0,0843763385"
"(ROOT (S=H (S (NP (NNP ) (NNP=H )) (VP=H (VBZ=H ) (PP (IN=H ) (NP (NNP=H ))))) (, ) (NP (NNP ) (NNP=H )) (VP=H (VBP=H ) (ADJP (JJ=H ))) (. )))",1,90815,"0,0843772676"
(ROOT (S=H (NP (ADJP (JJ=H ) (NP (DT ) (NN=H ))) (NN ) (NNS=H )) (VP=H (VBP=H ) (ADJP (JJ=H ))) (. ))),1,90816,"0,0843781967"
(ROOT (S=H (NP (NP=H (DT ) (NN=H )) (PP (IN=H ) (NP (JJ ) (NN ) (NN ) (NNS=H )))) (VP=H (VBP=H ) (ADJP (JJ=H ))) (. ))),1,90817,"0,0843791258"
(ROOT (S=H (NP (NP=H (NNP ) (NNP ) (NNP=H )) (PP (IN=H ) (NP (NNP ) (JJ ) (NNS=H )))) (VP=H (VBP=H ) (ADJP (JJ=H ))) (. ))),1,90818,"0,0843800549"
(ROOT (S=H (IN ) (NP (PRP=H )) (VP=H (VBP=H ) (SBAR (S=H (NP (PRP=H )) (VP=H (MD=H ) (VP (VB=H ) (SBAR (S=H (NP (NNP ) (NNS=H )) (VP=H (VBP=H ) (ADJP (JJ=H )))))))))) (. ))),1,90819,"0,0843809841"
(ROOT (S=H (S (VP=H (VBG=H ) (S (NP=H (PRP=H )) (PP (IN=H ) (NP (NNS=H )))))) (VP=H (VBP=H ) (ADJP (JJ=H ))) (. ))),1,90820,"0,0843819132"
(ROOT (FRAG=H (NP (JJ ) (NNS=H )) (: ) (S=H (NP (NP=H (NNS=H )) (PP (IN=H ) (NP (DT ) (JJ ) (NN=H )))) (VP=H (VBP=H ) (ADJP (JJ=H )))) (. ))),1,90821,"0,0843828423"
(ROOT (FRAG=H (NP (JJ ) (NNS=H )) (: ) (S=H (NP (NP=H (NN=H )) (CC ) (NP (PRP$ ) (NNS=H ))) (VP=H (VBP=H ) (ADJP (JJ=H )))) (. ))),1,90822,"0,0843837714"
(ROOT (S=H (S=H (NP (NNP=H )) (VP=H (VBD=H ) (S (NP=H (NNS=H )) (NP (NNP ) (NNPS=H ))))) (: ) (S (NP (NNP ) (NNP ) (NNS=H )) (VP=H (VBP=H ) (ADJP (JJ=H )))) (. ))),1,90823,"0,0843847005"
(ROOT (S=H (NP (NP=H (NNP ) (NNP=H )) (PP (IN=H ) (NP (NP=H (NNP ) (NNP ) (NNS=H )) (VP (VBN=H ) (PP (IN=H ) (NP (DT ) (NNP ) (NNP=H ))))))) (VP=H (VBP=H ) (ADJP (JJ=H ))) (. ))),1,90824,"0,0843856296"
(ROOT (S=H (NP (NP=H (DT ) (NN=H )) (PP (TO=H ) (NP (DT ) (NNP ) (NNS=H )))) (VP=H (VBP=H ) (ADJP (JJ=H ))) (. ))),1,90825,"0,0843865587"
(ROOT (S=H (NP (NP=H (JJ ) (NN=H )) (PP (IN=H ) (NP (NNP ) (NNP ) (NNP ) (NNS=H )))) (VP=H (VBP=H ) (ADJP (JJ=H ))) (. ))),1,90826,"0,0843874878"
(ROOT (S=H (NP (NP=H (JJ=H )) (CC ) (NP (JJ ) (JJ ) (NNS=H ))) (VP=H (VBP=H ) (ADJP (JJ=H ))) (. ))),1,90827,"0,084388417"
(ROOT (S=H (NP (NNP=H ) (JJ )) (VP=H (VBD=H ) (SBAR (S=H (NP (NN ) (NNS=H )) (VP=H (VBP=H ) (ADJP (JJ=H )))))) (. ))),1,90828,"0,0843893461"
"(ROOT (S=H (NP (DT=H )) (VP=H (VBZ=H ) (SBAR (S=H (SBAR (X (ADVP (RB=H )) (NP=H (DT ) (JJ ) (NN=H )) (. )) (S=H (NP (PRP=H )) (`` ) (VP=H (VBD=H ) (S (VP=H (TO=H ) (VP (VB=H ) (NP (NP=H (DT ) (JJ ) (NNS=H )) (PP (IN=H ) (NP (DT ) (NNS=H ))))))) (, ) (S (RB ) (VP=H (VB=H ) (PP (TO=H ) (NP (DT ) (JJ ) (NNS=H ))) (. )))))) (VP=H (VBP=H ) (ADJP (JJ=H )))))) (. )))",1,90829,"0,0843902752"
(ROOT (S=H (NP (NP=H (CD=H )) (PRN (-LRB- ) (NP=H (NNS=H )) (-RRB- ))) (VP=H (VBP=H ) (ADJP (JJ=H ))) (. ))),1,90830,"0,0843912043"
(ROOT (S=H (NP (NP=H (NNP ) (JJ ) (NNS ) (NNS=H )) (PP (IN=H ) (NP (NP=H (NNP ) (NNP ) (NNS=H )) (PP (IN=H ) (NP (NN=H )))))) (VP=H (VBP=H ) (ADJP (JJ=H ))) (. ))),1,90831,"0,0843921334"
(ROOT (S=H (NP (NP=H (NNP ) (JJ ) (NNS ) (NNS=H )) (PP (IN=H ) (NP (NP=H (NNP ) (NNP ) (NNS=H )) (PP (IN=H ) (NP (NN=H )))))) (VP=H (VBD=H ) (SBAR (S=H (NP (NN=H )) (VP=H (VBP=H ) (ADJP (JJ=H )))))) (. ))),1,90832,"0,0843930625"
(ROOT (S=H (NP (NP=H (NNP ) (NNP=H )) (PP (IN=H ) (NP (NP=H (NN=H )) (PP (IN=H ) (NP (DT ) (JJ ) (NNS ) (NNS=H )))))) (VP=H (VBP=H ) (ADJP (JJ=H ))) (. ))),1,90833,"0,0843939916"
(ROOT (S=H (NP (NP=H (NNP ) (NNP=H )) (PP (IN=H ) (NP (NP=H (NNP=H )) (PP (IN=H ) (NP (NNP ) (NNS ) (NNS=H )))))) (VP=H (VBP=H ) (ADJP (JJ=H ))) (. ))),1,90834,"0,0843949207"
"(ROOT (S=H (S (NP (NN ) (CC ) (NN ) (NNS=H )) (VP=H (VBN=H ) (PP (IN=H ) (NP (NNP=H ))))) (, ) (NP (NNP=H )) (VP=H (VBP=H ) (ADJP (JJ=H ))) (. )))",1,90835,"0,0843958498"
(ROOT (S=H (NP (NP=H (NNP ) (NNP=H )) (PP (IN=H ) (NP (NP=H (NP=H (JJ ) (NN=H )) (PP (TO=H ) (NP (NN=H )))) (CC ) (NP (NP=H (DT ) (NNP ) (NNS=H )) (SBAR (WHNP=H (WP=H )) (S (VP=H (VBD=H ) (VP (VBN=H ))))))))) (VP=H (VBP=H ) (ADJP (JJ=H ))) (. ))),1,90836,"0,084396779"
"(ROOT (S=H (S (NP (NN ) (NNS=H ) (CC ) (NNS )) (VP=H (VBN=H ) (PP (IN=H ) (NP (NNP=H ))))) (, ) (NP (NNP=H )) (VP=H (VBP=H ) (ADJP (JJ=H ))) (. )))",1,90837,"0,0843977081"
"(ROOT (S=H (NP (NNP ) (NNP=H )) (, ) (NP (JJ ) (NNP ) (NNS=H )) (VP=H (VBP=H ) (ADJP (JJ=H ))) (. )))",1,90838,"0,0843986372"
(ROOT (S=H (NP (NP=H (NNP ) (NNP=H )) (PP (IN=H ) (NP (NP=H (NN=H )) (PP (IN=H ) (NP (NN ) (NNS=H )))))) (VP=H (VBP=H ) (ADJP (JJ=H ))) (. ))),1,90839,"0,0843995663"
(ROOT (S=H (NP (NP=H (NNP ) (NNP=H )) (PP (IN=H ) (NP (NP=H (JJ ) (NN ) (NNS=H )) (SBAR (WHNP=H (WP=H )) (S (VP=H (VBD=H ) (NP (NN ) (NNS=H )))))))) (VP=H (VBP=H ) (ADJP (JJ=H ))) (. ))),1,90840,"0,0844004954"
(ROOT (S=H (NP (NP=H (NNP=H )) (PP (IN=H ) (NP (DT ) (NN ) (NNS ) (NNS=H )))) (VP=H (VBP=H ) (ADJP (JJ=H ))) (. ))),1,90841,"0,0844014245"
(ROOT (FRAG=H (NP (NN ) (NN=H )) (: ) (S=H (NP (NP=H (NNP=H )) (PP (IN=H ) (NP (NNP=H )))) (VP=H (VBP=H ) (ADJP (JJ=H )))) (. ))),1,90842,"0,0844023536"
"(ROOT (S=H (S (VP=H (VBZ=H ) (PP (IN=H ) (NP (NNP ) (NNP=H ))))) (, ) (NP (NNP=H )) (VP=H (VBP=H ) (ADJP (JJ=H ))) (. )))",1,90843,"0,0844032827"
(ROOT (S=H (NP (NP=H (NNP ) (NNP=H )) (PP (IN=H ) (NP (NP=H (NNP=H )) (PP (IN=H ) (NP (DT ) (NNPS=H )))))) (VP=H (VBP=H ) (ADJP (JJ=H ))) (. ))),1,90844,"0,0844042118"
"(ROOT (S=H (PP (ADVP (RB=H )) (IN=H ) (NP (NP=H (NN=H ) (CC ) (NN )) (PP (IN=H ) (NP (NNP=H ))))) (, ) (NP (NNP=H )) (VP=H (VBP=H ) (ADJP (JJ=H ))) (. )))",1,90845,"0,084405141"
(ROOT (S=H (NP (NNP=H )) (VP=H (VBD=H ) (SBAR (S=H (NP (NP=H (NNS=H )) (PP (IN=H ) (NP (VBN ) (NNS=H )))) (VP=H (VBP=H ) (ADJP (JJ=H )))))) (. ))),1,90846,"0,0844060701"
(ROOT (S=H (NP (NP=H (NP (NNS ) (POS=H )) (NNS ) (NN=H )) (PP (IN=H ) (NP (NN=H )))) (VP=H (VBP=H ) (ADJP (JJ=H ))) (. ))),1,90847,"0,0844069992"
(ROOT (S=H (NP (NP=H (NNP=H )) (CC ) (NP (NP=H (NN ) (NNS=H ) (CC ) (NNS )) (PP (IN=H ) (NP (NNP=H ))))) (VP=H (VBP=H ) (ADJP (JJ=H ))) (. ))),1,90848,"0,0844079283"
"(ROOT (S=H (NP (NP=H (NNP=H )) (PP (IN=H ) (NP (NNP ) (, ) (NNP ) (NNS=H ) (CC ) (NNS )))) (VP=H (VBP=H ) (ADJP (JJ=H ))) (. )))",1,90849,"0,0844088574"
(ROOT (NP=H (NP=H (JJ=H )) (: ) (S (NP (NP=H (NNP ) (NNS=H )) (PP (IN=H ) (NP (NNP=H )))) (VP=H (VBP=H ) (ADJP (JJ=H )))) (. ))),1,90850,"0,0844097865"
(ROOT (S=H (PP (IN=H ) (NP (DT ) (NNP=H ) (CC ) (NNPS ))) (NP (NNS=H )) (VP=H (VBP=H ) (ADJP (JJ=H ))) (. ))),1,90851,"0,0844107156"
(ROOT (S=H (NP (NP=H (NNP ) (NNP=H )) (PP (IN=H ) (NP (NP=H (CD ) (NNS=H )) (PP (IN=H ) (NP (DT ) (NNP ) (NNP=H )))))) (VP=H (VBP=H ) (ADJP (JJ=H ))) (. ))),1,90852,"0,0844116447"
(ROOT (S=H (NP (NP=H (NNP=H )) (PP (IN=H ) (NP (NP=H (DT ) (JJ ) (NNS=H )) (PP (IN=H ) (NP (DT ) (NNP ) (NNP=H )))))) (VP=H (VBP=H ) (ADJP (JJ=H ))) (. ))),1,90853,"0,0844125739"
"(ROOT (S=H (NP (NP=H (NNP ) (NNP=H )) (PP (IN=H ) (NP (NP=H (NNP=H )) (PP (IN=H ) (NP (NP=H (DT ) (NN=H )) (, ) (NP (NNP=H )) (CC ) (NP (DT ) (NNPS=H ))))))) (VP=H (VBP=H ) (ADJP (JJ=H ))) (. )))",1,90854,"0,084413503"
"(ROOT (S=H (NP (NP=H (NNP ) (NNP=H )) (PP (IN=H ) (NP (NP=H (NNP=H )) (PP (IN=H ) (NP (NNP ) (, ) (NNP ) (NNP ) (CC ) (DT ) (NNPS=H )))))) (VP=H (VBP=H ) (ADJP (JJ=H ))) (. )))",1,90855,"0,0844144321"
"(ROOT (S=H (NP (NP=H (NNP ) (NNP=H )) (PP (IN=H ) (NP (NP=H (NNP=H )) (PP (IN=H ) (NP (NNS ) (, ) (NNS=H ) (CC ) (NNS )))))) (VP=H (VBP=H ) (ADJP (JJ=H ))) (. )))",1,90856,"0,0844153612"
(ROOT (FRAG=H (NP (NNP=H )) (: ) (S=H (NP (NP (DT ) (NN ) (POS=H )) (NNP ) (NNP ) (NNP ) (CC ) (NNP ) (NN ) (NNS=H )) (VP=H (VBP=H ) (ADJP (JJ=H )))) (. ))),1,90857,"0,0844162903"
(ROOT (S=H (NP (NP=H (NNP=H )) (PP (IN=H ) (NP (NP=H (NNS=H )) (PP (IN=H ) (NP (NP=H (DT ) (NNP=H )) (PP (IN=H ) (NP (NNP=H )))))))) (VP=H (VBP=H ) (ADJP (JJ=H ))) (. ))),1,90858,"0,0844172194"
(ROOT (S=H (NP (NP=H (NNP ) (NNP ) (NNP=H )) (PP (IN=H ) (NP (NP=H (NNP=H )) (PP (IN=H ) (NP (NNP ) (NNPS=H )))))) (VP=H (VBP=H ) (ADJP (JJ=H ))) (. ))),1,90859,"0,0844181485"
(ROOT (S=H (NP (NP=H (NNP ) (NNP ) (NN=H )) (PRN (-LRB- ) (NP=H (NN=H )) (-RRB- ))) (VP=H (VBP=H ) (SBAR (S=H (NP (NNS=H )) (VP=H (VBP=H ) (ADJP (JJ=H )))))) (. ))),1,90860,"0,0844190776"
(ROOT (S=H (NP (NP=H (JJ ) (NN=H )) (NP (DT ) (NNP ) (JJ ) (NNS=H ))) (VP=H (VBP=H ) (ADJP (JJ=H ))) (. ))),1,90861,"0,0844200067"
(ROOT (NP=H (NP=H (NNP=H )) (PRN (-LRB- ) (NP=H (NP=H (NN=H )) (CC ) (NP (NN=H ))) (-RRB- )) (: ) (NP (NP=H (JJ ) (NNS=H )) (SBAR (S=H (VP=H (VBP=H ) (ADJP (JJ=H )))))) (. ))),1,90862,"0,0844209359"
(ROOT (S=H (`` ) (NP (NNP ) (NNP=H )) ('' ) (VP=H (VBD=H ) (SBAR (S=H (NP (NN ) (NNS=H )) (VP=H (VBP=H ) (ADJP (JJ=H )))))) (. ))),1,90863,"0,084421865"
(ROOT (S=H (NP (NP=H (NNP=H )) (PP (IN=H ) (NP (VBN ) (NNS=H )))) (VP=H (VBP=H ) (ADJP (JJ=H ))) (. ))),1,90864,"0,0844227941"
(ROOT (S=H (NP (NP=H (NNP ) (NNP=H )) (PP (IN=H ) (NP (NP=H (DT ) (NNP ) (NNPS=H )) (PP (IN=H ) (NP (NNP ) (NNP=H )))))) (VP=H (VBP=H ) (ADJP (JJ=H ))) (. ))),1,90865,"0,0844237232"
(ROOT (S=H (NP (NNP=H )) (VP=H (VBD=H ) (SBAR (S=H (NP (NNP ) (NNP ) (NNP ) (NNP=H )) (VP=H (VBP=H ) (SBAR (S=H (NP (NNS=H )) (VP=H (VBP=H ) (ADJP (JJ=H ))))))))) (. ))),1,90866,"0,0844246523"
(ROOT (S=H (NP (NP=H (JJ ) (NN=H )) (CC ) (NP (NP=H (JJ ) (JJ ) (NNS=H ) (CC ) (NNS )) (PP (IN=H ) (NP (DT ) (NNP ) (NNPS=H ))))) (VP=H (VBP=H ) (ADJP (JJ=H ))) (. ))),1,90867,"0,0844255814"
(ROOT (S=H (NP (NNP ) (. ) (NNP=H )) (VP=H (VBZ=H ) (NP (NP=H (JJ ) (NNS=H )) (SBAR (S=H (VP=H (VBP=H ) (ADJP (JJ=H ))))))) (. ))),1,90868,"0,0844265105"
(ROOT (S=H (NP (NNP ) (NNP=H )) (VP=H (VBZ=H ) (SBAR (WHPP=H (IN=H ) (WHNP (WDT=H ))) (S (PP (IN=H ) (NP (NP=H (DT ) (NN=H )) (PP (IN=H ) (NP (DT ) (NNS=H ))))) (NP (NNS=H )) (VP=H (VBP=H ) (ADJP (JJ=H )))))) (. ))),1,90869,"0,0844274396"
(ROOT (S=H (NP (NP=H (NNP ) (NNP=H ) (CC ) (NNP )) (NP (JJ ) (NN ) (NN ) (NNS=H ))) (VP=H (VBP=H ) (ADJP (JJ=H ))) (. ))),1,90870,"0,0844283687"
(ROOT (S=H (NP (DT ) (NNP ) (NNP ) (CC ) (NNP ) (NNP ) (NN=H )) (VP=H (VBP=H ) (ADJP (JJ=H ))) (. ))),1,90871,"0,0844292979"
(ROOT (S=H (NP (NP=H (CD ) (NN=H )) (PP (IN=H ) (NP (NNPS=H )))) (VP=H (VBP=H ) (ADJP (JJ=H ))) (. ))),1,90872,"0,084430227"
(ROOT (S=H (NP (NP=H (NNP ) (NNP=H )) (PP (IN=H ) (NP (NP=H (NNP ) (NNP ) (NNS=H )) (PP (VBG=H ) (NP (NNP ) (NNP=H )))))) (VP=H (VBP=H ) (ADJP (JJ=H ))) (. ))),1,90873,"0,0844311561"
(ROOT (NP=H (NP=H (NNS=H )) (: ) (S (NP (NN ) (NNS=H )) (VP=H (VBP=H ) (ADJP (JJ=H )))) (. ))),1,90874,"0,0844320852"
(ROOT (S=H (NP (NP=H (JJ ) (NNP=H )) (PP (IN=H ) (NP (DT ) (NNP ) (NNS=H )))) (VP=H (VBP=H ) (ADJP (JJ=H ))) (. ))),1,90875,"0,0844330143"
(ROOT (NP=H (NP=H (DT ) (NNP=H )) (: ) (S (NP (NNP ) (NN ) (NNS=H )) (VP=H (VBP=H ) (ADJP (JJ=H )))) (. ))),1,90876,"0,0844339434"
(ROOT (S=H (NP (NP=H (NNPS ) (NNP=H )) (PP (IN=H ) (NP (NP=H (DT ) (NNP=H )) (PP (IN=H ) (NP (NN=H )))))) (VP=H (VBP=H ) (ADJP (JJ=H ))) (. ))),1,90877,"0,0844348725"
(ROOT (S=H (PP (IN=H ) (NP (NP=H (DT ) (NN=H )) (PP (IN=H ) (NP (NNPS=H ))))) (NP (NNS=H )) (VP=H (VBP=H ) (ADJP (JJ=H ))) (. ))),1,90878,"0,0844358016"
(ROOT (S=H (NP (NP=H (NNP ) (NNP=H )) (PP (IN=H ) (NP (NP=H (NNP ) (NNPS ) (NNP=H )) (PP (IN=H ) (NP (NP=H (NN=H )) (PP (IN=H ) (NP (NNP=H )))))))) (VP=H (VBP=H ) (ADJP (JJ=H ))) (. ))),1,90879,"0,0844367308"
(ROOT (S=H (S (VP=H (TO=H ) (VP (VB=H ) (NP (DT ) (NN=H )) (PP (IN=H ) (NP (DT ) (NNP ) (NNS=H )))))) (VP=H (VBP=H ) (ADJP (JJ=H ))) (. ))),1,90880,"0,0844376599"
(ROOT (S=H (NP (NP=H (NNP=H )) (NP (DT ) (NN ) (NN ) (NN ) (NN ) (NNS=H ))) (VP=H (VBP=H ) (ADJP (JJ=H ))) (. ))),1,90881,"0,084438589"
(ROOT (S=H (NP (JJ ) (NNP ) (NNP ) (NNP ) (NNPS ) (NNP=H )) (VP=H (VBP=H ) (ADJP (JJ=H ))) (. ))),1,90882,"0,0844395181"
(ROOT (S=H (NP (NP=H (NNP=H )) (PP (IN=H ) (NP (NNP=H )))) (VP=H (VBD=H ) (SBAR (S=H (NP (NNS=H )) (VP=H (VBP=H ) (ADJP (JJ=H )))))) (. ))),1,90883,"0,0844404472"
(ROOT (NP=H (NP=H (NNP=H )) (: ) (S (NP (JJ ) (JJ ) (JJ ) (NNS=H )) (VP=H (VBP=H ) (ADJP (JJ=H )))) (. ))),1,90884,"0,0844413763"
(ROOT (NP=H (NP=H (NNP=H )) (: ) (NP (NP=H (NNP ) (NNP=H )) (SBAR (S=H (NP (NP=H (JJ ) (NNS=H )) (PP (IN=H ) (NP (NN=H )))) (VP=H (VBP=H ) (ADJP (JJ=H )))))) (. ))),1,90885,"0,0844423054"
(ROOT (S=H (NP (NP=H (NNP=H )) (PP (IN=H ) (NP (DT ) (NN=H )))) (VP=H (VBD=H ) (SBAR (S=H (NP (NNS=H )) (VP=H (VBP=H ) (ADJP (JJ=H )))))) (. ))),1,90886,"0,0844432345"
(ROOT (NP=H (NP=H (NNP=H )) (: ) (S (NP (NP=H (NNP ) (NNP ) (NNP=H )) (PP (IN=H ) (NP (DT ) (NNP ) (NNPS=H )))) (VP=H (VBP=H ) (ADJP (JJ=H )))) (. ))),1,90887,"0,0844441636"
(ROOT (S=H (NP (NNP=H )) (VP=H (VBD=H ) (NP (NP=H (NNS=H )) (SBAR (S=H (NP (NP (DT ) (NNP ) (POS=H )) (NNP ) (NNP ) (NNP=H )) (VP=H (VBP=H ) (ADJP (JJ=H ))))))) (. ))),1,90888,"0,0844450928"
(ROOT (S=H (NP (NNP=H )) (VP=H (VBD=H ) (NP (NP=H (NNS=H )) (SBAR (S=H (NP (NP (DT ) (NNP ) (POS=H )) (NNP ) (NNP ) (NNP ) (JJ ) (NN=H )) (VP=H (VBP=H ) (ADJP (JJ=H ))))))) (. ))),1,90889,"0,0844460219"
(ROOT (S=H (NP (NNP=H )) (VP=H (VBD=H ) (NP (NP=H (NNS=H )) (SBAR (S=H (NP (NP (DT ) (NNP ) (POS=H )) (NNP ) (NNP ) (NNP=H )) (VP=H (VBD=H ) (SBAR (S=H (NP (NN=H )) (VP=H (VBP=H ) (ADJP (JJ=H )))))))))) (. ))),1,90890,"0,084446951"
(ROOT (S=H (NP (NP=H (NNP ) (NNPS ) (NNP ) (NNS=H )) (PP (IN=H ) (NP (DT ) (NNP ) (: ) (NNP ) (NNP=H )))) (VP=H (VBP=H ) (ADJP (JJ=H ))) (. ))),1,90891,"0,0844478801"
(ROOT (S=H (NP (NP=H (NNP ) (NNP ) (JJ ) (NNS ) (NN=H )) (CC ) (NP (NN ) (NNS=H ))) (VP=H (VBP=H ) (ADJP (JJ=H ))) (. ))),1,90892,"0,0844488092"
(ROOT (S=H (NP (NP=H (NNP ) (NNP=H )) (SBAR (S=H (NP (PRP=H )) (VP=H (VBP=H ) (NP (NP=H (NN ) (NNS=H )) (PP (IN=H ) (NP (DT ) (NNP ) (NNP=H )))))))) (VP=H (VBP=H ) (ADJP (JJ=H ))) (. ))),1,90893,"0,0844497383"
(ROOT (S=H (NP (NP=H (NNP ) (NNP=H )) (SBAR (S=H (NP (PRP=H )) (VP=H (VBP=H ) (NP (NP=H (NN ) (NNS=H )) (PP (IN=H ) (NP (NNP=H )))))))) (VP=H (VBP=H ) (ADJP (JJ=H ))) (. ))),1,90894,"0,0844506674"
(ROOT (S=H (NP (NP=H (NP (JJ ) (NNS ) (POS=H )) (NNS=H )) (PP (IN=H ) (NP (DT ) (NNPS=H )))) (VP=H (VBP=H ) (ADJP (JJ=H ))) (. ))),1,90895,"0,0844515965"
(ROOT (S=H (S (ADVP (RB=H )) (VP=H (VBN=H ))) (NP (NP (NN=H )) (PRN (-LRB- ) (NP=H (NP=H (NN=H )) (CC ) (NP (NN=H ))) (-RRB- )) (NNS=H )) (VP=H (VBP=H ) (ADJP (JJ=H ))) (. ))),1,90896,"0,0844525257"
(ROOT (S=H (NP (NNP=H )) (VP=H (VBD=H ) (NP (NP=H (NNS=H )) (SBAR (S=H (NP (NP=H (DT ) (NNP ) (PRN (-LRB- ) (NP=H (NP=H (NNP ) (NNP=H )) (NP (NN=H ))) (-RRB- )) (NN=H )) (ADJP (CD=H ))) (VP=H (VBP=H ) (ADJP (JJ=H ))))))) (. ))),1,90897,"0,0844534548"
(ROOT (S=H (NP (NP=H (NNP ) (NNPS ) (NNP ) (NNP=H )) (CC ) (NP (NNP ) (NNP ) (NNP=H ))) (VP=H (VBP=H ) (ADJP (JJ=H ))) (. ))),1,90898,"0,0844543839"
(ROOT (S=H (NP (NNP=H )) (VP=H (VBD=H ) (SBAR (S=H (NP (NP=H (NNS=H )) (PP (IN=H ) (NP (DT ) (NNP ) (NNP ) (NNPS=H )))) (VP=H (VBP=H ) (ADJP (JJ=H )))))) (. ))),1,90899,"0,084455313"
(ROOT (S=H (NP (NP=H (NP (NNP ) (NNP ) (POS=H )) (NNP=H )) (PRN (-LRB- ) (NP=H (NNP ) (NNPS=H )) (-RRB- ))) (VP=H (VBP=H ) (ADJP (JJ=H ))) (. ))),1,90900,"0,0844562421"
(ROOT (S=H (NP (NP=H (NP (NNP ) (NNPS ) (NNP ) (POS=H )) (NN ) (NNS=H )) (PP (IN=H ) (NP (NN=H )))) (VP=H (VBP=H ) (ADJP (JJ=H ))) (. ))),1,90901,"0,0844571712"
(ROOT (S=H (NP (NP=H (NNP ) (NNPS ) (NNP=H )) (CC ) (NP (JJ ) (NN ) (NNS=H ))) (VP=H (VBP=H ) (ADJP (JJ=H ))) (. ))),1,90902,"0,0844581003"
(ROOT (S=H (NP (NP=H (NNP ) (NNPS ) (NNP=H )) (PRN (-LRB- ) (NP=H (NP=H (NNP=H )) (: ) (NP (NNP=H ))) (-RRB- ))) (VP=H (VBP=H ) (ADJP (JJ=H ))) (. ))),1,90903,"0,0844590294"
(ROOT (S=H (NP (NP=H (NNP=H )) (PP (IN=H ) (NP (NP=H (NNP=H )) (PP (IN=H ) (NP (NNP ) (CC ) (NNP ) (NNS=H )))))) (VP=H (VBP=H ) (ADJP (JJ=H ))) (. ))),1,90904,"0,0844599585"
(ROOT (NP=H (NP=H (CD=H )) (: ) (S (NP (NP=H (CD ) (NN=H )) (PRN (-LRB- ) (NP=H (NNP=H )) (-RRB- ))) (VP=H (VBP=H ) (ADJP (JJ=H )))) (. ))),1,90905,"0,0844608877"
(ROOT (S=H (NP (NP=H (NNP=H )) (PP (IN=H ) (NP (NP=H (DT ) (JJ ) (NNS=H )) (PP (IN=H ) (NP (NNP=H ) (CC ) (NNP )))))) (VP=H (VBP=H ) (ADJP (JJ=H ))) (. ))),1,90906,"0,0844618168"
(ROOT (S=H (NP (ADJP (NNP=H ) (NNP )) (JJ ) (JJ ) (NNS=H )) (VP=H (VBP=H ) (ADJP (JJ=H ))) (. ))),1,90907,"0,0844627459"
(ROOT (S=H (NP (NP=H (NNP ) (NNP ) (NNP ) (NNP ) (CC ) (NNP ) (NNP=H )) (PP (IN=H ) (NP (DT ) (NNP ) (NNPS=H )))) (VP=H (VBP=H ) (ADJP (JJ=H ))) (. ))),1,90908,"0,084463675"
(ROOT (S=H (NP (NNP=H )) (VP=H (VBD=H ) (NP (NP=H (NNS=H )) (SBAR (S=H (NP (DT ) (NNP ) (NNS=H )) (VP=H (VBP=H ) (ADJP (JJ=H ))))))) (. ))),1,90909,"0,0844646041"
(ROOT (S=H (NP (NP=H (NNP ) (NNP=H )) (PP (IN=H ) (NP (DT ) (NNP ) (PRN (-LRB- ) (NP=H (NNP=H )) (-RRB- )) (NNS=H )))) (VP=H (VBP=H ) (ADJP (JJ=H ))) (. ))),1,90910,"0,0844655332"
(ROOT (NP=H (NP=H (NNP=H )) (: ) (NP (NP=H (CD=H )) (SBAR (S=H (NP (NP (NNP ) (NNS ) (POS=H )) (NN ) (NN=H )) (VP=H (VBP=H ) (ADJP (JJ=H )))))) (. ))),1,90911,"0,0844664623"
(ROOT (S=H (NP (NP (JJ ) (NN ) (NNS ) (POS=H )) (JJ ) (NNS=H )) (VP=H (VBP=H ) (ADJP (JJ=H ))) (. ))),1,90912,"0,0844673914"
(ROOT (FRAG=H (NP (NNP ) (NNP ) (NN ) (NN=H )) (: ) (S=H (NP (NNS=H )) (VP=H (VBP=H ) (ADJP (JJ=H )))) (. ))),1,90913,"0,0844683205"
(ROOT (S=H (NP (NP=H (NNP ) (NNP=H )) (PP (IN=H ) (NP (NP=H (NNP ) (NNP ) (NNP=H )) (PP (IN=H ) (NP (NNP ) (NNP ) (CC ) (NNP ) (NNS=H )))))) (VP=H (VBP=H ) (ADJP (JJ=H ))) (. ))),1,90914,"0,0844692497"
"(ROOT (S=H (NP (NP=H (`` ) (DT ) (NN=H ) ('' )) (, ) (NP (NP=H (NP (NNP ) (NNP ) (POS=H )) (NNS=H )) (PRN (-LRB- ) (NP=H (JJ ) (NN ) (NN=H )) (-RRB- )))) (VP=H (VBP=H ) (ADJP (JJ=H ))) (. )))",1,90915,"0,0844701788"
(ROOT (S=H (NP (NP=H (NNP ) (NN=H ) (CC ) (NN )) (PP (IN=H ) (NP (DT ) (NNP ) (NNP ) (NNPS=H )))) (VP=H (VBP=H ) (ADJP (JJ=H ))) (. ))),1,90916,"0,0844711079"
(ROOT (S=H (NP (NNP=H )) (VP=H (VBD=H ) (NP (NP=H (NNS=H )) (SBAR (S=H (NP (CD ) (NNP ) (NN=H )) (VP=H (VBP=H ) (ADJP (JJ=H ))))))) (. ))),1,90917,"0,084472037"
(ROOT (S=H (NP (NNP=H )) (VP=H (VBD=H ) (NP (NP=H (NNS=H )) (SBAR (S=H (NP (CD ) (NNP ) (NNP ) (JJ ) (NN=H )) (VP=H (VBP=H ) (ADJP (JJ=H ))))))) (. ))),1,90918,"0,0844729661"
(ROOT (S=H (NP (NNP=H )) (VP=H (VBD=H ) (NP (NP=H (NNS=H )) (SBAR (S=H (NP (CD ) (NNP ) (NN=H )) (VP=H (VBD=H ) (SBAR (S=H (NP (NN=H )) (VP=H (VBP=H ) (ADJP (JJ=H )))))))))) (. ))),1,90919,"0,0844738952"
(ROOT (S=H (NP (NP=H (NN=H ) (CC ) (NN )) (VP (VBN=H ) (NP (NNS=H )))) (VP=H (VBP=H ) (ADJP (JJ=H ))) (. ))),1,90920,"0,0844748243"
"(ROOT (S=H (S (VP=H (VBG=H ) (NP (NNS ) (NNS=H )) (PP (IN=H ) (NP (NNP=H ))))) (, ) (NP (NNP=H )) (VP=H (VBP=H ) (ADJP (JJ=H ))) (. )))",1,90921,"0,0844757534"
(ROOT (S=H (NP (NNP ) (NNP ) (CD ) (NNS ) (NNS=H )) (VP=H (VBP=H ) (ADJP (JJ=H ))) (. ))),1,90922,"0,0844766826"
"(ROOT (S=H (NP (NP=H (NNPS ) (NNP=H )) (, ) (NP (NP=H (NNP ) (NNS=H )) (VP (VBG=H ) (NP (JJ ) (NNS=H ))))) (VP=H (VBP=H ) (ADJP (JJ=H ))) (. )))",1,90923,"0,0844776117"
"(ROOT (S=H (NP (NP=H (NNP ) (NNP ) (NNP ) (NNP=H )) (, ) (NP (NP=H (NNP ) (NNS=H )) (VP (VBG=H ) (NP (JJ ) (NNS=H ))))) (VP=H (VBP=H ) (ADJP (JJ=H ))) (. )))",1,90924,"0,0844785408"
(ROOT (S=H (NP-TMP (CD ) (NN=H )) (NP (JJ ) (NNS=H )) (VP=H (VBP=H ) (ADJP (JJ=H ))) (. ))),1,90925,"0,0844794699"
(ROOT (S=H (NP (NP=H (NNP ) (NN=H ) (CC ) (NN )) (PP (IN=H ) (NP (DT ) (JJ ) (NNS=H )))) (VP=H (VBP=H ) (ADJP (JJ=H ))) (. ))),1,90926,"0,084480399"
(ROOT (S=H (NP (NP=H (NNP=H )) (PRN (-LRB- ) (NP=H (NN=H )) (-RRB- ))) (VP=H (VBD=H ) (SBAR (S=H (NP (VBG ) (NN ) (NNS=H )) (VP=H (VBP=H ) (ADJP (JJ=H )))))) (. ))),1,90927,"0,0844813281"
(ROOT (S=H (NP (NP=H (NN=H )) (VP (VBG=H ) (PP (IN=H ) (NP (NP=H (DT ) (NNP ) (NNPS=H )) (PP (IN=H ) (NP (NP=H (NP (DT ) (NNS ) (POS=H )) (NNP=H )) (PP (IN=H ) (NP (NNP=H ))))))))) (VP=H (VBP=H ) (ADJP (JJ=H ))) (. ))),1,90928,"0,0844822572"
(ROOT (S=H (NP (NP=H (NNP ) (NNP ) (NNP=H )) (PRN (-LRB- ) (NP=H (CD=H )) (-RRB- ))) (VP=H (VBP=H ) (SBAR (S=H (NP (NNS=H )) (VP=H (VBP=H ) (ADJP (JJ=H )))))) (. ))),1,90929,"0,0844831863"
(ROOT (S=H (NP (NP=H (JJ ) (NN ) (NN=H )) (VP (VBG=H ) (PP (IN=H ) (NP (DT ) (NNP ) (NNP ) (NNPS=H ))))) (VP=H (VBP=H ) (ADJP (JJ=H ))) (. ))),1,90930,"0,0844841154"
"(ROOT (S=H (NP (NNP=H )) (, ) (PP (VBG=H ) (NP (NN=H ))) (, ) (NP (JJ ) (NNS=H )) (VP=H (VBP=H ) (ADJP (JJ=H ))) (. )))",1,90931,"0,0844850446"
(ROOT (S=H (NP (NP=H (NNP=H )) (PP (IN=H ) (NP (NNS ) (NN ) (NNS=H )))) (VP=H (VBP=H ) (ADJP (JJ=H ))) (. ))),1,90932,"0,0844859737"
"(ROOT (S=H (S (NP (NNP=H )) (VP=H (VBZ=H ) (VP (VBN=H ) (PP (IN=H ) (NP (NNP=H )))))) (, ) (NP (NNP ) (NNP=H )) (VP=H (VBP=H ) (ADJP (JJ=H ))) (. )))",1,90933,"0,0844869028"
(ROOT (FRAG=H (NP (JJ ) (NNS=H )) (: ) (S=H (NP (NP=H (NNS=H )) (PP (IN=H ) (NP (NN=H ) (CC ) (NN )))) (VP=H (VBP=H ) (ADJP (JJ=H )))) (. ))),1,90934,"0,0844878319"
(ROOT (FRAG=H (NP (NNP ) (NNP ) (NNP ) (NNP=H )) (: ) (S=H (NP (DT ) (NN=H )) (VP=H (VBZ=H ) (PRT (RP=H )) (SBAR (S=H (NP (JJ ) (NNS=H )) (VP=H (VBP=H ) (ADJP (JJ=H ))))))) (. ))),1,90935,"0,084488761"
(ROOT (FRAG=H (NP (NNP ) (NNP ) (NNP ) (NNP=H )) (: ) (S=H (NP (NP=H (NNP=H )) (PP (IN=H ) (NP (DT ) (NNP ) (NN ) (NNS=H )))) (VP=H (VBP=H ) (ADJP (JJ=H )))) (. ))),1,90936,"0,0844896901"
(ROOT (S=H (NP (NP=H (NNP=H )) (PP (IN=H ) (NP (NP=H (JJ ) (NNS=H )) (PP (IN=H ) (NP (DT ) (JJ ) (NN=H )))))) (VP=H (VBP=H ) (ADJP (JJ=H ))) (. ))),1,90937,"0,0844906192"
(ROOT (S=H (NP (NP=H (NNP=H )) (PP (IN=H ) (NP (NP=H (JJ ) (NN ) (NNS=H )) (PP (IN=H ) (NP (DT ) (JJ ) (NN=H )))))) (VP=H (VBP=H ) (ADJP (JJ=H ))) (. ))),1,90938,"0,0844915483"
"(ROOT (S=H (NP (NNP ) (JJ ) (NNS ) (, ) (JJ ) (NN=H )) (VP=H (VBP=H ) (ADJP (JJ=H ))) (. )))",1,90939,"0,0844924774"
(ROOT (S=H (NP (NP=H (JJ ) (NNP ) (NNP=H )) (NP (CD ) (NNS=H ))) (VP=H (VBP=H ) (ADJP (JJ=H ))) (. ))),1,90940,"0,0844934066"
(ROOT (S=H (S=H (NP (PRP=H )) (VP=H (VBP=H ) (NP (DT ) (NNP=H )))) (: ) (S (S (VP=H (VB=H ) (S (NP=H (PRP=H )) (PP (IN=H ) (PP (IN=H ) (FRAG (ADVP=H (RB=H )) (. ))))))) (VP=H (VBP=H ) (ADJP (JJ=H )))) (. ))),1,90941,"0,0844943357"
"(ROOT (S=H (S (NP=H (NP=H (NN ) (NN=H )) (, ) (NP (JJ ) (NN=H )) (, ) (NP (NN ) (NN ) (NNS=H )) (CC ) (NP (NN ) (NNS=H )))) (, ) (NP (NN ) (NN ) (NNS=H )) (VP=H (VBP=H ) (ADJP (JJ=H ))) (. )))",1,90942,"0,0844952648"
(ROOT (NP=H (NP=H (NNP=H )) (: ) (S (NP (NNP ) (NNP ) (NNPS=H )) (VP=H (VBP=H ) (ADJP (JJ=H )))) (. ))),1,90943,"0,0844961939"
(ROOT (S=H (NP (NNP ) (NNP=H )) (PRN (-LRB- ) (NP=H (NN=H )) (-RRB- )) (NP (NN ) (NN ) (NNS=H )) (VP=H (VBP=H ) (ADJP (JJ=H ))) (. ))),1,90944,"0,084497123"
(ROOT (S=H (NP (NP=H (NNP ) (CC ) (NNP ) (NNP=H )) (PP (IN=H ) (NP (NNP ) (NNPS=H )))) (VP=H (VBP=H ) (ADJP (JJ=H ))) (. ))),1,90945,"0,0844980521"
(ROOT (NP=H (NP=H (NNP=H )) (: ) (S (NP (NP=H (NNP=H )) (PP (IN=H ) (NP (NP=H (NNP=H )) (PP (IN=H ) (NP (NNP=H )))))) (VP=H (VBP=H ) (ADJP (JJ=H )))) (. ))),1,90946,"0,0844989812"
(ROOT (NP=H (NP=H (JJ ) (NNS=H )) (: ) (S (NP (ADJP (JJ=H ) (CC ) (JJ )) (NN=H )) (VP=H (VBP=H ) (ADJP (JJ=H )))) (. ))),1,90947,"0,0844999103"
(ROOT (S=H (NP (PRP=H )) (VP=H (VBP=H ) (SBAR (IN=H ) (S (NP (NNPS ) (NNS=H )) (VP=H (VBP=H ) (ADJP (JJ=H )))))) (. ))),1,90948,"0,0845008395"
(ROOT (S=H (PP (IN=H ) (PP (TO=H ) (NP (NN=H )))) (NP (NNS=H )) (VP=H (VBP=H ) (ADJP (JJ=H ))) (. ))),1,90949,"0,0845017686"
(ROOT (S=H (NP (NP=H (NNP ) (NNPS ) (NNP ) (NNP ) (NN ) (NNS=H )) (PP (IN=H ) (NP (NN ) (NNS=H )))) (VP=H (VBP=H ) (ADJP (JJ=H ))) (. ))),1,90950,"0,0845026977"
(ROOT (S=H (NP (NP=H (JJ ) (NN ) (NNS ) (CC ) (NN ) (NNS=H )) (PP (IN=H ) (NP (DT ) (NNP ) (NNPS=H )))) (VP=H (VBP=H ) (ADJP (JJ=H ))) (. ))),1,90951,"0,0845036268"
(ROOT (S=H (NP (NP=H (NNP ) (NNPS ) (NNP=H )) (PP (IN=H ) (NP (DT ) (NNP ) (NNPS ) (NNS=H )))) (VP=H (VBP=H ) (ADJP (JJ=H ))) (. ))),1,90952,"0,0845045559"
"(ROOT (S=H (S (NP=H (NP=H (NNP ) (NNP=H )) (PP (IN=H ) (NP (NNP=H ))))) (, ) (NP (NNP ) (NNP ) (NNS=H )) (VP=H (VBP=H ) (ADJP (JJ=H ))) (. )))",1,90953,"0,084505485"
"(ROOT (S=H (S (NP=H (NP=H (NNP ) (NNP ) (NNP=H )) (PP (IN=H ) (NP (NNP=H ))))) (, ) (NP (NNP ) (NNP ) (NNS=H )) (VP=H (VBP=H ) (ADJP (JJ=H ))) (. )))",1,90954,"0,0845064141"
"(ROOT (S=H (S (VP=H (VBG=H ) (NP (NP=H (NNP ) (NNP=H )) (PP (IN=H ) (NP (NNP=H )))))) (, ) (NP (NNP ) (NNP ) (NNS=H )) (VP=H (VBP=H ) (ADJP (JJ=H ))) (. )))",1,90955,"0,0845073432"
(ROOT (S=H (NP (NP=H (NNPS ) (NNP=H )) (PP (CC=H ) (NP (NN=H )))) (VP=H (VBP=H ) (ADJP (JJ=H ))) (. ))),1,90956,"0,0845082723"
(ROOT (S=H (NP (NNP ) (NNPS ) (NNP=H )) (VP=H (VBZ=H ) (SBAR (S=H (NP (NP=H (NN ) (NNS=H )) (PP (IN=H ) (NP (NN ) (NNS=H )))) (VP=H (VBP=H ) (ADJP (JJ=H )))))) (. ))),1,90957,"0,0845092015"
(ROOT (S=H (NP (NP (NNP ) (POS=H )) (NNP ) (NNP ) (CC ) (NNP ) (NNP=H )) (ADVP (RB=H )) (VP=H (VBP=H ) (ADJP (JJ=H ))) (. ))),1,90958,"0,0845101306"
(ROOT (S=H (NP (NP=H (NP=H (JJ ) (NN ) (NN=H )) (PRN (-LRB- ) (NP=H (NN=H )) (-RRB- ))) (SBAR (S=H (NP (NNS=H )) (VP=H (VBD=H ) (PP (IN=H ) (NP (DT ) (NNP ) (NNPS=H ))))))) (VP=H (VBP=H ) (ADJP (JJ=H ))) (. ))),1,90959,"0,0845110597"
(ROOT (S=H (NP (NP=H (NNP=H )) (PRN (-LRB- ) (NP=H (NN=H )) (-RRB- ))) (VP=H (VBZ=H ) (SBAR (IN=H ) (S (NP (DT ) (NNP ) (NNPS=H )) (VP=H (VBP=H ) (ADJP (JJ=H )))))) (. ))),1,90960,"0,0845119888"
(ROOT (S=H (NP (NP (NNP ) (NNP ) (POS=H )) (NNP ) (CC ) (NNP ) (NNPS ) (NNP ) (NNP=H )) (VP=H (VBP=H ) (ADJP (JJ=H ))) (. ))),1,90961,"0,0845129179"
(ROOT (S=H (NP (NP=H (NNP=H )) (PP (IN=H ) (NP (NP=H (DT ) (NNP=H )) (PP (IN=H ) (NP (NP=H (NNS=H )) (PP (IN=H ) (NP (NNP=H ) (CC ) (NNP )))))))) (VP=H (VBP=H ) (ADJP (JJ=H ))) (. ))),1,90962,"0,084513847"
(ROOT (S=H (NP (NP=H (NNP=H )) (PP (IN=H ) (NP (NP=H (DT ) (NNP=H )) (PP (IN=H ) (NP (NP=H (NNPS=H )) (PP (IN=H ) (NP (NNP=H ) (CC ) (NNP )))))))) (VP=H (VBP=H ) (ADJP (JJ=H ))) (. ))),1,90963,"0,0845147761"
(ROOT (S=H (SBAR (WHADVP=H (WRB=H )) (S (NP (DT ) (NNP=H )) (VP=H (VBZ=H ) (NP-TMP (NNP=H ) (. ))))) (NP (JJ ) (NNS=H )) (VP=H (VBP=H ) (ADJP (JJ=H ))) (. ))),1,90964,"0,0845157052"
(ROOT (S=H (NP (NP (JJ ) (NN ) (NN=H )) (PRN (-LRB- ) (NP=H (NN=H )) (-RRB- )) (NNS=H )) (VP=H (VBD=H ) (PP (IN=H ) (NP (NP=H (DT ) (NNP ) (NNP ) (NNPS=H )) (SBAR (S=H (VP=H (VBP=H ) (ADJP (JJ=H )))))))) (. ))),1,90965,"0,0845166343"
(ROOT (S=H (NP (CD=H ) (. )) (VP=H (VBP=H ) (SBAR (S=H (NP (NN ) (NNS=H )) (VP=H (VBP=H ) (ADJP (JJ=H )))))) (. ))),1,90966,"0,0845175635"
(ROOT (S=H (NP (NP=H (NNP=H ) (CC ) (NNP )) (NP (JJ ) (JJ ) (JJ ) (NNS=H ))) (VP=H (VBP=H ) (ADJP (JJ=H ))) (. ))),1,90967,"0,0845184926"
(ROOT (S=H (NP (NNP ) (NNP=H )) (VP=H (VBZ=H ) (SBAR (S=H (NP (JJ ) (JJ ) (NNS=H )) (VP=H (VBP=H ) (ADJP (JJ=H )))))) (. ))),1,90968,"0,0845194217"
(ROOT (S=H (NP (NNP=H )) (VP=H (VBZ=H ) (SBAR (S=H (NP (NP=H (NN ) (NNS=H )) (PP (IN=H ) (NP (DT ) (NNPS=H )))) (VP=H (VBP=H ) (ADJP (JJ=H )))))) (. ))),1,90969,"0,0845203508"
(ROOT (S=H (NP (NP=H (NNP=H )) (PP (IN=H ) (NP (NP=H (NNP ) (NNP=H )) (CC ) (NP (NP=H (DT ) (NN=H )) (PP (IN=H ) (NP (DT ) (NNPS=H ))))))) (VP=H (VBP=H ) (ADJP (JJ=H ))) (. ))),1,90970,"0,0845212799"
(ROOT (S=H (NP (NP=H (NNP=H )) (PP (IN=H ) (NP (NP=H (DT ) (NNP=H )) (PP (IN=H ) (NP (NNPS=H )))))) (VP=H (VBP=H ) (ADJP (JJ=H ))) (. ))),1,90971,"0,084522209"
(ROOT (S=H (NP (NP=H (NNP=H )) (PP (`` ) (IN=H ) (NP (`` ) (JJ ) (NNS=H )))) (VP=H (VBP=H ) (ADJP (JJ=H ))) (. ))),1,90972,"0,0845231381"
(ROOT (S=H (NP (NP=H (NNP ) (NNP=H )) (PP (IN=H ) (NP (NP=H (DT ) (NNP ) (NNP=H )) (PP (IN=H ) (NP (NNPS=H ) (CC ) (NNPS )))))) (VP=H (VBP=H ) (ADJP (JJ=H ))) (. ))),1,90973,"0,0845240672"
(ROOT (S=H (NP (NP=H (NNP ) (NNP=H )) (PP (IN=H ) (NP (NP=H (DT ) (NNP ) (NNP=H )) (PP (IN=H ) (NP (NNP ) (NNP ) (NNPS=H )))))) (VP=H (VBP=H ) (ADJP (JJ=H ))) (. ))),1,90974,"0,0845249964"
(ROOT (S=H (NP (NP=H (NNP=H )) (CC ) (NP (NN=H ))) (VP=H (VBP=H ) (SBAR (S=H (NP (NP=H (NNS=H )) (PP (VBN=H ) (PP (IN=H ) (NP (DT ) (NNP ) (NNP=H ))))) (VP=H (VBP=H ) (ADJP (JJ=H )))))) (. ))),1,90975,"0,0845259255"
(ROOT (S=H (NP (NNP=H ) (CC ) (NNP )) (VP=H (VBP=H ) (SBAR (S=H (NP (NP=H (NNS=H )) (PP (VBN=H ) (PP (IN=H ) (NP (DT ) (NNP ) (NNP=H ))))) (VP=H (VBP=H ) (ADJP (JJ=H )))))) (. ))),1,90976,"0,0845268546"
(ROOT (S=H (NP (NNP ) (NN=H ) (CC ) (NN )) (VP=H (VBP=H ) (SBAR (S=H (NP (NP=H (NNS=H )) (PP (VBN=H ) (PP (IN=H ) (NP (DT ) (NNP ) (NNP=H ))))) (VP=H (VBP=H ) (ADJP (JJ=H )))))) (. ))),1,90977,"0,0845277837"
(ROOT (S=H (NP (NNP ) (NN=H )) (VP=H (VBP=H ) (SBAR (S=H (NP (NP=H (NNS=H )) (PP (VBN=H ) (PP (IN=H ) (NP (DT ) (NNP ) (NNP=H ))))) (VP=H (VBP=H ) (ADJP (JJ=H )))))) (. ))),1,90978,"0,0845287128"
(ROOT (S=H (NP (NNP ) (NNP=H )) (VP=H (VBP=H ) (SBAR (S=H (NP (NP=H (NNS=H )) (PP (IN=H ) (NP (NN ) (NN=H )))) (VP=H (VBP=H ) (ADJP (JJ=H )))))) (. ))),1,90979,"0,0845296419"
(ROOT (S=H (NP (UCP (NN=H ) (CC ) (JJ )) (NN ) (NN=H )) (VP=H (VBP=H ) (ADJP (JJ=H ))) (. ))),1,90980,"0,084530571"
(ROOT (S=H (NP (NP=H (NNP=H )) (VP (VBG=H ) (NP (NP=H (NNS ) (NNS=H )) (PP (IN=H ) (NP (NNP=H )))))) (VP=H (VBP=H ) (ADJP (JJ=H ))) (. ))),1,90981,"0,0845315001"
(ROOT (S=H (NP (NP=H (NNP ) (NNP=H )) (PP (IN=H ) (NP (NP=H (NNP ) (NNPS=H ) (CC ) (NNPS )) (PP (IN=H ) (NP (DT ) (NNP ) (NNP ) (NNP=H )))))) (VP=H (VBP=H ) (ADJP (JJ=H ))) (. ))),1,90982,"0,0845324292"
(ROOT (S=H (NP (NP=H (CD ) (NN ) (NNP=H )) (PP (IN=H ) (NP (JJ ) (NNS=H )))) (VP=H (VBP=H ) (ADJP (JJ=H ))) (. ))),1,90983,"0,0845333584"
(ROOT (FRAG=H (NP (JJ ) (NNS=H )) (: ) (S=H (NP (NP=H (NNS=H ) (CC ) (NNS )) (PP (IN=H ) (NP (NNS=H )))) (VP=H (VBP=H ) (ADJP (JJ=H )))) (. ))),1,90984,"0,0845342875"
(ROOT (S=H (NP (NN=H )) (VP=H (VBP=H ) (SBAR (S=H (NP (JJ ) (NNS=H )) (VP=H (VBP=H ) (ADJP (JJ=H )))))) (. ))),1,90985,"0,0845352166"
(ROOT (S=H (NP (NP=H (JJ ) (NN ) (CC ) (NN ) (NNS=H )) (PP (IN=H ) (NP (JJ ) (NN=H )))) (VP=H (VBP=H ) (ADJP (JJ=H ))) (. ))),1,90986,"0,0845361457"
(ROOT (FRAG=H (NP (NNP ) (NNP ) (NNP=H )) (: ) (S=H (NP (NN ) (NN ) (NNS=H )) (VP=H (VBP=H ) (ADJP (JJ=H )))) (. ))),1,90987,"0,0845370748"
(ROOT (S=H (NP (NNP ) (FW ) (NNP=H )) (VP=H (VBZ=H ) (SBAR (S=H (NP (NNS=H )) (VP=H (VBP=H ) (ADJP (JJ=H )))))) (. ))),1,90988,"0,0845380039"
(ROOT (NP=H (NP=H (NNP=H )) (: ) (S (NP (NP=H (JJ ) (NNS=H )) (PP (IN=H ) (NP (DT ) (NNP ) (NNP ) (NNP ) (NN=H )))) (VP=H (VBP=H ) (ADJP (JJ=H )))) (. ))),1,90989,"0,084538933"
(ROOT (S=H (NP (NP (NNP ) (NNP ) (NNPS=H )) (PRN (-LRB- ) (NP=H (NN ) (NN=H )) (-RRB- )) (NNS=H )) (VP=H (VBP=H ) (ADJP (JJ=H ))) (. ))),1,90990,"0,0845398621"
(ROOT (S=H (NP (NP=H (NNP ) (NNP=H )) (PP (IN=H ) (NP (NP=H (JJ ) (-LRB- ) (JJ ) (-RRB- ) (NNS=H )) (PP (IN=H ) (NP (NNP ) (NNP=H )))))) (VP=H (VBP=H ) (ADJP (JJ=H ))) (. ))),1,90991,"0,0845407912"
(ROOT (S=H (NP (NP=H (NNP=H )) (VP (VBN=H ) (PP (IN=H ) (NP (NNP ) (NNPS ) (NNP=H ))))) (VP=H (VBP=H ) (ADJP (JJ=H ))) (. ))),1,90992,"0,0845417204"
"(ROOT (S=H (NP (NNP ) (NNP ) (FW ) (NNP ) (NNP=H )) (, ) (NP (NNP ) (NNS=H )) (VP=H (VBP=H ) (ADJP (JJ=H ))) (. )))",1,90993,"0,0845426495"
(ROOT (FRAG=H (NP (NNP ) (NNPS=H )) (: ) (S=H (NP (DT ) (NNP ) (NNP ) (NN ) (NNS=H )) (VP=H (VBP=H ) (ADJP (JJ=H )))) (. ))),1,90994,"0,0845435786"
(ROOT (FRAG=H (NP (NNP ) (NNPS=H )) (: ) (S=H (NP (NNP ) (NN ) (NNS=H )) (VP=H (VBP=H ) (ADJP (JJ=H )))) (. ))),1,90995,"0,0845445077"
(ROOT (S=H (NP (NNP ) (NNP=H )) (VP=H (VBP=H ) (SBAR (S=H (NP (NP=H (NNS=H )) (PP (IN=H ) (NP (JJ ) (NNS=H )))) (VP=H (VBP=H ) (ADJP (JJ=H )))))) (. ))),1,90996,"0,0845454368"
(ROOT (S=H (NP (NP=H (NP (NNP ) (POS=H )) (NN=H )) (PP (IN=H ) (NP (DT ) (NNPS ) (NNPS=H )))) (VP=H (VBP=H ) (ADJP (JJ=H ))) (. ))),1,90997,"0,0845463659"
(ROOT (S=H (NP (NP=H (NNP ) (NNPS ) (NNP ) (NNP ) (NNP ) (NNS=H )) (PP (IN=H ) (NP (NN=H )))) (VP=H (VBP=H ) (ADJP (JJ=H ))) (. ))),1,90998,"0,084547295"
"(ROOT (S=H (NP (NP=H (NNP ) (NNPS ) (NNP ) (NNP ) (NNP ) (NNS=H )) (PP (IN=H ) (NP (NNP ) (, ) (NNP=H )))) (VP=H (VBP=H ) (ADJP (JJ=H ))) (. )))",1,90999,"0,0845482241"
(ROOT (NP=H (NP=H (NNP=H )) (: ) (S (NP (JJ ) (JJ ) (NN=H )) (VP=H (VBP=H ) (ADJP (JJ=H )))) (. ))),1,91000,"0,0845491533"
"(ROOT (S=H (S (VP=H (VBN=H ) (NP (NP=H (NN ) (NNS=H )) (PP (IN=H ) (NP (NNP ) (NNP=H )))))) (, ) (NP (NNP=H )) (VP=H (VBP=H ) (ADJP (JJ=H ))) (. )))",1,91001,"0,0845500824"
"(ROOT (S=H (NP (NP=H (NNP=H )) (CC ) (NP (NP=H (NNS=H )) (PP (IN=H ) (NP (NP=H (NNP ) (NNP=H )) (, ) (NP (NNP=H )))))) (VP=H (VBP=H ) (ADJP (JJ=H ))) (. )))",1,91002,"0,0845510115"
(ROOT (S=H (NP (NP=H (NP=H (NNP ) (NNPS ) (NNP ) (NNP ) (NNP ) (NNS=H )) (PP (IN=H ) (NP (NNP=H )))) (PRN (-LRB- ) (NNP ) (NN=H ) (-RRB- ))) (VP=H (VBP=H ) (ADJP (JJ=H ))) (. ))),1,91003,"0,0845519406"
(ROOT (S=H (NP (ADJP (CD ) (JJ ) (NN=H )) (JJ ) (NNS=H )) (VP=H (VBP=H ) (ADJP (JJ=H ))) (. ))),1,91004,"0,0845528697"
(ROOT (S=H (NP (NNP ) (NNP ) (NNP ) (NNP ) (NNP ) (NNP ) (CC ) (NNP ) (NNP=H )) (VP=H (VBP=H ) (ADJP (JJ=H ))) (. ))),1,91005,"0,0845537988"
(ROOT (S=H (NP (NP=H (NNP=H )) (CC ) (NP (DT ) (NNP ) (NNPS ) (JJ ) (NNS=H ))) (VP=H (VBP=H ) (ADJP (JJ=H ))) (. ))),1,91006,"0,0845547279"
(ROOT (S=H (NP (ADJP (ADJP=H (JJ=H )) (PRN (: ) (NP=H (NNP=H ) (CC ) (NNP )) (: ))) (NNP ) (NNP=H )) (VP=H (VBP=H ) (ADJP (JJ=H ))) (. ))),1,91007,"0,084555657"
(ROOT (FRAG=H (NP (NNP=H )) (: ) (S=H (NP (NP=H (DT ) (NNP ) (NNP=H )) (PP (IN=H ) (NP (NNP ) (NNP=H )))) (VP=H (VBP=H ) (ADJP (JJ=H )))) (. ))),1,91008,"0,0845565861"
(ROOT (S=H (NP (NP=H (NNP=H )) (ADJP (JJ=H ) (PP (TO=H ) (NP (NN ) (NNS=H ) (CC ) (NNS ))))) (VP=H (VBP=H ) (ADJP (JJ=H ))) (. ))),1,91009,"0,0845575153"
(ROOT (S=H (NP (NP=H (NNP ) (NN=H )) (PP (IN=H ) (NP (NP=H (DT ) (NN=H )) (PP (IN=H ) (NP (DT ) (NNP ) (NNPS=H )))))) (VP=H (VBP=H ) (ADJP (JJ=H ))) (. ))),1,91010,"0,0845584444"
(ROOT (S=H (NP (NP=H (JJ ) (JJ ) (JJ ) (NN=H )) (NP (JJ ) (NNS=H ))) (VP=H (VBP=H ) (ADJP (JJ=H ))) (. ))),1,91011,"0,0845593735"
(ROOT (S=H (NP (NNP ) (FW ) (NNP=H )) (VP=H (VBP=H ) (SBAR (S=H (NP (JJ ) (NNS=H ) (CC ) (NNS )) (VP=H (VBP=H ) (ADJP (JJ=H )))))) (. ))),1,91012,"0,0845603026"
"(ROOT (S=H (S (VP=H (VBG=H ) (NP (NNS=H )) (PP (VBN=H ) (PP (IN=H ) (NP (NNP=H )))))) (, ) (NP (NNP=H )) (VP=H (VBP=H ) (ADJP (JJ=H ))) (. )))",1,91013,"0,0845612317"
(ROOT (S=H (NP (NNP=H )) (VP=H (VBD=H ) (NP (NP=H (NNP ) (NNP ) (NNPS=H )) (SBAR (S=H (NP (CD ) (JJ ) (NN=H )) (VP=H (VBP=H ) (ADJP (JJ=H ))))))) (. ))),1,91014,"0,0845621608"
"(ROOT (S=H (NP (NP=H (NNP ) (NNP ) (NNP ) (NNP=H )) (, ) (NP (NNP ) (NNP ) (NNS=H ))) (VP=H (VBP=H ) (ADJP (JJ=H ))) (. )))",1,91015,"0,0845630899"
(ROOT (S=H (NP (NP=H (JJ ) (NN=H )) (PP (IN=H ) (NP (NP=H (NN ) (NNS=H )) (VP (VBN=H ) (PP (IN=H ) (NP (DT ) (NNP ) (NNPS=H ))))))) (VP=H (VBP=H ) (ADJP (JJ=H ))) (. ))),1,91016,"0,084564019"
"(ROOT (S=H (NP (NP=H (NNP=H )) (PP (IN=H ) (NP (NP=H (NNP=H )) (, ) (NP (NP=H (NNP ) (NNP=H )) (PP (IN=H ) (NP (DT ) (NNP ) (NNS=H ))))))) (VP=H (VBP=H ) (ADJP (JJ=H ))) (. )))",1,91017,"0,0845649482"
"(ROOT (S=H (NP (NP=H (NNS ) (, ) (NNS=H ) (CC ) (NNS )) (PP (IN=H ) (NP (JJ ) (NNS=H )))) (VP=H (VBP=H ) (ADJP (JJ=H ))) (. )))",1,91018,"0,0845658773"
"(ROOT (S=H (PP (IN=H ) (NP (NN=H ))) (, ) (NP (NNP ) (NNP ) (NNP=H )) (VP=H (VBP=H ) (ADJP (JJ=H ))) (. )))",1,91019,"0,0845668064"
(ROOT (S=H (NP (NP=H (NP (NNP ) (NNP ) (POS=H )) (NN=H )) (PP (IN=H ) (NP (NNP ) (CC ) (NNP ) (NNP ) (NNS=H )))) (VP=H (VBP=H ) (ADJP (JJ=H ))) (. ))),1,91020,"0,0845677355"
(ROOT (S=H (NP (NP=H (NNP ) (NNP ) (NNP ) (NNP ) (NNP=H )) (PP (IN=H ) (NP (DT ) (NNP ) (NNPS ) (NNP ) (NNP=H )))) (VP=H (VBP=H ) (ADJP (JJ=H ))) (. ))),1,91021,"0,0845686646"
(ROOT (S=H (NP (NP=H (NNP ) (NNPS ) (NNP ) (NNP ) (NNP ) (NNS=H )) (PP (IN=H ) (NP (DT ) (NNP ) (NNPS ) (NNP ) (NNP=H )))) (VP=H (VBP=H ) (ADJP (JJ=H ))) (. ))),1,91022,"0,0845695937"
(ROOT (S=H (NP (NP=H (NNP=H )) (PP (IN=H ) (NP (NP=H (DT ) (NNP ) (NNP=H )) (PP (IN=H ) (NP (NP (DT ) (NNP ) (NNPS ) (POS=H )) (NNP=H )))))) (VP=H (VBP=H ) (ADJP (JJ=H ))) (. ))),1,91023,"0,0845705228"
"(ROOT (S=H (PP (RB=H ) (NP (NNP=H ))) (, ) (NP (NNP=H )) (VP=H (VBP=H ) (ADJP (JJ=H ))) (. )))",1,91024,"0,0845714519"
(ROOT (FRAG=H (NP (NNP ) (NNP ) (NNP ) (NNP=H )) (: ) (S=H (NP (DT ) (NNP ) (NNP ) (NN ) (NNS=H )) (VP=H (VBP=H ) (ADJP (JJ=H )))) (. ))),1,91025,"0,084572381"
(ROOT (S=H (NP (NP=H (NP (NNP ) (POS=H )) (NN ) (NN=H )) (PP (IN=H ) (NP (DT ) (NNP ) (NNPS=H )))) (VP=H (VBP=H ) (ADJP (JJ=H ))) (. ))),1,91026,"0,0845733102"
(ROOT (S=H (NP (NP=H (NP (NNP ) (NNP ) (POS=H )) (NN=H )) (PP (IN=H ) (NP (NP=H (NNP=H )) (PP (IN=H ) (NP (DT ) (NNP ) (NNP ) (NNS=H )))))) (VP=H (VBP=H ) (ADJP (JJ=H ))) (. ))),1,91027,"0,0845742393"
(ROOT (S=H (NP (NNP ) (NNP=H )) (VP=H (VBP=H ) (SBAR (S=H (NP (VBG ) (NN ) (NNS=H )) (VP=H (VBP=H ) (ADJP (JJ=H )))))) (. ))),1,91028,"0,0845751684"
(ROOT (FRAG=H (NP (NN=H )) (: ) (S=H (CC ) (NP (RB ) (JJ ) (NNS=H )) (VP=H (VBP=H ) (ADJP (JJ=H )))) (. ))),1,91029,"0,0845760975"
(ROOT (S=H (NP (NP=H (NNP ) (NNPS ) (ADJP (JJ ) (JJ=H )) (NNS=H )) (PP (IN=H ) (NP (JJ ) (NN=H )))) (VP=H (VBP=H ) (ADJP (JJ=H ))) (. ))),1,91030,"0,0845770266"
"(ROOT (S=H (NP (NP=H (NNP ) (NNP=H )) (, ) (NP (NNP=H )) (, ) (CC ) (NP (NNP ) (NNPS=H ))) (VP=H (VBP=H ) (ADJP (JJ=H ))) (. )))",1,91031,"0,0845779557"
(ROOT (S=H (NP (NP=H (NNP ) (NNP=H )) (PP (IN=H ) (NP (NP=H (NNP ) (NNP ) (NNS=H )) (VP (VBG=H ) (NP (DT ) (NNPS=H )))))) (VP=H (VBP=H ) (ADJP (JJ=H ))) (. ))),1,91032,"0,0845788848"
(ROOT (S=H (NP (NNP=H )) (NP-TMP (JJ ) (NN=H )) (VP=H (VBZ=H ) (SBAR (S=H (NP (NN ) (NNS=H )) (VP=H (VBP=H ) (ADJP (JJ=H )))))) (. ))),1,91033,"0,0845798139"
(ROOT (S=H (NP (NP=H (NNP ) (NN=H )) (PP (IN=H ) (NP (NNP ) (NNP ) (CC ) (DT ) (NNPS=H )))) (VP=H (VBP=H ) (ADJP (JJ=H ))) (. ))),1,91034,"0,084580743"
(ROOT (S=H (NP (NNPS ) (CC ) (JJ ) (JJ ) (NNS ) (NNS=H )) (VP=H (VBP=H ) (ADJP (JJ=H ))) (. ))),1,91035,"0,0845816722"
(ROOT (S=H (NP (NNP=H )) (VP=H (VBD=H ) (SBAR (S=H (NP (NNS ) (NNP ) (CC ) (NNP ) (NNP=H )) (VP=H (VBP=H ) (ADJP (JJ=H )))))) (. ))),1,91036,"0,0845826013"
(ROOT (S=H (NP (NP=H (VBG ) (NN=H )) (PP (IN=H ) (NP (DT ) (NNP ) (NNPS=H )))) (VP=H (VBP=H ) (ADJP (JJ=H ))) (. ))),1,91037,"0,0845835304"
(ROOT (S=H (NP (NP=H (NNPS ) (CC ) (NNP ) (NNP=H )) (NP (JJ ) (NNS=H ))) (VP=H (VBP=H ) (ADJP (JJ=H ))) (. ))),1,91038,"0,0845844595"
(ROOT (S=H (NP (NP=H (NNP ) (NNP=H )) (PP (IN=H ) (NP (NP=H (DT ) (NNP ) (NNP=H )) (PP (IN=H ) (NP (DT ) (NNP ) (NNP ) (NNS=H )))))) (VP=H (VBP=H ) (ADJP (JJ=H ))) (. ))),1,91039,"0,0845853886"
(ROOT (S=H (NP (NP=H (NNP=H )) (PP (IN=H ) (NP (NP=H (DT ) (NNP ) (NNP=H )) (PP (IN=H ) (NP (NP=H (DT ) (NNP ) (NNP=H )) (PP (IN=H ) (NP (DT ) (NNP ) (NNP ) (NNS=H )))))))) (VP=H (VBP=H ) (ADJP (JJ=H ))) (. ))),1,91040,"0,0845863177"
(ROOT (S=H (NP (NP=H (NNP ) (NNP=H )) (PP (IN=H ) (NP (NP=H (NNP ) (NNP ) (NNS=H )) (PP (VBG=H ) (NP (NNP=H ) (CC ) (NNP )))))) (VP=H (VBP=H ) (ADJP (JJ=H ))) (. ))),1,91041,"0,0845872468"
(ROOT (S=H (NP (NN ) (NN ) (NN=H )) (ADVP (JJ=H ) (PP (TO=H ) (NP (JJ ) (NNS=H )))) (VP=H (VBP=H ) (ADJP (JJ=H ))) (. ))),1,91042,"0,0845881759"
(ROOT (S=H (NP (NP=H (JJ ) (NN=H )) (PP (TO=H ) (NP (JJ ) (NN ) (NN ) (NNS=H )))) (VP=H (VBP=H ) (ADJP (JJ=H ))) (. ))),1,91043,"0,0845891051"
(ROOT (S=H (NP (NP=H (NN=H )) (PP (IN=H ) (NP (NP=H (NNS=H )) (PP (IN=H ) (NP (NNP ) (NNP ) (NNS=H )))))) (VP=H (VBP=H ) (ADJP (JJ=H ))) (. ))),1,91044,"0,0845900342"
(ROOT (S=H (NP (NP=H (NNP=H )) (PP (IN=H ) (NP (NP=H (DT ) (NNP=H )) (PP (IN=H ) (NP (NP=H (NP (DT ) (NNP ) (NNPS ) (POS=H )) (NN=H )) (PP (IN=H ) (NP (NNP ) (NNP=H )))))))) (VP=H (VBP=H ) (ADJP (JJ=H ))) (. ))),1,91045,"0,0845909633"
(ROOT (S=H (NP (NP=H (JJ ) (NN=H )) (PRN (-LRB- ) (NP=H (NN=H )) (-RRB- ))) (VP=H (VBP=H ) (SBAR (S=H (NP (NNS=H )) (VP=H (VBP=H ) (ADJP (JJ=H )))))) (. ))),1,91046,"0,0845918924"
(ROOT (S=H (NP (NP=H (NNP=H )) (PP (IN=H ) (NP (NP=H (DT ) (NN=H )) (PP (IN=H ) (NP (NP=H (NP (NNS ) (POS=H )) (NNS=H )) (PP (IN=H ) (NP (NNP=H )))))))) (VP=H (VBP=H ) (ADJP (JJ=H ))) (. ))),1,91047,"0,0845928215"
(ROOT (S=H (NP (NP=H (NNP ) (NN=H )) (PP (IN=H ) (NP (NNS ) (NNS=H )))) (VP=H (VBP=H ) (ADJP (JJ=H ))) (. ))),1,91048,"0,0845937506"
(ROOT (S=H (NP (NP=H (NNP ) (NN=H )) (VP (VBG=H ) (PP (IN=H ) (NP (DT ) (NNP ) (NNPS=H ))))) (VP=H (VBP=H ) (ADJP (JJ=H ))) (. ))),1,91049,"0,0845946797"
(ROOT (S=H (NP (NP=H (NNP=H )) (PP (IN=H ) (NP (NP=H (DT ) (NNP=H )) (PP (IN=H ) (NP (NP (DT ) (NNP ) (NNPS ) (POS=H )) (NN=H )))))) (VP=H (VBP=H ) (ADJP (JJ=H ))) (. ))),1,91050,"0,0845956088"
(ROOT (S=H (NP (NP=H (NNP ) (NNP ) (NNPS ) (CC ) (NNP ) (NNP ) (NNP=H )) (PP (IN=H ) (NP (NNP ) (NNP=H )))) (VP=H (VBP=H ) (ADJP (JJ=H ))) (. ))),1,91051,"0,0845965379"
"(ROOT (S=H (NP (NP=H (NNP=H )) (PP (IN=H ) (NP (NP=H (DT ) (NN=H )) (PP (IN=H ) (NP (NP=H (NNP ) (NNP=H )) (, ) (NP (NNP ) (NNS=H ))))))) (VP=H (VBP=H ) (ADJP (JJ=H ))) (. )))",1,91052,"0,0845974671"
(ROOT (S=H (NP (NP=H (NNP ) (NN ) (NN=H )) (CC ) (NP (JJ ) (NNS=H ))) (VP=H (VBP=H ) (ADJP (JJ=H ))) (. ))),1,91053,"0,0845983962"
(ROOT (S=H (NP (NP=H (NNP ) (NNP=H )) (PP (IN=H ) (NP (NNS ) (CC ) (NNS ) (NN=H )))) (VP=H (VBP=H ) (ADJP (JJ=H ))) (. ))),1,91054,"0,0845993253"
(ROOT (S=H (NP (NP=H (NNP ) (NNP ) (FW ) (NNP=H )) (NP (NN ) (NNS=H ))) (VP=H (VBP=H ) (ADJP (JJ=H ))) (. ))),1,91055,"0,0846002544"
(ROOT (S=H (NP (NP=H (NN=H )) (VP (VBG=H ) (PP (IN=H ) (NP (DT ) (JJ ) (NNP ) (NNPS ) (NNS=H ))))) (VP=H (VBP=H ) (ADJP (JJ=H ))) (. ))),1,91056,"0,0846011835"
(ROOT (S=H (NP (NP=H (NNP=H )) (SBAR (WHNP=H (WP=H ) (NNS )) (S (VP=H (VBN=H ) (PP (IN=H ) (NP (NNP=H ))))))) (VP=H (VBP=H ) (ADJP (JJ=H ))) (. ))),1,91057,"0,0846021126"
(ROOT (S=H (IN ) (NP (PRP=H )) (VP=H (VBP=H ) (SBAR (S=H (NP (PRP=H )) (VP=H (MD=H ) (VP (VB=H ) (SBAR (S=H (-LRB- ) (NP (NNP=H )) (-RRB- ) (VP=H (VBP=H ) (ADJP (JJ=H )))))))))) (. ))),1,91058,"0,0846030417"
(ROOT (S=H (NP (NP=H (NNP=H )) (PP (IN=H ) (NP (NP (NNP ) (POS=H )) (JJ ) (NN ) (NNS=H )))) (VP=H (VBP=H ) (ADJP (JJ=H ))) (. ))),1,91059,"0,0846039708"
(ROOT (S=H (NP (JJ ) (PRN (-LRB- ) (NP=H (NP=H (NNP=H )) (PP (IN=H ) (NP (NP (NNP ) (POS=H )) (NN=H )))) (-RRB- )) (JJ ) (NNS=H )) (VP=H (VBP=H ) (ADJP (JJ=H ))) (. ))),1,91060,"0,0846048999"
(ROOT (S=H (NP (NP (NNP ) (NNP ) (NNP ) (NNP=H )) (PRN (-LRB- ) (ADJP=H (JJ=H )) (-RRB- )) (NNS=H )) (VP=H (VBP=H ) (ADJP (JJ=H ))) (. ))),1,91061,"0,0846058291"
(ROOT (S=H (NP (NP (NNP ) (NNP ) (POS=H )) (NNP ) (PRN (-LRB- ) (NP=H (JJ=H )) (-RRB- )) (NNP=H )) (VP=H (VBP=H ) (ADJP (JJ=H ))) (. ))),1,91062,"0,0846067582"
(ROOT (S=H (NP (NP=H (NNP ) (NNPS ) (NNP=H )) (PP (IN=H ) (NP (NN ) (NNS ) (NNS=H )))) (VP=H (VBP=H ) (ADJP (JJ=H ))) (. ))),1,91063,"0,0846076873"
(ROOT (S=H (NP (NNP=H )) (VP=H (VBD=H ) (NP (NP=H (NNS=H )) (SBAR (S=H (NP (NP=H (JJ ) (NN ) (NN=H )) (PP (IN=H ) (NP (NP=H (NNP=H )) (PP (IN=H ) (NP (CD=H )))))) (VP=H (VBP=H ) (ADJP (JJ=H ))))))) (. ))),1,91064,"0,0846086164"
(ROOT (S=H (NP (NNP=H )) (VP=H (VBD=H ) (NP (NP=H (NNS=H )) (SBAR (S=H (NP (NP=H (JJ ) (NN ) (NN=H )) (PP (IN=H ) (NP (NP=H (NNP=H )) (PP (IN=H ) (NP (CD ) (JJ ) (NN=H )))))) (VP=H (VBP=H ) (ADJP (JJ=H ))))))) (. ))),1,91065,"0,0846095455"
(ROOT (S=H (NP (JJ ) (NN ) (CC ) (NN ) (NN ) (NN ) (NNS=H )) (VP=H (VBP=H ) (ADJP (JJ=H ))) (. ))),1,91066,"0,0846104746"
(ROOT (S=H (NP (NNP=H )) (VP=H (VBD=H ) (NP (NP=H (NNS=H )) (SBAR (S=H (NP (NP=H (JJ ) (NN ) (NN=H )) (PP (IN=H ) (NP (NP=H (NNP=H )) (PP (IN=H ) (NP (CD=H )))))) (VP=H (VBD=H ) (SBAR (S=H (NP (NN=H )) (VP=H (VBP=H ) (ADJP (JJ=H )))))))))) (. ))),1,91067,"0,0846114037"
(ROOT (S=H (NP (NP=H (JJ ) (NN ) (CC ) (NN ) (NNS=H )) (VP (VBG=H ) (NP (NN=H )))) (VP=H (VBP=H ) (ADJP (JJ=H ))) (. ))),1,91068,"0,0846123328"
(ROOT (S=H (NP (NP=H (JJ ) (NN ) (CC ) (NN ) (NNS=H )) (VP (VBG=H ) (NP (NN=H )) (PP (TO=H ) (NP (JJ ) (NNS=H ))))) (VP=H (VBP=H ) (ADJP (JJ=H ))) (. ))),1,91069,"0,084613262"
(ROOT (S=H (NP (NP=H (NNP=H )) (PP (IN=H ) (NP (NNP ) (NNP ) (PRN (-LRB- ) (NP=H (NNP ) (NNP=H )) (-RRB- )) (NNS=H )))) (VP=H (VBP=H ) (ADJP (JJ=H ))) (. ))),1,91070,"0,0846141911"
(ROOT (NP=H (NP=H (DT ) (NNP=H )) (: ) (S (NP (NNP ) (NN=H )) (VP=H (VBP=H ) (ADJP (JJ=H )))) (. ))),1,91071,"0,0846151202"
(ROOT (S=H (NP (NNP ) (NNP=H )) (`` ) (VP=H (VBP=H ) (SBAR (S=H (NP (NNS=H )) (VP=H (VBP=H ) (ADJP (JJ=H )))))) (. ))),1,91072,"0,0846160493"
(ROOT (S=H (NP (NP=H (JJ ) (NN ) (NN=H )) (PP (IN=H ) (NP (NP=H (DT ) (NNP ) (NNPS=H )) (PP (IN=H ) (NP (NN=H )))))) (VP=H (VBP=H ) (ADJP (JJ=H ))) (. ))),1,91073,"0,0846169784"
(ROOT (S=H (NP (NP=H (NNP ) (NNP=H )) (PP (IN=H ) (NP (NP=H (NNP ) (NNP ) (NNS=H )) (VP (VBG=H ) (NP (DT ) (JJ ) (NN=H )))))) (VP=H (VBP=H ) (ADJP (JJ=H ))) (. ))),1,91074,"0,0846179075"
(ROOT (S=H (NP (NP=H (NP (NNP ) (POS=H )) (NNP ) (NNP=H )) (PP (IN=H ) (NP (DT ) (NNPS=H )))) (VP=H (VBP=H ) (ADJP (JJ=H ))) (. ))),1,91075,"0,0846188366"
(ROOT (S=H (NP (NNP=H )) (PP (IN=H ) (NP (DT ) (NN=H ))) (NP (NNP ) (NNS=H )) (VP=H (VBP=H ) (ADJP (JJ=H ))) (. ))),1,91076,"0,0846197657"
(ROOT (S=H (NP (NP=H (NNP ) (NNPS ) (NNP=H )) (PP (IN=H ) (NP (DT ) (ADJP (NN ) (JJ=H )) (NNS=H )))) (VP=H (VBP=H ) (ADJP (JJ=H ))) (. ))),1,91077,"0,0846206948"
(ROOT (S=H (NP (DT ) (JJR ) (NNS ) (NNS=H )) (VP=H (VBP=H ) (ADJP (JJ=H ))) (. ))),1,91078,"0,084621624"
(ROOT (S=H (ADVP (RB=H )) (NP (NNP ) (NNP ) (NNP ) (CC ) (NNP ) (NNP ) (NNS=H )) (VP=H (VBP=H ) (ADJP (JJ=H ))) (. ))),1,91079,"0,0846225531"
(ROOT (S=H (NP (NNP ) (. ) (NNPS ) (NNP=H )) (ADVP (RB=H )) (VP=H (VBP=H ) (ADJP (JJ=H ))) (. ))),1,91080,"0,0846234822"
(ROOT (NP=H (NP=H (NNPS=H )) (: ) (S (NP (NNP ) (NN=H )) (VP=H (VBP=H ) (ADJP (JJ=H )))) (. ))),1,91081,"0,0846244113"
(ROOT (S=H (NP (NP (NNP ) (POS=H )) (NN ) (PRN (-LRB- ) (NP=H (NNP=H )) (-RRB- )) (NN=H )) (VP=H (VBP=H ) (ADJP (JJ=H ))) (. ))),1,91082,"0,0846253404"
(ROOT (S=H (NP (NP=H (NNP ) (NNP ) (NNPS ) (NNP=H )) (PP (VBN=H ) (PP (IN=H ) (NP (NNP=H ))))) (VP=H (VBP=H ) (ADJP (JJ=H ))) (. ))),1,91083,"0,0846262695"
(ROOT (S=H (NP (NNP=H )) (VP=H (VBZ=H ) (SBAR (IN=H ) (S (VP=H (VBD=H ) (SBAR (S=H (NP (NNS=H )) (VP=H (VBP=H ) (ADJP (JJ=H ))))))))) (. ))),1,91084,"0,0846271986"
(ROOT (S=H (NP (NP=H (NNPS ) (CC ) (NNP ) (NNP=H )) (PP (IN=H ) (NP (NP=H (DT ) (NNP=H )) (PP (IN=H ) (NP (NNP=H )))))) (VP=H (VBP=H ) (ADJP (JJ=H ))) (. ))),1,91085,"0,0846281277"
(ROOT (S=H (NP (NNP ) (NNP ) (NNP ) (ADJP (NP (JJ ) (NNS=H )) (JJ=H )) (NNS=H )) (VP=H (VBP=H ) (ADJP (JJ=H ))) (. ))),1,91086,"0,0846290568"
(ROOT (S=H (NP (NP=H (NNP=H )) (VP (VBN=H ) (PP (IN=H ) (NP (DT ) (NNP ) (NNPS ) (NNP ) (NNP=H ))))) (VP=H (VBP=H ) (ADJP (JJ=H ))) (. ))),1,91087,"0,084629986"
(ROOT (S=H (S (NP (NNS=H )) (VP=H (VBN=H ) (PP (IN=H ) (NP (DT ) (NN=H ))))) (NP (DT ) (NNPS=H )) (VP=H (VBP=H ) (ADJP (JJ=H ))) (. ))),1,91088,"0,0846309151"
(ROOT (S=H (NP (NP=H (NNP ) (NNP=H )) (CC ) (NP (NP=H (NN ) (NNS=H )) (PP (IN=H ) (NP (NN=H ))))) (VP=H (VBP=H ) (ADJP (JJ=H ))) (. ))),1,91089,"0,0846318442"
"(ROOT (S=H (NP (NP=H (NNP ) (NNP=H )) (PP (IN=H ) (NP (NNP ) (, ) (NNP ) (CC ) (NNP ) (NNS=H )))) (VP=H (VBP=H ) (ADJP (JJ=H ))) (. )))",1,91090,"0,0846327733"
(ROOT (S=H (NP (NP=H (NNP ) (NNP=H )) (VP (VBG=H ) (CC ) (VBG ) (NP (JJ ) (NNS=H )))) (VP=H (VBP=H ) (ADJP (JJ=H ))) (. ))),1,91091,"0,0846337024"
(ROOT (S=H (NP (NP=H (NNP ) (NNP=H )) (VP (VBG=H ) (NP (NNS=H )))) (VP=H (VBD=H ) (SBAR (S=H (NP (NNS=H )) (VP=H (VBP=H ) (ADJP (JJ=H )))))) (. ))),1,91092,"0,0846346315"
(ROOT (S=H (NP (NP=H (NNP ) (NNPS ) (NNP ) (NNP=H )) (PP (IN=H ) (NP (DT ) (JJ ) (CC ) (JJ ) (NNS=H )))) (VP=H (VBP=H ) (ADJP (JJ=H ))) (. ))),1,91093,"0,0846355606"
(ROOT (S=H (NP (DT=H )) (ADVP (RB=H )) (VP=H (VBP=H ) (SBAR (S=H (NP (NNP ) (NNS=H )) (VP=H (VBP=H ) (ADJP (JJ=H )))))) (. ))),1,91094,"0,0846364897"
(ROOT (S=H (NP (ADJP (JJ ) (NN=H )) (NNS=H )) (VP=H (VBP=H ) (ADJP (JJ=H ))) (. ))),1,91095,"0,0846374189"
(ROOT (S=H (PP (IN=H ) (NP (DT ) (NNP ) (NNS=H ))) (NP (NP=H (NNS=H )) (PP (IN=H ) (NP (NNP=H )))) (VP=H (VBP=H ) (ADJP (JJ=H ))) (. ))),1,91096,"0,084638348"
(ROOT (S=H (NP (NP=H (NNP ) (IN ) (NNP=H )) (PRN (-LRB- ) (NN=H ) (-RRB- ))) (VP=H (VBD=H ) (SBAR (S=H (NP (NNS=H )) (VP=H (VBP=H ) (ADJP (JJ=H )))))) (. ))),1,91097,"0,0846392771"
(ROOT (S=H (NP (NP=H (NN ) (JJ ) (NN=H )) (PP (IN=H ) (NP (DT ) (NNP ) (NNPS=H )))) (VP=H (VBP=H ) (ADJP (JJ=H ))) (. ))),1,91098,"0,0846402062"
(ROOT (S=H (NP (NP (NNP ) (NNP=H )) (PRN (-LRB- ) (ADJP=H (JJ=H )) (-RRB- )) (NNS=H )) (VP=H (VBP=H ) (ADJP (JJ=H ))) (. ))),1,91099,"0,0846411353"
(ROOT (S=H (NP (NP=H (NNP ) (NNP=H )) (PP (IN=H ) (NP (NP=H (NNP ) (NN ) (NNS=H )) (PP (IN=H ) (NP (NNS=H )))))) (VP=H (VBP=H ) (ADJP (JJ=H ))) (. ))),1,91100,"0,0846420644"
(ROOT (FRAG=H (NP (NNP ) (NNPS=H )) (: ) (S=H (NP (JJ ) (NNS=H )) (VP=H (VBP=H ) (ADJP (JJ=H )))) (. ))),1,91101,"0,0846429935"
(ROOT (FRAG=H (NP (NNP ) (NNPS=H )) (: ) (S=H (NP (NNP ) (NNP ) (NNS=H )) (VP=H (VBP=H ) (ADJP (JJ=H )))) (. ))),1,91102,"0,0846439226"
(ROOT (S=H (NP (NP=H (NNP ) (NNP=H )) (CC ) (NP (NP=H (DT ) (NNP=H )) (PP (IN=H ) (NP (NNP ) (NNS=H ))))) (VP=H (VBP=H ) (ADJP (JJ=H ))) (. ))),1,91103,"0,0846448517"
"(ROOT (S=H (S (NP (NNS=H )) (VP=H (VBN=H ) (PP (IN=H ) (NP (NP=H (DT ) (NNP ) (NNP=H )) (PP (IN=H ) (NP (NNP=H ))))))) (, ) (NP (NNP=H )) (VP=H (VBP=H ) (ADJP (JJ=H ))) (. )))",1,91104,"0,0846457809"
"(ROOT (S=H (NP (NP=H (NNP ) (, ) (NNP=H )) (SBAR (S=H (NP (JJ ) (NN ) (NNS=H )) (VP=H (VBZ=H ))))) (VP=H (VBP=H ) (ADJP (JJ=H ))) (. )))",1,91105,"0,08464671"
(ROOT (S=H (NP (NP=H (NP=H (NNP ) (NNPS ) (NNP ) (NNP=H )) (PP (IN=H ) (NP (NP=H (DT ) (NN=H )) (PP (IN=H ) (NP (NNP=H )))))) (PRN (-LRB- ) (NP=H (NP=H (CD=H )) (: ) (NP (NN=H ))) (-RRB- ))) (VP=H (VBP=H ) (ADJP (JJ=H ))) (. ))),1,91106,"0,0846476391"
(ROOT (S=H (NP (NP=H (NN ) (NN=H )) (VP (VBG=H ) (NP (NNS=H )))) (VP=H (VBP=H ) (ADJP (JJ=H ))) (. ))),1,91107,"0,0846485682"
(ROOT (S=H (NP (NP=H (NNP=H )) (PP (IN=H ) (NP (NP=H (NP (DT ) (NNS ) (POS=H )) (NNP ) (NNP=H )) (PRN (-LRB- ) (NP=H (NNP=H )) (-RRB- ))))) (VP=H (VBP=H ) (ADJP (JJ=H ))) (. ))),1,91108,"0,0846494973"
(ROOT (S=H (NP (NP (NNP ) (NNPS ) (NNP ) (NNP ) (NNP ) (NNP=H )) (PRN (-LRB- ) (NP=H (NNP=H )) (-RRB- )) (NNS=H )) (VP=H (VBP=H ) (ADJP (JJ=H ))) (. ))),1,91109,"0,0846504264"
(ROOT (S=H (NP (NP (NNP ) (CC ) (NP (NNP ) (POS=H )) (NNPS=H )) (NNS=H )) (VP=H (VBP=H ) (ADJP (JJ=H ))) (. ))),1,91110,"0,0846513555"
"(ROOT (S=H (NP (NP=H (NNP ) (NNPS ) (NNP=H )) (PP (IN=H ) (NP (NP=H (NNP ) (, ) (NNP ) (NNPS=H )) (PP (IN=H ) (NP (NNP ) (NNP=H )))))) (VP=H (VBP=H ) (ADJP (JJ=H ))) (. )))",1,91111,"0,0846522846"
(ROOT (S=H (NP (NNP=H )) (VP=H (VBD=H ) (NP (NP=H (NNS=H )) (SBAR (S=H (NP (JJ ) (JJ ) (NN=H )) (VP=H (VBP=H ) (ADJP (JJ=H ))))))) (. ))),1,91112,"0,0846532138"
(ROOT (S=H (NP (NP=H (NNP=H )) (PP (VBN=H ) (PP (IN=H ) (NP (DT ) (JJ ) (NNS=H ))))) (VP=H (VBP=H ) (ADJP (JJ=H ))) (. ))),1,91113,"0,0846541429"
(ROOT (S=H (NP (NP=H (NP (NNPS ) (POS=H )) (NNS=H )) (PP (IN=H ) (NP (NN=H )))) (VP=H (VBP=H ) (ADJP (JJ=H ))) (. ))),1,91114,"0,084655072"
(ROOT (S=H (NP (NP=H (NN=H )) (PP (IN=H ) (NP (NP=H (NN=H ) (VBG )) (PRN (-LRB- ) (VP=H (VBG=H ) (NP (NNS=H ))) (-RRB- ))))) (VP=H (VBP=H ) (ADJP (JJ=H ))) (. ))),1,91115,"0,0846560011"
(ROOT (S=H (NP (NP=H (NNP ) (POS=H )) (CC ) (NP (JJ ) (JJ ) (NN ) (NNS=H ))) (PP (IN=H ) (NP (NNS=H ))) (VP=H (VBP=H ) (ADJP (JJ=H ))) (. ))),1,91116,"0,0846569302"
(ROOT (S=H (NP (NP=H (NNP=H )) (PP (IN=H ) (NP (NP=H (DT ) (NNP ) (NNP=H )) (PP (IN=H ) (NP (JJ ) (NNS=H )))))) (VP=H (VBP=H ) (ADJP (JJ=H ))) (. ))),1,91117,"0,0846578593"
(ROOT (S=H (NP (NP=H (JJ ) (NN ) (NNS ) (NNS=H )) (PP (IN=H ) (NP (NNP ) (NNP=H )))) (VP=H (VBP=H ) (ADJP (JJ=H ))) (. ))),1,91118,"0,0846587884"
(ROOT (S=H (NP (NAC (NAC=H (NNP=H ) (PP (IN=H ) (NP (NNP=H ) (CC ) (NNP )))) (PRN (-LRB- ) (NP=H (NNP=H )) (-RRB- ))) (NNS=H )) (VP=H (VBP=H ) (ADJP (JJ=H ))) (. ))),1,91119,"0,0846597175"
(ROOT (S=H (NP (NP=H (NNP ) (POS=H )) (CC ) (NP (JJ ) (JJ ) (NN ) (NNS=H ))) (VP=H (VBD=H ) (SBAR (S=H (NP (NNS=H )) (VP=H (VBP=H ) (ADJP (JJ=H )))))) (. ))),1,91120,"0,0846606466"
(ROOT (S=H (S (VP=H (VB=H ) (NP (PRN (-LRB- ) (NP=H (NNP=H )) (-RRB- )) (NNS=H )))) (NP (JJ ) (NN ) (NNS=H )) (VP=H (VBP=H ) (ADJP (JJ=H ))) (. ))),1,91121,"0,0846615758"
(ROOT (S=H (NP (NP=H (NNP ) (JJ ) (NNS ) (NNS=H )) (PP (IN=H ) (NP (DT ) (NNP=H )))) (VP=H (VBP=H ) (ADJP (JJ=H ))) (. ))),1,91122,"0,0846625049"
(ROOT (S=H (NP (NP=H (NNP ) (JJ ) (NNS ) (NNS=H )) (PP (IN=H ) (NP (DT ) (NNP ) (JJ ) (NN=H )))) (VP=H (VBP=H ) (ADJP (JJ=H ))) (. ))),1,91123,"0,084663434"
(ROOT (S=H (NP (NP=H (NNP=H )) (PP (IN=H ) (NP (NP=H (NNP=H )) (PP (IN=H ) (NP (NNP ) (NN ) (NNS=H )))))) (VP=H (VBP=H ) (ADJP (JJ=H ))) (. ))),1,91124,"0,0846643631"
(ROOT (S=H (NP (NP=H (NP (NNS ) (POS=H )) (NNS=H )) (PP (IN=H ) (NP (DT ) (NNP ) (NNP=H )))) (VP=H (VBP=H ) (ADJP (JJ=H ))) (. ))),1,91125,"0,0846652922"
(ROOT (S=H (NP (NP=H (NP (PRP ) (POS=H )) (NNP ) (NNP=H )) (PP (IN=H ) (NP (NNP ) (NNS=H )))) (VP=H (VBP=H ) (ADJP (JJ=H ))) (. ))),1,91126,"0,0846662213"
(ROOT (S=H (NP (NNP ) (CC ) (NNP ) (NNP ) (NNP=H )) (VP=H (VBP=H ) (SBAR (S=H (NP (NN ) (NNS=H )) (VP=H (VBP=H ) (ADJP (JJ=H )))))) (. ))),1,91127,"0,0846671504"
(ROOT (S=H (NP (NP=H (NNP=H )) (SBAR (IN=H ) (S (NP (NNS=H )) (VP=H (VBP=H ))))) (VP=H (VBP=H ) (ADJP (JJ=H ))) (. ))),1,91128,"0,0846680795"
"(ROOT (S=H (NP (NP=H (NNP=H )) (PP (IN=H ) (NP (NP=H (NNS=H )) (, ) (NP (JJ ) (NNS=H )) (CC ) (NP (NNS=H ))))) (VP=H (VBP=H ) (ADJP (JJ=H ))) (. )))",1,91129,"0,0846690086"
(ROOT (NP=H (NP=H (JJ ) (NN ) (NNS=H )) (: ) (S (NP (NNS=H )) (VP=H (VBP=H ) (ADJP (JJ=H )))) (. ))),1,91130,"0,0846699378"
(ROOT (S=H (NP (NNP ) (NN ) (NNS ) (CC ) (NN ) (NN ) (NNS=H )) (VP=H (VBP=H ) (ADJP (JJ=H ))) (. ))),1,91131,"0,0846708669"
(ROOT (S=H (LST (LS=H ) (. )) (VP=H (VB=H ) (SBAR (S=H (NP (JJ ) (PRN (-LRB- ) (NP=H (NNS=H )) (-RRB- )) (NNS=H )) (VP=H (VBP=H ) (ADJP (JJ=H )))))) (. ))),1,91132,"0,084671796"
"(ROOT (S=H (NP (NP=H (NNP=H )) (PP (IN=H ) (NP (NP=H (NNP ) (NNPS=H )) (, ) (NP (NNP ) (NNP=H ))))) (VP=H (VBP=H ) (ADJP (JJ=H ))) (. )))",1,91133,"0,0846727251"
(ROOT (S=H (NP (NNP ) (NNP=H )) (PRN (-LRB- ) (NP=H (NNS=H )) (-RRB- )) (NP (NN ) (NNS=H )) (VP=H (VBP=H ) (ADJP (JJ=H ))) (. ))),1,91134,"0,0846736542"
(ROOT (S=H (NP (NP=H (NN ) (JJ ) (NN=H )) (PP (IN=H ) (NP (JJ ) (NNS=H )))) (VP=H (VBP=H ) (ADJP (JJ=H ))) (. ))),1,91135,"0,0846745833"
(ROOT (NP=H (NP=H (NN=H )) (: ) (S (NP (JJ ) (NNS=H )) (VP=H (VBP=H ) (ADJP (JJ=H )))) (. ))),1,91136,"0,0846755124"
(ROOT (S=H (NP (NP=H (NNPS ) (NNP ) (NNP=H )) (PP (TO=H ) (NP (NP=H (DT ) (NNP ) (NNP=H )) (PP (IN=H ) (NP (NP=H (DT ) (NN=H )) (PP (IN=H ) (NP (NNP=H )))))))) (VP=H (VBP=H ) (ADJP (JJ=H ))) (. ))),1,91137,"0,0846764415"
(ROOT (S=H (NP (NP=H (JJ ) (NN ) (NN=H )) (VP (VBG=H ) (NP (JJ ) (JJ ) (NNS=H )))) (VP=H (VBP=H ) (ADJP (JJ=H ))) (. ))),1,91138,"0,0846773707"
(ROOT (S=H (NP (NP=H (NNPS ) (NNP ) (NNP=H )) (PP (TO=H ) (NP (NP=H (DT ) (NNP=H )) (PP (IN=H ) (NP (NNP=H )))))) (VP=H (VBP=H ) (ADJP (JJ=H ))) (. ))),1,91139,"0,0846782998"
(ROOT (S=H (NP (NP=H (NNP=H )) (PP (IN=H ) (NP (JJ ) (NNP ) (NNP ) (NNP ) (NNP ) (NNPS ) (NNS=H )))) (VP=H (VBP=H ) (ADJP (JJ=H ))) (. ))),1,91140,"0,0846792289"
"(ROOT (NP=H (NP=H (NNP ) (NNP ) (NNP=H )) (: ) (S (NP (NNP ) (NNP=H )) (, ) (NP (NNP=H )) (VP=H (VBP=H ) (ADJP (JJ=H )))) (. )))",1,91141,"0,084680158"
(ROOT (S=H (NP (NP=H (NNP ) (NNPS ) (NNP ) (NNP ) (NNS=H )) (PP (VBG=H ) (NP (DT ) (NNP=H )))) (VP=H (VBP=H ) (ADJP (JJ=H ))) (. ))),1,91142,"0,0846810871"
(ROOT (S=H (NP (NP=H (DT ) (NNP=H )) (PP (IN=H ) (NP (NN ) (NN ) (NNS=H )))) (VP=H (VBP=H ) (ADJP (JJ=H ))) (. ))),1,91143,"0,0846820162"
(ROOT (S=H (NP (NP=H (NNP=H )) (CC ) (NP (NP=H (NNS=H )) (PP (IN=H ) (NP (NP=H (NNP=H )) (PP (IN=H ) (NP (NN=H ))))))) (VP=H (VBP=H ) (ADJP (JJ=H ))) (. ))),1,91144,"0,0846829453"
(ROOT (S=H (NP (NP=H (NNP ) (NNP=H )) (CC ) (NP (NP=H (DT ) (NNPS=H )) (PP (IN=H ) (NP (DT ) (NNP ) (NNPS=H ))))) (VP=H (VBP=H ) (ADJP (JJ=H ))) (. ))),1,91145,"0,0846838744"
(ROOT (NP=H (NP=H (NNS=H ) (CC ) (NNS )) (: ) (S (NP (NN ) (CC ) (NN ) (NNS=H )) (VP=H (VBP=H ) (ADJP (JJ=H )))) (. ))),1,91146,"0,0846848035"
(ROOT (NP=H (NP=H (NNS=H ) (CC ) (NNS )) (: ) (S (NP (NNP ) (NN=H ) (CC ) (NN )) (VP=H (VBP=H ) (ADJP (JJ=H )))) (. ))),1,91147,"0,0846857327"
(ROOT (NP=H (NP=H (NNS=H ) (CC ) (NNS )) (: ) (S (NP (JJ ) (CC ) (JJ ) (NNS=H )) (VP=H (VBP=H ) (ADJP (JJ=H )))) (. ))),1,91148,"0,0846866618"
(ROOT (NP=H (NP=H (NNP ) (NNP=H )) (: ) (S (NP (NNP ) (NNP ) (NNP ) (NNP ) (NNP ) (NNP=H )) (VP=H (VBP=H ) (ADJP (JJ=H )))) (. ))),1,91149,"0,0846875909"
(ROOT (NP=H (NP=H (NNS=H ) (CC ) (NNS )) (: ) (S (NP (NP=H (NNP=H )) (CC ) (NP (JJ ) (NN=H ))) (VP=H (VBP=H ) (ADJP (JJ=H )))) (. ))),1,91150,"0,08468852"
(ROOT (NP=H (NP=H (NNS=H ) (CC ) (NNS )) (: ) (S (NP (NP=H (NNP=H )) (CC ) (NP (NN=H ))) (VP=H (VBP=H ) (ADJP (JJ=H )))) (. ))),1,91151,"0,0846894491"
"(ROOT (NP=H (NP=H (NNS=H ) (CC ) (NNS )) (: ) (S (NP (NP=H (NNP=H )) (, ) (NP (NN=H )) (, ) (NP (JJ ) (NN=H )) (CC ) (NP (NN=H ))) (VP=H (VBP=H ) (ADJP (JJ=H )))) (. )))",1,91152,"0,0846903782"
(ROOT (S=H (NP (NP=H (NNP=H )) (PP (IN=H ) (S (VP=H (VBG=H ) (NP (NNS=H )) (PP (IN=H ) (NP (NN=H ))))))) (VP=H (VBP=H ) (ADJP (JJ=H ))) (. ))),1,91153,"0,0846913073"
(ROOT (S=H (NP (NP=H (NNP=H )) (CC ) (NP (NP=H (NNS=H )) (PP (IN=H ) (NP (DT ) (JJ ) (NNS=H ))))) (VP=H (VBP=H ) (ADJP (JJ=H ))) (. ))),1,91154,"0,0846922364"
(ROOT (S=H (NP (PRP=H ) (CC ) (PRP )) (VP=H (VBD=H ) (SBAR (S=H (NP (NP=H (NNS=H )) (PP (IN=H ) (NP (NN=H )))) (VP=H (VBP=H ) (ADJP (JJ=H )))))) (. ))),1,91155,"0,0846931655"
(ROOT (S=H (NP (NNP=H )) (VP=H (VBD=H ) (SBAR (S=H (NP (NNS ) (NNP=H ) (CC ) (NNP )) (PRN (-LRB- ) (NP=H (NN=H ) (CD )) (-RRB- )) (VP=H (VBD=H ) (SBAR (S=H (NP (NN=H )) (VP=H (VBP=H ) (ADJP (JJ=H ))))))))) (. ))),1,91156,"0,0846940947"
(ROOT (S=H (NP (NNP=H )) (VP=H (VBP=H ) (SBAR (S=H (NP (NP=H (NNS ) (NNS=H )) (PP (IN=H ) (NP (DT ) (NNP ) (NNPS ) (NNP ) (NNP=H )))) (VP=H (VBP=H ) (ADJP (JJ=H )))))) (. ))),1,91157,"0,0846950238"
(ROOT (S=H (NP (NP=H (NN ) (NNS ) (NN ) (NN=H )) (PP (IN=H ) (NP (DT ) (NNP ) (NNPS ) (NNP ) (NNP=H )))) (VP=H (VBP=H ) (ADJP (JJ=H ))) (. ))),1,91158,"0,0846959529"
(ROOT (S=H (NP (NP=H (NP (NN ) (NNS=H )) (NN ) (NNS=H )) (PP (IN=H ) (NP (DT ) (NNP ) (NNPS ) (NNP ) (NNP=H )))) (VP=H (VBP=H ) (ADJP (JJ=H ))) (. ))),1,91159,"0,084696882"
(ROOT (S=H (NP (NNP=H )) (VP=H (VBZ=H ) (SBAR (S=H (NP (NP=H (JJ ) (NNS=H )) (VP (VBN=H ) (PP (IN=H ) (NP (DT ) (NNP ) (NNPS=H ))))) (VP=H (VBP=H ) (ADJP (JJ=H )))))) (. ))),1,91160,"0,0846978111"
(ROOT (S=H (NP (NP=H (NNP=H ) (CD )) (PP (IN=H ) (NP (DT ) (NNPS=H )))) (VP=H (VBP=H ) (ADJP (JJ=H ))) (. ))),1,91161,"0,0846987402"
(ROOT (S=H (NP (NP=H (NNP ) (NNP=H )) (VP (VBG=H ) (NP (NP=H (NNS=H )) (PP (IN=H ) (NP (NNPS=H )))) (PP (IN=H ) (NP (NN=H ))))) (VP=H (VBP=H ) (ADJP (JJ=H ))) (. ))),1,91162,"0,0846996693"
(ROOT (S=H (S (VP=H (VBG=H ) (PP (IN=H ) (NP (NNP ) (NNP=H ))))) (NP (PRP=H )) (VP=H (VBP=H ) (ADJP (JJ=H ))) (. ))),1,91163,"0,0847005984"
(ROOT (S=H (NP (NP=H (NNP ) (NNP=H )) (PP (IN=H ) (NP (NP=H (JJ=H )) (: ) (NP (NNP ) (NNPS=H ) (CC ) (NNPS )) (PRN (-LRB- ) (NP=H (NNP ) (NNP=H )) (-RRB- ))))) (VP=H (VBP=H ) (ADJP (JJ=H ))) (. ))),1,91164,"0,0847015276"
(ROOT (S=H (NP (NP=H (NNP ) (NNPS ) (NNP ) (NNP ) (NNS=H )) (PP (VBG=H ) (NP (NP=H (DT ) (NNP ) (NNP ) (NNP=H )) (PP (IN=H ) (NP (DT ) (JJ ) (NN=H )))))) (VP=H (VBP=H ) (ADJP (JJ=H ))) (. ))),1,91165,"0,0847024567"
(ROOT (S=H (NP (NP=H (NNP ) (NNP ) (NNPS ) (NNP=H )) (PP (IN=H ) (NP (NNP ) (NNPS ) (NNP=H )))) (VP=H (VBP=H ) (ADJP (JJ=H ))) (. ))),1,91166,"0,0847033858"
"(ROOT (S=H (NP-TMP (NP=H (NNP=H )) (CC ) (NP (JJ ) (NNS=H ))) (PP (IN=H ) (NP (NNP=H ))) (, ) (NP (NNP ) (NNP=H )) (VP=H (VBP=H ) (ADJP (JJ=H ))) (. )))",1,91167,"0,0847043149"
"(ROOT (S=H (PP (NP (NNP ) (NNS=H ) (CC ) (NNS )) (IN=H ) (NP (NNP=H ))) (, ) (NP (NNP ) (NNP=H )) (VP=H (VBP=H ) (ADJP (JJ=H ))) (. )))",1,91168,"0,084705244"
(ROOT (S=H (NP (NNP=H )) (SBAR=H (WHNP=H (WP=H )) (S (NP (JJ ) (NNS=H )) (VP=H (VBP=H ) (ADJP (JJ=H ))))) (. ))),1,91169,"0,0847061731"
(ROOT (S=H (NP (NP=H (NNP=H )) (PRN (-LRB- ) (NP=H (NN ) (NN ) (NNS=H )) (-RRB- ))) (VP=H (VBP=H ) (ADJP (JJ=H ))) (. ))),1,91170,"0,0847071022"
(ROOT (S=H (NP (NP=H (NNP ) (NNP=H )) (PP (IN=H ) (NP (NNP=H )))) (VP=H (VBP=H ) (SBAR (S=H (NP (NNS=H )) (VP=H (VBP=H ) (ADJP (JJ=H )))))) (. ))),1,91171,"0,0847080313"
(ROOT (S=H (NP (NNP ) (NNP ) (NN ) (NNP ) (NNP=H )) (VP=H (VBP=H ) (SBAR (S=H (NP (JJ ) (NNS=H )) (VP=H (VBP=H ) (ADJP (JJ=H )))))) (. ))),1,91172,"0,0847089604"
(ROOT (S=H (NP (NP=H (NP=H (NNP ) (NNP ) (NNP ) (POS=H )) (CC ) (NP (NNP ) (POS=H ))) (NP (NNP ) (NNP=H ))) (VP=H (VBP=H ) (ADJP (JJ=H ))) (. ))),1,91173,"0,0847098896"
(ROOT (NP=H (NP=H (NNP ) (NNPS=H )) (: ) (NP (NP=H (DT ) (NNP ) (NNPS=H )) (PRN (-LRB- ) (NP=H (CD=H )) (-RRB- )) (SBAR (S=H (NP (NNS=H )) (VP=H (VBP=H ) (ADJP (JJ=H )))))) (. ))),1,91174,"0,0847108187"
(ROOT (S=H (NP (NP=H (NN=H )) (CC ) (NP (CD ) (NN ) (NNP ) (NNP ) (NNS=H ))) (VP=H (VBP=H ) (ADJP (JJ=H ))) (. ))),1,91175,"0,0847117478"
(ROOT (S=H (NP (NP=H (NN=H )) (CC ) (NP (CD ) (NN ) (NNP ) (NNP ) (NN ) (NNS=H ))) (VP=H (VBP=H ) (ADJP (JJ=H ))) (. ))),1,91176,"0,0847126769"
(ROOT (S=H (NP (NP=H (JJ ) (NNP ) (NNP=H )) (PP (IN=H ) (NP (JJ ) (NNP ) (NNS=H )))) (VP=H (VBP=H ) (ADJP (JJ=H ))) (. ))),1,91177,"0,084713606"
(ROOT (S=H (NP (NP=H (NNP=H ) (CC ) (NNP )) (NP (JJ ) (NNS=H ))) (VP=H (VBP=H ) (ADJP (JJ=H ))) (. ))),1,91178,"0,0847145351"
(ROOT (S=H (NP (NP=H (NN=H )) (VP (VBG=H ) (NP (NP=H (NNP=H )) (SBAR (S=H (NP (JJ ) (NN ) (NNS=H )) (VP=H (VBZ=H ))))))) (VP=H (VBP=H ) (ADJP (JJ=H ))) (. ))),1,91179,"0,0847154642"
"(ROOT (S=H (NP (NP=H (NN=H )) (PP (IN=H ) (NP (JJ ) (NN ) (, ) (NN ) (, ) (CC ) (NN ) (NNS=H )))) (VP=H (VBP=H ) (ADJP (JJ=H ))) (. )))",1,91180,"0,0847163933"
"(ROOT (S=H (NP (NP=H (NNP ) (NNP ) (NNP=H )) (, ) (NP (CD ) (NNS=H ))) (VP=H (VBP=H ) (ADJP (JJ=H ))) (. )))",1,91181,"0,0847173224"
(ROOT (NP=H (NP=H (NNP=H )) (: ) (S (NP (NP=H (NNP ) (NNP=H )) (PP (IN=H ) (NP (NNP=H )))) (VP=H (VBP=H ) (ADJP (JJ=H )))) (. ))),1,91182,"0,0847182516"
(ROOT (S=H (NP (NP=H (NNP ) (NNPS ) (NNP ) (NNP=H )) (PP (IN=H ) (NP (NNS=H )))) (VP=H (VBP=H ) (ADJP (JJ=H ))) (. ))),1,91183,"0,0847191807"
(ROOT (S=H (S=H (NP (PRP=H )) (VP=H (VBZ=H ) (NP (PRP=H )))) (CC ) (S (NP (PRP=H )) (VP=H (VBP=H ) (NP (NP=H (NNP=H )) (SBAR (S=H (NP (NN ) (NNS=H )) (VP=H (VBP=H ) (ADJP (JJ=H )))))))) (. ))),1,91184,"0,0847201098"
(ROOT (S=H (NP (ADJP (JJ=H ) (NP (DT ) (NNS=H ))) (NNS=H )) (VP=H (VBP=H ) (ADJP (JJ=H ))) (. ))),1,91185,"0,0847210389"
(ROOT (S=H (NP (NP=H (NNP=H )) (CC ) (NP (NP=H (JJ ) (NNS=H )) (PP (IN=H ) (NP (NP=H (DT ) (NNP ) (NNP=H )) (PP (IN=H ) (NP (NNP=H ))))))) (VP=H (VBP=H ) (ADJP (JJ=H ))) (. ))),1,91186,"0,084721968"
"(ROOT (S=H (ADVP (RB=H )) (, ) (NP (NN ) (NN ) (CC ) (NNS ) (NNS=H )) (VP=H (VBP=H ) (ADJP (JJ=H ))) (. )))",1,91187,"0,0847228971"
(ROOT (S=H (NP (NP=H (NNP=H )) (SBAR (S=H (NP (PRP=H )) (VP=H (VBD=H ) (NP (NNS=H )) (PP (IN=H ) (NP (NNP=H ))) (PP (IN=H ) (NP (JJ ) (NN=H ))))))) (VP=H (VBP=H ) (ADJP (JJ=H ))) (. ))),1,91188,"0,0847238262"
(ROOT (S=H (NP (NP=H (CD=H )) (PP (IN=H ) (NP (CD ) (NNS=H )))) (VP=H (VBP=H ) (ADJP (JJ=H ))) (. ))),1,91189,"0,0847247553"
(ROOT (S=H (NP (NP=H (DT ) (NN=H )) (PP (IN=H ) (NP (DT ) (NNS=H )))) (VP=H (VBP=H ) (ADJP (JJ=H ))) (. ))),1,91190,"0,0847256845"
(ROOT (S=H (NP (NP=H (NNS ) (NNS=H )) (PP (IN=H ) (NP (NNP ) (NNP=H )))) (VP=H (VBP=H ) (ADJP (JJ=H ))) (. ))),1,91191,"0,0847266136"
(ROOT (S=H (NP (NP=H (DT ) (NN=H )) (CC ) (NP (DT ) (NNP ) (NNPS=H ))) (VP=H (VBP=H ) (ADJP (JJ=H ))) (. ))),1,91192,"0,0847275427"
(ROOT (S=H (NP (DT ) (NN=H )) (PRN (-LRB- ) (NP=H (NN=H )) (-RRB- )) (NP (NN ) (NNS=H )) (VP=H (VBP=H ) (ADJP (JJ=H ))) (. ))),1,91193,"0,0847284718"
(ROOT (S=H (NP (NP=H (DT ) (NN=H )) (PRN (-LRB- ) (NP=H (NN=H )) (-RRB- ))) (VP=H (VBP=H ) (SBAR (S=H (NP (NNS=H )) (VP=H (VBP=H ) (ADJP (JJ=H )))))) (. ))),1,91194,"0,0847294009"
(ROOT (S=H (NP (NP (NNP ) (NNP ) (POS=H )) (NNP ) (NNP ) (NN=H )) (VP=H (VBZ=H ) (SBAR (S=H (NP (JJ ) (NNS=H )) (VP=H (VBP=H ) (ADJP (JJ=H )))))) (. ))),1,91195,"0,08473033"
(ROOT (FRAG=H (NP (NNP ) (NNP ) (NNP ) (NNP ) (NNP=H )) (: ) (S=H (NP (NP=H (NNP=H )) (CC ) (NP (NNP ) (NNP=H ))) (VP=H (VBP=H ) (ADJP (JJ=H )))) (. ))),1,91196,"0,0847312591"
(ROOT (S=H (NP (NP=H (NNP=H )) (CC ) (NP (DT ) (JJ ) (JJ ) (NNS=H ))) (VP=H (VBP=H ) (ADJP (JJ=H ))) (. ))),1,91197,"0,0847321882"
(ROOT (S=H (NP (NP=H (DT ) (JJ ) (NN=H )) (PP (IN=H ) (NP (NNP ) (NN ) (NNS=H )))) (VP=H (VBP=H ) (ADJP (JJ=H ))) (. ))),1,91198,"0,0847331173"
(ROOT (FRAG=H (X (NP (NP=H (NNP=H )) (NP (PRP=H ))) (NP=H (NP=H (NNP=H )) (PP (IN=H ) (NP (DT ) (JJ ) (NN=H )))) (. )) (VP=H (VBP=H ) (ADJP (JJ=H ))) (. ))),1,91199,"0,0847340465"
(ROOT (S=H (NP (NP (NNP ) (POS=H )) (NNP ) (NNP ) (NNP ) (NN=H )) (VP=H (VBZ=H ) (SBAR (S=H (NP (JJ ) (NNS=H )) (VP=H (VBP=H ) (ADJP (JJ=H )))))) (. ))),1,91200,"0,0847349756"
(ROOT (S=H (NP (NP=H (JJ ) (NNS ) (NN ) (NN=H )) (PP (IN=H ) (NP (NNP ) (NNP ) (NNP=H )))) (VP=H (VBP=H ) (ADJP (JJ=H ))) (. ))),1,91201,"0,0847359047"
(ROOT (S=H (NP (NP=H (NP (JJ ) (NNS=H )) (NN ) (NNS=H )) (PP (IN=H ) (NP (NNP ) (NNP ) (NNP=H )))) (VP=H (VBP=H ) (ADJP (JJ=H ))) (. ))),1,91202,"0,0847368338"
(ROOT (S=H (NP (NP=H (NNP ) (NN ) (CC ) (NN ) (NNS=H )) (PP (IN=H ) (NP (DT ) (NNP ) (NNPS ) (NNP ) (NNP=H )))) (VP=H (VBP=H ) (ADJP (JJ=H ))) (. ))),1,91203,"0,0847377629"
(ROOT (S=H (NP (NP=H (NNP ) (NNS ) (NN=H )) (PP (IN=H ) (NP (NNS=H )))) (VP=H (VBP=H ) (ADJP (JJ=H ))) (. ))),1,91204,"0,084738692"
(ROOT (S=H (NP (NP=H (NNP ) (NN ) (NN=H )) (PP (IN=H ) (NP (NN ) (NNS=H )))) (VP=H (VBP=H ) (ADJP (JJ=H ))) (. ))),1,91205,"0,0847396211"
(ROOT (S=H (NP (NP=H (NNP ) (NNP=H )) (SBAR (S=H (NP (JJ ) (CC ) (JJ ) (NNS=H )) (VP=H (RB ) (VBN=H ) (PP (TO=H ) (NP (NNP=H ))))))) (VP=H (VBP=H ) (ADJP (JJ=H ))) (. ))),1,91206,"0,0847405502"
(ROOT (S=H (NP (NP=H (NNP=H )) (CC ) (NP (NP=H (JJ ) (NNS=H )) (PP (IN=H ) (NP (NP=H (NNP=H )) (PP (IN=H ) (NP (JJ ) (NN=H ))))))) (VP=H (VBP=H ) (ADJP (JJ=H ))) (. ))),1,91207,"0,0847414794"
(ROOT (S=H (NP (NP=H (NNP ) (NNP ) (NNP=H )) (CC ) (NP (NNS=H ))) (VP=H (VBP=H ) (ADJP (JJ=H ))) (. ))),1,91208,"0,0847424085"
(ROOT (S=H (NP (ADJP (JJ=H ) (PP (IN=H ) (NP (NNS=H )))) (NN ) (NNS=H )) (VP=H (VBP=H ) (ADJP (JJ=H ))) (. ))),1,91209,"0,0847433376"
(ROOT (S=H (NP (NP=H (NNP=H )) (VP (VBN=H ) (S (VP=H (VBG=H ) (NP (NNS=H )))))) (VP=H (VBP=H ) (ADJP (JJ=H ))) (. ))),1,91210,"0,0847442667"
(ROOT (S=H (NP (NP=H (NNP ) (NNPS ) (NNP ) (NNP ) (NNS=H )) (PP (VBG=H ) (NP (NP=H (DT ) (NNP ) (NNP=H )) (PP (IN=H ) (NP (NNP=H )))))) (VP=H (VBP=H ) (ADJP (JJ=H ))) (. ))),1,91211,"0,0847451958"
(ROOT (S=H (NP (NP=H (NNP ) (NNPS ) (NNP ) (NNP ) (NNS=H )) (PP (VBG=H ) (NP (NP=H (DT ) (NNP ) (NNP ) (NNP=H )) (PP (IN=H ) (NP (NNP=H )))))) (VP=H (VBP=H ) (ADJP (JJ=H ))) (. ))),1,91212,"0,0847461249"
(ROOT (S=H (NP (NP=H (NNP=H )) (PP (IN=H ) (NP (NP=H (NP (DT ) (NNS ) (POS=H )) (NNP=H )) (PP (IN=H ) (NP (NNP ) (NNS=H )))))) (VP=H (VBP=H ) (ADJP (JJ=H ))) (. ))),1,91213,"0,084747054"
"(ROOT (S=H (NP (NP=H (NNP=H )) (PP (IN=H ) (NP (NP=H (DT ) (NNPS=H )) (PP (IN=H ) (NP (NNP=H ))) (, ) (PP (IN=H ) (NP (NNP=H )))))) (VP=H (VBP=H ) (ADJP (JJ=H ))) (. )))",1,91214,"0,0847479831"
(ROOT (S=H (NP (NP=H (NNP ) (NNPS ) (NNP ) (NNP ) (NNS=H )) (PP (VBG=H ) (NP (DT ) (NNP ) (NN=H )))) (VP=H (VBP=H ) (ADJP (JJ=H ))) (. ))),1,91215,"0,0847489122"
(ROOT (S=H (S=H (NP (NNP ) (NNPS ) (NNP ) (NNP ) (NNS=H )) (VP=H (VBG=H ) (NP (DT ) (NNP=H )))) (: ) (S (NP (NNP ) (NNP=H )) (VP=H (VBP=H ) (ADJP (JJ=H )))) (. ))),1,91216,"0,0847498414"
(ROOT (S=H (NP (NP=H (NP=H (JJ ) (NNS ) (NN=H )) (PP (IN=H ) (NP (NNP=H )))) (PRN (-LRB- ) (NP=H (NNP=H )) (-RRB- ))) (VP=H (VBP=H ) (ADJP (JJ=H ))) (. ))),1,91217,"0,0847507705"
(ROOT (S=H (NP (NP=H (JJ ) (NNS ) (NN=H )) (PP (IN=H ) (NP (NN=H ) (CC ) (NN )))) (VP=H (VBP=H ) (ADJP (JJ=H ))) (. ))),1,91218,"0,0847516996"
(ROOT (S=H (NP (NP=H (JJ ) (NNS ) (NN ) (NN=H )) (PP (IN=H ) (NP (NN=H )))) (VP=H (VBP=H ) (ADJP (JJ=H ))) (. ))),1,91219,"0,0847526287"
(ROOT (S=H (NP (NP=H (NP (JJ ) (NNS=H )) (NN ) (NNS=H )) (PP (IN=H ) (NP (NN=H ) (CC ) (NN )))) (VP=H (VBP=H ) (ADJP (JJ=H ))) (. ))),1,91220,"0,0847535578"
(ROOT (S=H (NP (NP=H (NNP ) (NNPS ) (NNP ) (NNP ) (NNS=H )) (PP (VBG=H ) (NP (JJ ) (NN=H )))) (VP=H (VBP=H ) (ADJP (JJ=H ))) (. ))),1,91221,"0,0847544869"
(ROOT (S=H (NP (NP=H (NNP ) (NNPS ) (NNP ) (NNP ) (NNS=H )) (PP (VBG=H ) (NP (NP=H (NNP=H )) (PRN (-LRB- ) (NP=H (NN=H )) (-RRB- ))))) (VP=H (VBP=H ) (ADJP (JJ=H ))) (. ))),1,91222,"0,084755416"
(ROOT (S=H (NP (NP=H (NNP ) (NNPS ) (NNP ) (NNP ) (NNS=H )) (VP (VBG=H ) (NP (NNP ) (NNPS ) (NN=H )))) (VP=H (VBP=H ) (ADJP (JJ=H ))) (. ))),1,91223,"0,0847563451"
(ROOT (S=H (NP (NP=H (NNP ) (NNPS ) (NNP ) (NNP ) (NNS=H )) (PP (VBG=H ) (NP (NP=H (DT ) (JJ ) (NN=H )) (PP (IN=H ) (NP (DT ) (NNP=H )))))) (VP=H (VBP=H ) (ADJP (JJ=H ))) (. ))),1,91224,"0,0847572742"
(ROOT (S=H (NP (NP=H (JJ ) (NNS ) (NN ) (NN=H )) (PP (IN=H ) (NP (NN=H ) (CC ) (NN )))) (VP=H (VBP=H ) (ADJP (JJ=H ))) (. ))),1,91225,"0,0847582034"
(ROOT (S=H (NP (NP=H (JJ ) (NNS ) (NN ) (NN=H )) (PP (IN=H ) (NP (DT ) (NNP ) (NNP=H )))) (VP=H (VBP=H ) (ADJP (JJ=H ))) (. ))),1,91226,"0,0847591325"
(ROOT (S=H (NP (NP=H (JJ ) (NNS ) (NN=H )) (PP (IN=H ) (NP (DT ) (JJ ) (NNP ) (NNP=H )))) (VP=H (VBP=H ) (ADJP (JJ=H ))) (. ))),1,91227,"0,0847600616"
(ROOT (S=H (NP (NP=H (NP (JJ ) (NNS=H )) (NN ) (NNS=H )) (PP (IN=H ) (NP (DT ) (NNP ) (NNP=H )))) (VP=H (VBP=H ) (ADJP (JJ=H ))) (. ))),1,91228,"0,0847609907"
(ROOT (S=H (NP (NP=H (NNP ) (NNPS ) (NNP ) (NNP ) (NNS=H )) (PP (VBG=H ) (NP (NN=H )))) (VP=H (VBP=H ) (ADJP (JJ=H ))) (. ))),1,91229,"0,0847619198"
(ROOT (S=H (NP (NP=H (NNP ) (NNPS ) (NNP ) (NNP ) (NNS=H )) (PP (VBG=H ) (NP (DT ) (NNPS=H )))) (VP=H (VBP=H ) (ADJP (JJ=H ))) (. ))),1,91230,"0,0847628489"
(ROOT (S=H (NP (NP=H (NNP ) (NNPS ) (NNP ) (NNP ) (NNS=H )) (PP (VBG=H ) (NP (DT ) (NNP ) (NNP ) (NNPS=H )))) (VP=H (VBP=H ) (ADJP (JJ=H ))) (. ))),1,91231,"0,084763778"
(ROOT (S=H (NP (NP=H (NNP ) (NNPS ) (NNP ) (NNP ) (NNS=H )) (PP (VBG=H ) (NP (NP=H (DT ) (NNP ) (NNPS=H )) (PP (IN=H ) (NP (NNP=H )))))) (VP=H (VBP=H ) (ADJP (JJ=H ))) (. ))),1,91232,"0,0847647071"
(ROOT (S=H (NP (NP=H (NNP ) (NNPS ) (NNP ) (NNP ) (NNS=H )) (PP (VBG=H ) (NP (NNP ) (NNP ) (NNP=H )))) (VP=H (VBP=H ) (ADJP (JJ=H ))) (. ))),1,91233,"0,0847656363"
(ROOT (S=H (NP (NP=H (NNP ) (NNPS ) (NNP ) (NNP ) (NNS=H )) (PP (VBG=H ) (NP (NNP ) (NNP ) (NNS=H )))) (VP=H (VBP=H ) (ADJP (JJ=H ))) (. ))),1,91234,"0,0847665654"
(ROOT (S=H (NP (NP=H (NNP ) (NNPS ) (NNP ) (NNP ) (NNS=H )) (PP (VBG=H ) (NP (NP=H (NN=H )) (PP (IN=H ) (NP (DT ) (NNP=H )))))) (VP=H (VBP=H ) (ADJP (JJ=H ))) (. ))),1,91235,"0,0847674945"
(ROOT (S=H (NP (NP=H (JJ ) (NNS ) (NN=H )) (VP (VBG=H ) (NP (NP=H (NNS=H )) (PP (IN=H ) (NP (NNP=H )))))) (VP=H (VBP=H ) (ADJP (JJ=H ))) (. ))),1,91236,"0,0847684236"
(ROOT (S=H (NP (NP (NNP=H )) (PRN (-LRB- ) (X=H (SYM=H )) (-RRB- )) (NNS=H )) (VP=H (VBP=H ) (ADJP (JJ=H ))) (. ))),1,91237,"0,0847693527"
"(ROOT (S=H (S (NP (NNS=H ) (CC ) (NNS )) (VP=H (VBN=H ) (PP (IN=H ) (NP (NNP=H ))))) (, ) (NP (NNP=H )) (VP=H (VBP=H ) (ADJP (JJ=H ))) (. )))",1,91238,"0,0847702818"
(ROOT (S=H (NP (NP=H (NNP=H )) (CC ) (NP (DT ) (NNP ) (NN ) (NNS=H ))) (VP=H (VBP=H ) (ADJP (JJ=H ))) (. ))),1,91239,"0,0847712109"
(ROOT (S=H (NP (NP=H (NN=H )) (VP (VBG=H ) (NP (NP=H (NNS=H )) (PP (IN=H ) (NP (NNP=H ) (CC ) (NNP )))))) (VP=H (VBP=H ) (ADJP (JJ=H ))) (. ))),1,91240,"0,08477214"
(ROOT (S=H (NP (NP=H (NNP=H )) (PP (IN=H ) (NP (NP=H (DT ) (NNP ) (NNS=H )) (PP (IN=H ) (NP (NNS=H )))))) (VP=H (VBP=H ) (ADJP (JJ=H ))) (. ))),1,91241,"0,0847730691"
(ROOT (S=H (NP (NP=H (NP=H (NNP=H )) (CC ) (NP (NP=H (JJ ) (NNS=H )) (PP (IN=H ) (NP (DT ) (NNP ) (NNPS=H ))))) (PRN (-LRB- ) (NP=H (NN=H )) (-RRB- ))) (VP=H (VBP=H ) (ADJP (JJ=H ))) (. ))),1,91242,"0,0847739983"
(ROOT (S=H (S=H (NP (NNP=H )) (VP=H (VBD=H ) (S (NP=H (NNS=H )) (NP (NNP ) (NNP=H ))))) (: ) (S (NP (DT ) (NNP ) (NN=H )) (VP=H (VBP=H ) (ADJP (JJ=H )))) (. ))),1,91243,"0,0847749274"
(ROOT (S=H (S=H (NP (NNP=H )) (VP=H (VBD=H ) (S (NP=H (NNS=H )) (NP (NNP ) (NNP=H ))))) (: ) (S (NP (NP=H (DT ) (NN ) (NN=H )) (ADJP (JJ ) (JJ=H ))) (VP=H (VBP=H ) (ADJP (JJ=H )))) (. ))),1,91244,"0,0847758565"
(ROOT (S=H (NP (NP (DT ) (NNP ) (NNP=H )) (PRN (-LRB- ) (NP=H (NP=H (CD=H )) (: ) (NP (CD=H ))) (-RRB- )) (NNS=H )) (VP=H (VBP=H ) (ADJP (JJ=H ))) (. ))),1,91245,"0,0847767856"
(ROOT (S=H (S=H (NP (NNP ) (NNP=H )) (VP=H (VBZ=H ) (PP (IN=H ) (NP (NN=H ))))) (: ) (S (NP (JJ ) (NNS=H )) (VP=H (VBP=H ) (ADJP (JJ=H )))) (. ))),1,91246,"0,0847777147"
(ROOT (S=H (ADVP (RB=H )) (NP (PRP=H )) (VP=H (VBD=H ) (SBAR (S=H (NP (NNS=H )) (VP=H (VBP=H ) (ADJP (JJ=H )))))) (. ))),1,91247,"0,0847786438"
(ROOT (S=H (NP (NP=H (NNP=H )) (VP (VBG=H ) (NP (NP=H (NNS=H )) (PP (IN=H ) (NP (NNP ) (NNP=H ) (CC ) (NNP )))))) (VP=H (VBP=H ) (ADJP (JJ=H ))) (. ))),1,91248,"0,0847795729"
(ROOT (S=H (ADVP (RB=H )) (NP (NP=H (DT ) (NN=H )) (VP (VBG=H ) (NP (NNS=H )))) (VP=H (VBP=H ) (ADJP (JJ=H ))) (. ))),1,91249,"0,084780502"
(ROOT (S=H (NP (NNP ) (NNP=H )) (VP=H (VBD=H ) (SBAR (S=H (NP (VBN ) (NNS=H )) (VP=H (VBP=H ) (ADJP (JJ=H )))))) (. ))),1,91250,"0,0847814311"
(ROOT (S=H (NP (NP=H (JJ ) (NN ) (NN=H )) (PP (IN=H ) (NP (JJS ) (NNP ) (NNP ) (NNS=H )))) (VP=H (VBP=H ) (ADJP (JJ=H ))) (. ))),1,91251,"0,0847823603"
(ROOT (S=H (NP (NP=H (NNP ) (NN=H )) (CC ) (NP (JJ ) (NNS ) (NNS=H ))) (VP=H (VBP=H ) (ADJP (JJ=H ))) (. ))),1,91252,"0,0847832894"
(ROOT (S=H (NP (NP=H (JJ ) (NNS ) (NN ) (NN=H )) (PP (IN=H ) (NP (DT ) (JJ ) (NNP ) (NNP=H )))) (VP=H (VBP=H ) (ADJP (JJ=H ))) (. ))),1,91253,"0,0847842185"
(ROOT (S=H (NP (NP (NNP ) (CC ) (NN ) (NN ) (NNS ) (POS=H )) (NNS=H )) (VP=H (VBP=H ) (ADJP (JJ=H ))) (. ))),1,91254,"0,0847851476"
(ROOT (S=H (NP (UCP (ADJP=H (JJ=H )) (CC ) (NP (NNP ) (NNP=H ))) (NN=H )) (VP=H (VBP=H ) (ADJP (JJ=H ))) (. ))),1,91255,"0,0847860767"
(ROOT (NP=H (NP=H (NNS=H )) (PP (IN=H ) (NP (NP=H (DT ) (NN=H )) (PP (IN=H ) (NP (NNP=H ))) (SBAR (WHNP=H (WP=H )) (S (VP=H (VBP=H ) (ADJP (JJ=H ))))))) (. ))),1,91256,"0,0847870058"
(ROOT (S=H (NP (NN=H )) (PP (IN=H ) (NP (NNS=H ))) (VP=H (VBP=H ) (ADJP (JJ=H ))) (. ))),1,91257,"0,0847879349"
(ROOT (S=H (NP (ADJP (NNP=H ) (CC ) (NNP )) (JJ ) (NN=H )) (VP=H (VBP=H ) (ADJP (JJ=H ))) (. ))),1,91258,"0,084788864"
(ROOT (S=H (NP (NP=H (NNP=H )) (CC ) (NP (NP=H (NN ) (NN ) (NN ) (NNS=H )) (PP (IN=H ) (NP (NP=H (DT ) (NNP=H )) (PP (IN=H ) (NP (NNP=H ))))))) (VP=H (VBP=H ) (ADJP (JJ=H ))) (. ))),1,91259,"0,0847897932"
(ROOT (S=H (VP=H (VB=H ) (SBAR (WHNP=H (WP=H )) (S (NP (NNS ) (NNS=H )) (VP=H (VBP=H ) (ADJP (JJ=H )))))) (. ))),1,91260,"0,0847907223"
(ROOT (S=H (NP (NNP ) (NN=H )) (VP=H (VBD=H ) (SBAR (S=H (NP (JJ ) (NNS=H )) (VP=H (VBP=H ) (ADJP (JJ=H )))))) (. ))),1,91261,"0,0847916514"
(ROOT (S=H (NP (NP=H (NNP=H )) (PP (TO=H ) (NP (DT ) (NNP ) (NNP ) (NNPS=H )))) (VP=H (VBP=H ) (ADJP (JJ=H ))) (. ))),1,91262,"0,0847925805"
(ROOT (S=H (NP (NP=H (JJ ) (NN ) (NN=H )) (CC ) (NP (NP=H (NNS=H )) (PP (IN=H ) (NP (JJ ) (NN=H ))))) (VP=H (VBP=H ) (ADJP (JJ=H ))) (. ))),1,91263,"0,0847935096"
(ROOT (S=H (NP (NP=H (NNP=H )) (PP (IN=H ) (NP (NP=H (DT ) (NNP ) (NNP=H )) (PP (IN=H ) (NP (DT ) (NNPS=H )))))) (VP=H (VBP=H ) (ADJP (JJ=H ))) (. ))),1,91264,"0,0847944387"
(ROOT (NP=H (NP=H (NNP=H )) (: ) (S (NP (NNP ) (NNP=H )) (VP=H (VBG=H ) (SBAR (S=H (NP (NNS=H )) (VP=H (VBP=H ) (ADJP (JJ=H ))))))) (. ))),1,91265,"0,0847953678"
(ROOT (S=H (NP (NAC (NNS=H )) (NN=H )) (VP=H (VBP=H ) (ADJP (JJ=H ))) (. ))),1,91266,"0,0847962969"
(ROOT (S=H (NP (NP=H (NNP=H )) (SBAR (WHNP=H (WP=H ) (NNS )) (S (VP=H (VBG=H ) (NP (NN ) (NN=H )))))) (VP=H (VBP=H ) (ADJP (JJ=H ))) (. ))),1,91267,"0,084797226"
(ROOT (S=H (S (ADVP (RB=H )) (VP=H (TO=H ) (VP (VB=H )))) (VP=H (VBP=H ) (ADJP (JJ=H ))) (. ))),1,91268,"0,0847981552"
(ROOT (NP=H (NP=H (JJ ) (NN ) (NNS=H )) (: ) (S (NP (NNP ) (NNP=H )) (VP=H (VBP=H ) (ADJP (JJ=H )))) (. ))),1,91269,"0,0847990843"
(ROOT (S=H (NP (DT ) (NN=H )) (PP (IN=H ) (NP (NNS=H ))) (VP=H (VBP=H ) (ADJP (JJ=H ))) (. ))),1,91270,"0,0848000134"
(ROOT (S=H (PP (IN=H ) (NP (NNP=H ))) (NP (NN=H )) (VP=H (VBP=H ) (ADJP (JJ=H ))) (. ))),1,91271,"0,0848009425"
(ROOT (S=H (NP (NP=H (NNP ) (NNPS ) (CC ) (NNP ) (NNS=H )) (PP (IN=H ) (NP (NNP ) (CC ) (NNP ) (NNP=H )))) (VP=H (VBP=H ) (ADJP (JJ=H ))) (. ))),1,91272,"0,0848018716"
(ROOT (S=H (NP (NP=H (NNP ) (NNPS ) (CC ) (NNP ) (NNS=H )) (PP (IN=H ) (NP (JJ ) (CC ) (JJ ) (NN=H )))) (VP=H (VBP=H ) (ADJP (JJ=H ))) (. ))),1,91273,"0,0848028007"
"(ROOT (S=H (NP (NP=H (NNP ) (, ) (NNP ) (NNP ) (CC ) (NNP ) (NNP=H )) (NP (JJ ) (NN ) (NN ) (NN ) (NNS=H ))) (VP=H (VBP=H ) (ADJP (JJ=H ))) (. )))",1,91274,"0,0848037298"
"(ROOT (S=H (NP (NP=H (NP=H (NNP ) (, ) (NNP ) (NNP ) (CC ) (NNP ) (NNP=H )) (NP (JJ ) (NN ) (NNS=H ))) (VP (VBG=H ) (NP (NN=H )))) (VP=H (VBP=H ) (ADJP (JJ=H ))) (. )))",1,91275,"0,0848046589"
"(ROOT (S=H (NP (NP=H (NP=H (NNP ) (, ) (NNP ) (NNP ) (CC ) (NNP ) (NNP=H )) (NP (JJ ) (NN ) (NNS=H ))) (VP (VBG=H ) (NP (NN=H )) (PP (TO=H ) (NP (JJ ) (NNS=H ))))) (VP=H (VBP=H ) (ADJP (JJ=H ))) (. )))",1,91276,"0,084805588"
"(ROOT (S=H (NP (NP=H (NNP ) (, ) (NNP ) (NNP ) (CC ) (NNP ) (NNP=H )) (NP (JJ ) (NN ) (NN ) (NN=H ))) (VP=H (VBP=H ) (ADJP (JJ=H ))) (. )))",1,91277,"0,0848065172"
"(ROOT (S=H (S (VP=H (VBG=H ) (PP (IN=H ) (NP (NNS=H ))))) (, ) (NP (NP=H (NNS=H )) (CC ) (NP (JJ ) (NNS=H ))) (VP=H (VBP=H ) (ADJP (JJ=H ))) (. )))",1,91278,"0,0848074463"
(ROOT (S=H (ADVP (RB=H )) (NP (NNP=H )) (VP=H (VBP=H ) (SBAR (S=H (NP (NNS=H )) (VP=H (VBP=H ) (ADJP (JJ=H )))))) (. ))),1,91279,"0,0848083754"
(ROOT (S=H (NP (NP=H (NNP ) (NNP=H )) (PP (IN=H ) (NP (DT ) (NNP ) (NNP=H )))) (VP=H (VBP=H ) (SBAR (S=H (NP (NNS=H )) (VP=H (VBP=H ) (ADJP (JJ=H )))))) (. ))),1,91280,"0,0848093045"
(ROOT (S=H (NP (NP=H (NNP ) (NNP=H )) (PP (IN=H ) (NP (DT ) (NNP ) (NNP ) (NN ) (NNS=H )))) (VP=H (VBP=H ) (ADJP (JJ=H ))) (. ))),1,91281,"0,0848102336"
(ROOT (S=H (NP (NNP ) (NNP=H )) (VP=H (VBP=H ) (SBAR (S=H (NP (NNP=H )) (VP=H (VBP=H ) (SBAR (S=H (NP (NNS=H )) (VP=H (VBP=H ) (ADJP (JJ=H ))))))))) (. ))),1,91282,"0,0848111627"
(ROOT (S=H (NP (NNP=H )) (VP=H (VBD=H ) (SBAR (S=H (NP (NP=H (NNP ) (NNP ) (NNP ) (NNP ) (NN ) (NNS=H )) (ADJP (JJ ) (JJ=H ))) (VP=H (VBP=H ) (ADJP (JJ=H )))))) (. ))),1,91283,"0,0848120918"
"(ROOT (S=H (NP (NP=H (NNP ) (NNP=H )) (, ) (NP (NP=H (NNP ) (NNP ) (NNS=H )) (PP (IN=H ) (NP (NN=H ))))) (VP=H (VBP=H ) (ADJP (JJ=H ))) (. )))",1,91284,"0,0848130209"
(ROOT (S=H (NP (NP=H (CD ) (NNP ) (NNP ) (NNP=H )) (PP (IN=H ) (NP (DT ) (NNP ) (NNPS ) (NN ) (NN=H )))) (VP=H (VBP=H ) (ADJP (JJ=H ))) (. ))),1,91285,"0,0848139501"
(ROOT (S=H (NP (PRP=H )) (NP (NNP ) (NNP ) (NNPS ) (NNP=H )) (VP=H (VBP=H ) (ADJP (JJ=H ))) (. ))),1,91286,"0,0848148792"
(ROOT (S=H (NP (PRP=H )) (NP (NNP ) (NNP ) (NNPS=H )) (VP=H (VBP=H ) (SBAR (S=H (NP (NNS=H )) (VP=H (VBP=H ) (ADJP (JJ=H )))))) (. ))),1,91287,"0,0848158083"
(ROOT (S=H (NP (NP=H (NNP=H )) (PP (IN=H ) (NP (NP=H (JJ ) (NN=H )) (PP (IN=H ) (NP (NP=H (DT ) (NNP ) (NNP=H )) (PP (IN=H ) (NP (NNP ) (NNPS=H )))))))) (VP=H (VBP=H ) (ADJP (JJ=H ))) (. ))),1,91288,"0,0848167374"
"(ROOT (S=H (NP (NP=H (NNP=H )) (PP (IN=H ) (NP (NP=H (NNP ) (NNP=H )) (, ) (NP (NNP ) (NNPS ) (NNP=H ))))) (VP=H (VBP=H ) (ADJP (JJ=H ))) (. )))",1,91289,"0,0848176665"
(ROOT (S=H (NP (JJ ) (JJ ) (CC ) (NN ) (NNS=H )) (VP=H (VBP=H ) (ADJP (JJ=H ))) (. ))),1,91290,"0,0848185956"
(ROOT (S=H (S (VP=H (VBN=H ) (PP (IN=H )))) (VP=H (VBP=H ) (ADJP (JJ=H ))) (. ))),1,91291,"0,0848195247"
(ROOT (S=H (NP (NP=H (NNP ) (NNP=H )) (PP (IN=H ) (NP (NP=H (DT ) (JJ ) (NN=H )) (PP (VBG=H ) (NP (DT ) (NNP ) (NNPS=H )))))) (VP=H (VBP=H ) (ADJP (JJ=H ))) (. ))),1,91292,"0,0848204538"
(ROOT (S=H (NP (NP=H (NNP=H ) (CD )) (VP (VBG=H ) (NP (JJ ) (NN ) (NNS=H )))) (VP=H (VBP=H ) (ADJP (JJ=H ))) (. ))),1,91293,"0,0848213829"
(ROOT (FRAG=H (NP (NNP=H )) (: ) (S=H (NP (NP=H (DT ) (NNP=H )) (PP (IN=H ) (NP (DT ) (NNP ) (NN=H )))) (VP=H (VBP=H ) (ADJP (JJ=H )))) (. ))),1,91294,"0,0848223121"
(ROOT (S=H (NP (JJ ) (ADJP (JJ ) (NN=H )) (NNS=H )) (VP=H (VBP=H ) (ADJP (JJ=H ))) (. ))),1,91295,"0,0848232412"
(ROOT (S=H (NP (DT ) (NNP ) (CC ) (NNP ) (NNP ) (NN=H )) (NP (NNS=H )) (VP=H (VBP=H ) (ADJP (JJ=H ))) (. ))),1,91296,"0,0848241703"
(ROOT (S=H (NP (NP=H (NNP ) (NNPS ) (NNP ) (NNP=H )) (PP (IN=H ) (NP (NNP ) (CC ) (NNP ) (NNP ) (NNS=H )))) (VP=H (VBP=H ) (ADJP (JJ=H ))) (. ))),1,91297,"0,0848250994"
(ROOT (S=H (NP (NP=H (NNP=H )) (PP (IN=H ) (NP (NP=H (DT ) (NNP=H )) (PP (IN=H ) (NP (NP=H (NNP=H )) (PP (IN=H ) (NP (DT ) (NNP ) (NNP ) (NNS=H )))))))) (VP=H (VBP=H ) (ADJP (JJ=H ))) (. ))),1,91298,"0,0848260285"
(ROOT (S=H (NP (NN=H )) (VP=H (VBZ=H ) (SBAR (S=H (NP (NNP ) (NNS=H )) (VP=H (VBP=H ) (ADJP (JJ=H )))))) (. ))),1,91299,"0,0848269576"
"(ROOT (S=H (S (NP=H (NNP ) (POS=H ))) (, ) (NP (NNP=H )) (VP=H (VBP=H ) (ADJP (JJ=H ))) (. )))",1,91300,"0,0848278867"
(ROOT (S=H (NP (NP=H (NNP ) (NNP ) (NNP=H )) (VP (VBN=H ) (NP (NP=H (NNS=H )) (PP (IN=H ) (NP (DT ) (NNP ) (NNPS=H )))))) (VP=H (VBP=H ) (ADJP (JJ=H ))) (. ))),1,91301,"0,0848288158"
"(ROOT (S=H (NP (NNS ) (, ) (NNP ) (CC ) (NNP ) (NNS=H )) (VP=H (VBP=H ) (ADJP (JJ=H ))) (. )))",1,91302,"0,0848297449"
(ROOT (S=H (NP (NP=H (NN=H )) (VP (VBG=H ) (NP (NP=H (NNS=H )) (PP (IN=H ) (NP (NP=H (NNP=H )) (PRN (-LRB- ) (NP=H (NN=H )) (-RRB- ))))))) (VP=H (VBP=H ) (ADJP (JJ=H ))) (. ))),1,91303,"0,0848306741"
(ROOT (S=H (NP (NP=H (NNP=H )) (PP (IN=H ) (NP (ADJP (NNP=H )) (PRN (-LRB- ) (NP=H (NNP=H )) (-RRB- )) (NNS=H )))) (VP=H (VBP=H ) (ADJP (JJ=H ))) (. ))),1,91304,"0,0848316032"
(ROOT (S=H (NP (NP=H (JJ ) (NN ) (CC ) (JJ ) (NNS=H )) (NP (NN ) (NNS=H ))) (VP=H (VBP=H ) (ADJP (JJ=H ))) (. ))),1,91305,"0,0848325323"
(ROOT (S=H (NP (NNP ) (NNP ) (NNP ) (NNS ) (NN=H )) (VP=H (VBP=H ) (SBAR (S=H (NP (NNS=H )) (VP=H (VBP=H ) (ADJP (JJ=H )))))) (. ))),1,91306,"0,0848334614"
(ROOT (S=H (NP (ADJP (NNP ) (JJ=H )) (NN=H )) (VP=H (VBP=H ) (SBAR (S=H (NP (NN ) (NNS=H )) (VP=H (VBP=H ) (ADJP (JJ=H )))))) (. ))),1,91307,"0,0848343905"
(ROOT (S=H (NP (NP=H (NNP ) (NNPS ) (NNP=H )) (NP (CD ) (JJ ) (NNS=H ))) (VP=H (VBP=H ) (ADJP (JJ=H ))) (. ))),1,91308,"0,0848353196"
(ROOT (S=H (NP (NP=H (NP=H (NNP ) (NNPS ) (NNP=H )) (NP (CD ) (JJ ) (NNS=H ))) (VP (VBN=H ) (PP (IN=H ) (NP (NNP ) (NNP ) (NNP ) (NNP=H ))))) (VP=H (VBP=H ) (ADJP (JJ=H ))) (. ))),1,91309,"0,0848362487"
(ROOT (FRAG=H (NP (NNP ) (NNP ) (NNP ) (NNP=H )) (: ) (S=H (NP (DT ) (NNP ) (NNP=H )) (VP=H (VBP=H ) (ADJP (JJ=H )))) (. ))),1,91310,"0,0848371778"
(ROOT (FRAG=H (NP (NNP ) (NNP ) (NNP ) (NNP=H )) (: ) (S=H (NP (DT ) (NNP ) (NNP=H )) (ADVP (RB=H )) (VP=H (VBP=H ) (ADJP (JJ=H )))) (. ))),1,91311,"0,084838107"
(ROOT (FRAG=H (NP (NNP ) (NNP ) (NNP ) (NNP=H )) (: ) (S=H (NP (NP=H (NNP=H )) (PP (IN=H ) (NP (DT ) (NNPS=H )))) (VP=H (VBP=H ) (ADJP (JJ=H )))) (. ))),1,91312,"0,0848390361"
(ROOT (S=H (ADVP (RB=H )) (NP (NNS ) (NNS=H )) (VP=H (VBP=H ) (ADJP (JJ=H ))) (. ))),1,91313,"0,0848399652"
(ROOT (S=H (NP (NP=H (NNP=H )) (SBAR (WHNP=H (WDT=H )) (S (VP=H (VBP=H ) (NP (NP=H (NNS=H )) (PP (IN=H ) (NP (NN=H )))))))) (VP=H (VBP=H ) (ADJP (JJ=H ))) (. ))),1,91314,"0,0848408943"
(ROOT (S=H (NP (PRP=H )) (VP=H (VBD=H ) (SBAR (S=H (NP (NP=H (DT ) (NNP=H )) (PP (IN=H ) (NP (NN ) (NNS=H )))) (VP=H (VBP=H ) (ADJP (JJ=H )))))) (. ))),1,91315,"0,0848418234"
(ROOT (S=H (NP (NP=H (NN=H )) (PP (IN=H ) (NP (NP (NNS ) (POS=H )) (NN ) (NN=H )))) (VP=H (VBP=H ) (ADJP (JJ=H ))) (. ))),1,91316,"0,0848427525"
(ROOT (S=H (NP (NP=H (NNP=H )) (PP (IN=H ) (NP (NP (DT ) (NNP ) (NNP ) (POS=H )) (JJ ) (NNS=H )))) (VP=H (VBP=H ) (ADJP (JJ=H ))) (. ))),1,91317,"0,0848436816"
(ROOT (S=H (PP (IN=H ) (NP (NN=H ) (CC ) (NN ))) (NP (NNS=H )) (VP=H (VBP=H ) (ADJP (JJ=H ))) (. ))),1,91318,"0,0848446107"
(ROOT (S=H (NP (NP=H (NNP=H )) (NP (DT ) (NNP ) (NNPS ) (NNP=H ))) (VP=H (VBP=H ) (ADJP (JJ=H ))) (. ))),1,91319,"0,0848455398"
(ROOT (S=H (NP (PRP=H )) (VP=H (VBD=H ) (NP (NP=H (NNP ) (NNP=H )) (SBAR (S=H (NP (NNS=H )) (VP=H (VBP=H ) (ADJP (JJ=H ))))))) (. ))),1,91320,"0,084846469"
(ROOT (S=H (NP (NP=H (NP (JJ ) (JJ ) (NNS ) (POS=H )) (NNP=H )) (PP (IN=H ) (NP (NNP=H )))) (VP=H (VBP=H ) (ADJP (JJ=H ))) (. ))),1,91321,"0,0848473981"
(ROOT (S=H (NP (NP=H (NP (JJ ) (JJ ) (NNS ) (POS=H )) (NNP=H )) (PP (IN=H ) (NP (NNP ) (NNS=H )))) (VP=H (VBP=H ) (ADJP (JJ=H ))) (. ))),1,91322,"0,0848483272"
(ROOT (S=H (NP (NNP ) (NNP=H )) (VP=H (VBZ=H ) (PP (IN=H ) (NP (NP=H (DT ) (NN=H )) (SBAR (S=H (NP (DT ) (NNS=H )) (VP=H (VBP=H ) (ADJP (JJ=H )))))))) (. ))),1,91323,"0,0848492563"
(ROOT (S=H (NP (NP=H (NP=H (NNP ) (NNP=H )) (NP (JJ ) (NN ) (NNS=H ))) (NP (CD ) (: ) (CD=H ))) (VP=H (VBP=H ) (ADJP (JJ=H ))) (. ))),1,91324,"0,0848501854"
(ROOT (S=H (NP (NP=H (NNP ) (NNPS ) (NNP ) (NNP ) (NNS=H )) (PP (IN=H ) (NP (NNP ) (NNP ) (NNP=H )))) (VP=H (VBP=H ) (ADJP (JJ=H ))) (. ))),1,91325,"0,0848511145"
(ROOT (S=H (NP (NP (NNP ) (NNP ) (NNP ) (NNS ) (POS=H )) (JJ ) (JJ ) (NNS=H )) (VP=H (VBP=H ) (ADJP (JJ=H ))) (. ))),1,91326,"0,0848520436"
(ROOT (S=H (NP (NP=H (NNP ) (NNPS ) (NNP ) (NNP ) (NNS=H )) (PP (VBG=H ) (NP (NP=H (NNS=H )) (CC ) (NP (JJ ) (NN=H ))))) (VP=H (VBP=H ) (ADJP (JJ=H ))) (. ))),1,91327,"0,0848529727"
(ROOT (S=H (NP (NNP ) (NNPS ) (NNP ) (NNP ) (NNS=H )) (PP (IN=H ) (NP (NNP ) (NNP ) (NNP=H ))) (VP=H (VBP=H ) (ADJP (JJ=H ))) (. ))),1,91328,"0,0848539019"
"(ROOT (S=H (NP-TMP (NP=H (CD ) (NNS=H )) (NP (NN=H ) (CD ))) (, ) (NP (NNP=H )) (VP=H (VBP=H ) (ADJP (JJ=H ))) (. )))",1,91329,"0,084854831"
(ROOT (S=H (NP (NP=H (NNP=H )) (CC ) (NP (NP=H (DT ) (NNPS=H )) (PP (IN=H ) (NP (NN ) (NNS=H ))))) (VP=H (VBP=H ) (ADJP (JJ=H ))) (. ))),1,91330,"0,0848557601"
(ROOT (S=H (NP (NP=H (NNP ) (NNPS ) (NNP ) (NNP ) (NNS=H )) (PP (VBG=H ) (NP (NP=H (DT ) (NN=H )) (PP (IN=H ) (NP (NP=H (NNS=H )) (PP (IN=H ) (NP (JJ ) (NN=H )))))))) (VP=H (VBP=H ) (ADJP (JJ=H ))) (. ))),1,91331,"0,0848566892"
(ROOT (S=H (NP (NP=H (NNP=H )) (PP (IN=H ) (NP (NP=H (NNP ) (NNP ) (NNPS=H )) (PP (IN=H ) (NP (NNP=H )))))) (VP=H (VBP=H ) (ADJP (JJ=H ))) (. ))),1,91332,"0,0848576183"
(ROOT (S=H (NP (NP=H (NP=H (NNP=H )) (PP (IN=H ) (NP (NP=H (JJ ) (NN=H )) (PP (IN=H ) (NP (NP=H (DT ) (NNP ) (NNP=H )) (PP (IN=H ) (NP (NP=H (NNP ) (NNPS=H )) (PP (IN=H ) (NP (NNP=H )))))))))) (PRN (-LRB- ) (NNP ) (NN=H ) (-RRB- ))) (VP=H (VBP=H ) (ADJP (JJ=H ))) (. ))),1,91333,"0,0848585474"
(ROOT (S=H (NP (NP=H (NNP=H )) (PP (IN=H ) (NP (NP=H (JJ ) (NN=H )) (PP (IN=H ) (NP (NP=H (DT ) (NNP ) (NNP=H )) (PP (IN=H ) (NP (NP=H (NNP ) (NNPS=H )) (PP (IN=H ) (NP (DT ) (NNP ) (NNPS ) (NNP ) (NNP=H )))))))))) (VP=H (VBP=H ) (ADJP (JJ=H ))) (. ))),1,91334,"0,0848594765"
(ROOT (S=H (NP (NP=H (NNP ) (NNP=H )) (VP (VBG=H ) (NP (JJ ) (NN ) (NNS=H )))) (VP=H (VBP=H ) (ADJP (JJ=H ))) (. ))),1,91335,"0,0848604056"
(ROOT (S=H (NP (NP=H (NNP ) (NNP ) (. ) (NNP=H )) (CC ) (NP (NP=H (NNP ) (NNP ) (NNS=H )) (PP (IN=H ) (NP (JJ ) (NNP ) (NNS=H ))))) (VP=H (VBP=H ) (ADJP (JJ=H ))) (. ))),1,91336,"0,0848613347"
(ROOT (S=H (NP (NP=H (NNP=H )) (PP (IN=H ) (NP (NP=H (NNP ) (NNP=H )) (PP (IN=H ) (NP (DT ) (NNP ) (NNS=H )))))) (VP=H (VBP=H ) (ADJP (JJ=H ))) (. ))),1,91337,"0,0848622639"
(ROOT (S=H (NP (NP=H (JJ ) (NN ) (NN ) (CC ) (NN ) (NNS=H )) (PP (IN=H ) (NP (DT ) (NNP ) (NNPS=H )))) (VP=H (VBP=H ) (ADJP (JJ=H ))) (. ))),1,91338,"0,084863193"
(ROOT (FRAG=H (NP (NN ) (NN=H )) (: ) (S=H (NP (NNS=H )) (VP=H (VBP=H ) (ADJP (JJ=H )))) (. ))),1,91339,"0,0848641221"
(ROOT (S=H (NP (NP=H (NNP ) (NNP=H )) (PP (IN=H ) (NP (JJ ) (NNS ) (CC ) (NNS ) (NNS=H )))) (VP=H (VBP=H ) (ADJP (JJ=H ))) (. ))),1,91340,"0,0848650512"
"(ROOT (S=H (NP (NNP ) (NNP ) (NNP ) (, ) (NNP ) (NNPS ) (NN=H )) (VP=H (VBP=H ) (ADJP (JJ=H ))) (. )))",1,91341,"0,0848659803"
(ROOT (S=H (NP (NP=H (NNP=H )) (PP (IN=H ) (NP (NP=H (NNP=H )) (: ) (NP (NP=H (NNP=H )) (PP (IN=H ) (NP (NN ) (NNS=H ))))))) (VP=H (VBP=H ) (ADJP (JJ=H ))) (. ))),1,91342,"0,0848669094"
"(ROOT (S=H (PP (ADVP (RB=H )) (IN=H ) (NP (NNP ) (NNP=H ))) (, ) (NP (JJR ) (NN=H )) (VP=H (VBP=H ) (ADJP (JJ=H ))) (. )))",1,91343,"0,0848678385"
(ROOT (S=H (NP (NP=H (NNP ) (NNPS ) (CC ) (NNP ) (NNP=H )) (NP (NNS=H ))) (VP=H (VBP=H ) (ADJP (JJ=H ))) (. ))),1,91344,"0,0848687676"
(ROOT (S=H (NP (NNP ) (NN ) (CC ) (NNS ) (NNS=H )) (VP=H (VBP=H ) (ADJP (JJ=H ))) (. ))),1,91345,"0,0848696967"
(ROOT (S=H (NP (NP=H (NNP=H )) (PP (IN=H ) (NP (NP=H (NN=H )) (PP (IN=H ) (NP (JJ ) (NNS=H )))))) (VP=H (VBP=H ) (ADJP (JJ=H ))) (. ))),1,91346,"0,0848706259"
(ROOT (S=H (NP (NP=H (NN=H )) (PP (IN=H ) (NP (NP=H (NN=H )) (PP (IN=H ) (NP (DT ) (NNPS=H )))))) (VP=H (VBP=H ) (ADJP (JJ=H ))) (. ))),1,91347,"0,084871555"
(ROOT (S=H (NP (NP (CD ) (NNPS=H )) (PRN (-LRB- ) (NP=H (NNP=H )) (-RRB- )) (NNS=H )) (VP=H (VBP=H ) (ADJP (JJ=H ))) (. ))),1,91348,"0,0848724841"
(ROOT (S=H (NP (NP=H (NNP=H )) (VP (VBN=H ) (PP (IN=H ) (NP (VBG ) (NNS=H ))))) (VP=H (VBP=H ) (ADJP (JJ=H ))) (. ))),1,91349,"0,0848734132"
(ROOT (S=H (NP (NP=H (NNP=H )) (PP (IN=H ) (NP (NP=H (JJ ) (NN=H )) (PP (IN=H ) (NP (NP=H (DT ) (NNP ) (NNP=H )) (PP (IN=H ) (NP (NP=H (NNP ) (NNPS=H )) (PP (IN=H ) (NP (NNP ) (NNP ) (NNP=H )))))))))) (VP=H (VBP=H ) (ADJP (JJ=H ))) (. ))),1,91350,"0,0848743423"
(ROOT (S=H (NP (NP=H (NNP=H )) (PP (IN=H ) (NP (NP=H (DT ) (NNP ) (NNP=H )) (PP (IN=H ) (NP (NP=H (NNP ) (NNPS=H )) (PP (IN=H ) (NP (NNP ) (NNP ) (NNP=H )))))))) (VP=H (VBP=H ) (ADJP (JJ=H ))) (. ))),1,91351,"0,0848752714"
(ROOT (S=H (NP (NP=H (NNP=H )) (PP (IN=H ) (NP (NP=H (NNP ) (NNP=H )) (PP (IN=H ) (NP (NNP ) (CC ) (NNP ) (NNPS=H )))))) (VP=H (VBP=H ) (ADJP (JJ=H ))) (. ))),1,91352,"0,0848762005"
(ROOT (S=H (NP (JJ ) (NNS ) (NNS=H )) (ADVP (RB=H )) (VP=H (VBP=H ) (ADJP (JJ=H ))) (. ))),1,91353,"0,0848771296"
(ROOT (S=H (NP (NP=H (NNP=H )) (PP (IN=H ) (NP (NP=H (DT ) (NNP ) (NNP=H )) (PP (IN=H ) (NP (NP=H (DT ) (NNP ) (NNP=H )) (PP (IN=H ) (NP (DT ) (JJ ) (NNP ) (NN ) (NNS=H )))))))) (VP=H (VBP=H ) (ADJP (JJ=H ))) (. ))),1,91354,"0,0848780588"
"(ROOT (S=H (PP (IN=H ) (NP (JJ ) (NN ) (NNS=H ))) (, ) (NP (NNP=H )) (VP=H (VBP=H ) (ADJP (JJ=H ))) (. )))",1,91355,"0,0848789879"
(ROOT (S=H (NP (NP=H (NNP=H )) (CC ) (NP (NP=H (NNS=H )) (PP (IN=H ) (NP (NNP ) (NN=H ))))) (VP=H (VBP=H ) (ADJP (JJ=H ))) (. ))),1,91356,"0,084879917"
(ROOT (S=H (NP (NP=H (NNP ) (NNP=H )) (PP (IN=H ) (NP (NP=H (NNPS=H ) (CC ) (NNPS )) (NP (NNS=H ))))) (VP=H (VBP=H ) (ADJP (JJ=H ))) (. ))),1,91357,"0,0848808461"
(ROOT (S=H (NP (NP=H (NNP=H )) (PP (IN=H ) (NP (NP=H (NNS=H )) (PP (IN=H ) (NP (DT ) (NNP ) (NNS=H )))))) (VP=H (VBP=H ) (ADJP (JJ=H ))) (. ))),1,91358,"0,0848817752"
(ROOT (S=H (NP (NP=H (NNP ) (CC ) (NNP ) (NNP=H )) (PP (IN=H ) (NP (DT ) (NN ) (NNS=H )))) (VP=H (VBP=H ) (ADJP (JJ=H ))) (. ))),1,91359,"0,0848827043"
"(ROOT (S=H (S (NP (NNP=H )) (VP=H (VBZ=H ) (PP (IN=H ) (NP (DT ) (NNP=H ))))) (, ) (NP (NNP ) (NNP=H )) (VP=H (VBP=H ) (ADJP (JJ=H ))) (. )))",1,91360,"0,0848836334"
"(ROOT (S=H (NP-TMP (NP=H (NNS=H )) (NP (NN=H ) (CD ))) (, ) (NP (NNP=H )) (VP=H (VBP=H ) (ADJP (JJ=H ))) (. )))",1,91361,"0,0848845625"
"(ROOT (S=H (S (NP (NP (NNP ) (POS=H )) (NNP ) (NN=H )) (VP=H (VBZ=H ))) (, ) (NP (NNP=H )) (VP=H (VBP=H ) (ADJP (JJ=H ))) (. )))",1,91362,"0,0848854916"
(ROOT (S=H (NP (NP (DT ) (NNP ) (POS=H )) (NNS ) (NNS=H )) (VP=H (VBP=H ) (ADJP (JJ=H ))) (. ))),1,91363,"0,0848864208"
(ROOT (S=H (NP (NP (NNS ) (POS=H )) (NNP ) (NNP ) (PRN (-LRB- ) (NP=H (NNP ) (NNP=H )) (-RRB- )) (NNP=H )) (VP=H (VBP=H ) (ADJP (JJ=H ))) (. ))),1,91364,"0,0848873499"
(ROOT (S=H (NP (NP=H (NN=H )) (PP (IN=H ) (NP (NP=H (DT ) (JJ ) (NNS=H )) (PP (IN=H ) (NP (DT ) (NNP ) (CD ) (NNS=H )))))) (VP=H (VBP=H ) (ADJP (JJ=H ))) (. ))),1,91365,"0,084888279"
(ROOT (S=H (NP (NP=H (NNP ) (. ) (NNP ) (CC ) (NNP ) (NNP=H )) (PP (IN=H ) (NP (NNP ) (NN=H )))) (VP=H (VBP=H ) (ADJP (JJ=H ))) (. ))),1,91366,"0,0848892081"
(ROOT (S=H (NP (NP=H (NP (NNS ) (POS=H )) (NNP ) (NNP=H )) (PP (IN=H ) (NP (NNP ) (CC ) (NNP ) (NNS=H )))) (VP=H (VBP=H ) (ADJP (JJ=H ))) (. ))),1,91367,"0,0848901372"
(ROOT (S=H (NP (CD ) (NNP ) (NNP ) (CC ) (NNP ) (NNPS ) (NNS=H )) (VP=H (VBP=H ) (ADJP (JJ=H ))) (. ))),1,91368,"0,0848910663"
(ROOT (S=H (NP (NP=H (NN=H )) (PP (IN=H ) (NP (DT ) (NNP ) (NNPS ) (NNS=H )))) (VP=H (VBP=H ) (ADJP (JJ=H ))) (. ))),1,91369,"0,0848919954"
(ROOT (S=H (NP (ADJP (CD ) (NN=H )) (NNP ) (NNS=H )) (VP=H (VBP=H ) (ADJP (JJ=H ))) (. ))),1,91370,"0,0848929245"
(ROOT (S=H (NP (NP=H (NNP=H )) (PP (IN=H ) (NP (NNP ) (NNPS ) (CC ) (NNP ) (NN ) (NNS=H )))) (VP=H (VBP=H ) (ADJP (JJ=H ))) (. ))),1,91371,"0,0848938536"
(ROOT (S=H (NP (NNP=H )) (VP=H (VBD=H ) (NP (NP=H (NNS=H )) (SBAR (S=H (NP (PRP$ ) (NN=H )) (VP=H (VBP=H ) (ADJP (JJ=H ))))))) (. ))),1,91372,"0,0848947828"
(ROOT (S=H (NP (NNP=H )) (VP=H (VBD=H ) (NP (NP=H (NNS=H )) (SBAR (S=H (NP (PRP$ ) (NNP ) (JJ ) (NN=H )) (VP=H (VBP=H ) (ADJP (JJ=H ))))))) (. ))),1,91373,"0,0848957119"
(ROOT (S=H (NP (NP (DT ) (NNPS ) (POS=H )) (NNS=H )) (VP=H (VBP=H ) (ADJP (JJ=H ))) (. ))),1,91374,"0,084896641"
(ROOT (S=H (NP (NP=H (NNP ) (NN ) (NN=H )) (PP (IN=H ) (NP (NP=H (NN=H )) (PP (IN=H ) (NP (DT ) (NNP ) (NNPS=H )))))) (VP=H (VBP=H ) (ADJP (JJ=H ))) (. ))),1,91375,"0,0848975701"
(ROOT (S=H (NP (NP (NP (NNS=H )) (PP (IN=H ) (NP (DT ) (JJ ) (CD ) (NNS=H ))) (POS=H )) (NN=H )) (VP=H (VBP=H ) (ADJP (JJ=H ))) (. ))),1,91376,"0,0848984992"
(ROOT (S=H (NP (NNP=H )) (VP=H (VBD=H ) (SBAR (S=H (NP (NP=H (NNS ) (NN=H )) (ADJP (JJ ) (JJ=H ))) (VP=H (VBP=H ) (ADJP (JJ=H )))))) (. ))),1,91377,"0,0848994283"
(ROOT (S=H (NP (NP=H (NNP ) (NN=H )) (PP (IN=H ) (NP (NP=H (JJ ) (NN ) (NNS=H )) (PP (IN=H ) (NP (NN=H )))))) (VP=H (VBP=H ) (ADJP (JJ=H ))) (. ))),1,91378,"0,0849003574"
(ROOT (S=H (NP (NNP ) (NNP=H )) (VP=H (VBD=H ) (SBAR (S=H (NP (JJ ) (NN ) (CC ) (NN ) (NNS=H )) (VP=H (VBP=H ) (ADJP (JJ=H )))))) (. ))),1,91379,"0,0849012865"
(ROOT (S=H (NP (NNP ) (NNP=H )) (VP=H (VBZ=H ) (SBAR (S=H (NP (NP=H (NNS=H )) (PP (IN=H ) (NP (NNS=H )))) (VP=H (VBZ=H ) (SBAR (S=H (NP (NN=H )) (VP=H (VBP=H ) (ADJP (JJ=H ))))))))) (. ))),1,91380,"0,0849022157"
(ROOT (S=H (NP (NP=H (NNP ) (NNP ) (CC ) (NNP ) (NNS=H )) (PP (IN=H ) (NP (NNS=H )))) (VP=H (VBP=H ) (ADJP (JJ=H ))) (. ))),1,91381,"0,0849031448"
(ROOT (S=H (NP (NP=H (NNP=H )) (PP (IN=H ) (NP (NP=H (DT ) (NNP=H )) (PP (IN=H ) (NP (NNP ) (NNP ) (CC ) (NNP ) (NNP ) (NNP ) (NNP ) (NNP ) (NNS=H )))))) (VP=H (VBP=H ) (ADJP (JJ=H ))) (. ))),1,91382,"0,0849040739"
(ROOT (NP=H (NP=H (NP=H (NNP=H )) (PP (IN=H ) (NP (NNP ) (NNP ) (NNP=H )))) (: ) (NP (NP=H (NNP ) (NNP=H )) (SBAR (S=H (NP (NNS=H )) (VP=H (VBP=H ) (ADJP (JJ=H )))))) (. ))),1,91383,"0,084905003"
(ROOT (S=H (NP (NP=H (NNP ) (NNP ) (CC ) (NNP ) (NNS=H )) (PP (IN=H ) (NP (NNP ) (NNP ) (NN=H )))) (VP=H (VBP=H ) (ADJP (JJ=H ))) (. ))),1,91384,"0,0849059321"
(ROOT (S=H (NP (NP=H (NNP ) (NNP ) (CC ) (NNP ) (NNS=H )) (PP (IN=H ) (NP (JJ ) (CC ) (JJ ) (NN=H )))) (VP=H (VBP=H ) (ADJP (JJ=H ))) (. ))),1,91385,"0,0849068612"
(ROOT (S=H (NP (NP=H (NN=H ) (CC ) (NN )) (VP (VBG=H ) (NP (NN ) (NN ) (NNS=H )))) (VP=H (VBP=H ) (ADJP (JJ=H ))) (. ))),1,91386,"0,0849077903"
(ROOT (S=H (NP (NP=H (NP=H (NNP ) (NN=H )) (PP (IN=H ) (NP (DT ) (NNP ) (NNPS=H )))) (PRN (-LRB- ) (NP=H (NN=H )) (-RRB- ))) (VP=H (VBP=H ) (ADJP (JJ=H ))) (. ))),1,91387,"0,0849087194"
(ROOT (S=H (NP (NP=H (NP=H (NN=H )) (PP (IN=H ) (NP (DT ) (NNP ) (NNPS=H )))) (PRN (-LRB- ) (NP=H (NN=H )) (-RRB- ))) (VP=H (VBP=H ) (ADJP (JJ=H ))) (. ))),1,91388,"0,0849096485"
(ROOT (S=H (NP (NP=H (NNP=H )) (PRN (-LRB- ) (NP=H (NNP=H )) (-RRB- ))) (VP=H (VBD=H ) (SBAR (S=H (NP (VBG ) (NN ) (NNS=H )) (VP=H (VBP=H ) (ADJP (JJ=H )))))) (. ))),1,91389,"0,0849105777"
(ROOT (S=H (NP (DT ) (NNP ) (NNP ) (NNP ) (NNP ) (NNP ) (NNP=H )) (VP=H (VBP=H ) (SBAR (S=H (NP (NNS=H )) (VP=H (VBP=H ) (ADJP (JJ=H )))))) (. ))),1,91390,"0,0849115068"
(ROOT (S=H (NP (NP=H (DT ) (NN=H )) (SBAR (S=H (NP (DT=H )) (VP=H (VBZ=H ) (RB ) (VP (VB=H ) (VP (VBN=H ) (PP (IN=H ) (NP (NN ) (NNS=H ))))))))) (VP=H (VBP=H ) (ADJP (JJ=H ))) (. ))),1,91391,"0,0849124359"
(ROOT (S=H (NP (NP=H (NNP ) (NNP=H )) (PP (IN=H ) (NP (NP=H (JJ=H )) (: ) (NP (NNP ) (NNPS=H ) (CC ) (NNPS )) (PRN (-LRB- ) (NP=H (NNP=H ) (CC ) (NNP )) (-RRB- ))))) (VP=H (VBP=H ) (ADJP (JJ=H ))) (. ))),1,91392,"0,084913365"
(ROOT (S=H (ADVP (RB=H )) (NP (DT=H )) (VP=H (VBZ=H ) (SBAR (WHNP=H (WP=H )) (S (NP (PRP=H )) (VP=H (VB=H ) (NP (NP=H (NNP ) (. ) (NNS=H )) (SBAR (S=H (-LRB- ) (NP (NNP ) (NNP ) (NN=H )) (-RRB- ) (VP=H (VBP=H ) (ADJP (JJ=H )))))))))) (. ))),1,91393,"0,0849142941"
(ROOT (S=H (NP (NP (DT ) (NNP=H )) (PRN (-LRB- ) (NNP=H ) (NNP ) (-RRB- )) (NNS=H )) (VP=H (VBP=H ) (ADJP (JJ=H ))) (. ))),1,91394,"0,0849152232"
(ROOT (S=H (NP (NNP ) (NN=H )) (VP=H (VBZ=H ) (SBAR (S=H (NP (NP=H (NNS=H )) (PP (IN=H ) (NP (DT ) (NNP ) (NNPS ) (NNP ) (NNP=H )))) (VP=H (VBP=H ) (ADJP (JJ=H )))))) (. ))),1,91395,"0,0849161523"
(ROOT (S=H (NP (NP=H (NNP=H )) (PP (IN=H ) (NP (NP (NNP ) (NNP ) (CC ) (NNP ) (NNP ) (POS=H )) (NNP ) (NNS=H )))) (VP=H (VBP=H ) (ADJP (JJ=H ))) (. ))),1,91396,"0,0849170814"
(ROOT (S=H (NP (NP=H (NP=H (NNP=H )) (PP (IN=H ) (NP (NN=H )))) (CC ) (NP (NP (NNS ) (POS=H )) (JJ ) (NNS=H ))) (VP=H (VBP=H ) (ADJP (JJ=H ))) (. ))),1,91397,"0,0849180105"
(ROOT (S=H (NP (NP=H (NNP ) (NNP=H )) (PP (IN=H ) (NP (DT ) (NNP=H ) (CC ) (NNP ))) (PP (IN=H ) (NP (NNP ) (NNP ) (NNS=H )))) (VP=H (VBP=H ) (ADJP (JJ=H ))) (. ))),1,91398,"0,0849189397"
(ROOT (S=H (NP (NP=H (NP=H (NNP=H )) (PP (IN=H ) (NP (NP=H (NNP ) (NNP=H )) (PP (IN=H ) (NP (DT ) (NNP ) (NNPS=H )))))) (PRN (-LRB- ) (NP=H (NN=H )) (-RRB- ))) (VP=H (VBP=H ) (ADJP (JJ=H ))) (. ))),1,91399,"0,0849198688"
(ROOT (S=H (NP (NP=H (NNP ) (NNP=H )) (PP (IN=H ) (NP (NP=H (DT ) (NNP ) (NNS=H )) (PP (IN=H ) (NP (JJ ) (CC ) (JJ ) (NN=H )))))) (VP=H (VBP=H ) (ADJP (JJ=H ))) (. ))),1,91400,"0,0849207979"
(ROOT (S=H (NP (NP=H (NNP=H )) (PP (IN=H ) (NP (NP=H (DT ) (NNP ) (NNS=H )) (PP (IN=H ) (NP (NP=H (NNP ) (NNP=H )) (PP (IN=H ) (NP (DT ) (NNP ) (NN=H )))))))) (VP=H (VBP=H ) (ADJP (JJ=H ))) (. ))),1,91401,"0,084921727"
(ROOT (S=H (NP (NP=H (NNP=H )) (PP (IN=H ) (NP (NP=H (DT ) (NNP ) (NNS=H )) (PP (IN=H ) (NP (JJ ) (CC ) (JJ ) (NN=H )))))) (VP=H (VBP=H ) (ADJP (JJ=H ))) (. ))),1,91402,"0,0849226561"
(ROOT (S=H (NP (NP=H (NN=H )) (PRN (-LRB- ) (NP=H (NN=H )) (-RRB- ))) (VP=H (VBP=H ) (SBAR (S=H (NP (NNS=H )) (VP=H (VBP=H ) (ADJP (JJ=H )))))) (. ))),1,91403,"0,0849235852"
(ROOT (S=H (NP (NP=H (NNP ) (NN ) (NN=H )) (CC ) (NP (NN ) (NN ) (NNS=H ))) (VP=H (VBP=H ) (ADJP (JJ=H ))) (. ))),1,91404,"0,0849245143"
(ROOT (S=H (NP (NP=H (NNP ) (NNPS ) (NNP ) (NNP ) (NNS=H )) (CC ) (NP (NP=H (NNS=H )) (PP (IN=H ) (NP (NN=H ))))) (VP=H (VBP=H ) (ADJP (JJ=H ))) (. ))),1,91405,"0,0849254434"
(ROOT (S=H (NP (NP=H (NNP=H )) (NP (CD ) (NNPS ) (JJ ) (NNS=H ))) (VP=H (VBP=H ) (ADJP (JJ=H ))) (. ))),1,91406,"0,0849263726"
(ROOT (S=H (NP (NNP ) (NNP=H )) (VP=H (NN=H ) (SBAR (S=H (NP (JJ ) (NNS=H )) (VP=H (VBP=H ) (ADJP (JJ=H )))))) (. ))),1,91407,"0,0849273017"
(ROOT (S=H (NP (NP=H (NNP ) (NNP=H )) (CC ) (NP (NP=H (DT ) (NNP ) (NNS=H )) (PP (IN=H ) (NP (NP=H (NNP ) (NNP=H )) (CC ) (NP (NNP ) (NNP=H )))))) (VP=H (VBP=H ) (ADJP (JJ=H ))) (. ))),1,91408,"0,0849282308"
"(ROOT (S=H (NP (NP=H (NNP ) (NNP=H )) (PRN (-LRB- ) (NP=H (NNP ) (NNPS=H )) (, ) (NP (CD=H )) (-RRB- ))) (VP=H (VBP=H ) (ADJP (JJ=H ))) (. )))",1,91409,"0,0849291599"
(ROOT (S=H (NP (NP=H (NNP ) (NNP ) (NNP ) (NNP=H )) (PP (IN=H ) (NP (JJS ) (NNP ) (NNS=H )))) (VP=H (VBP=H ) (ADJP (JJ=H ))) (. ))),1,91410,"0,084930089"
(ROOT (S=H (NP (NP=H (NNP ) (NNPS ) (NNP=H )) (PP (IN=H ) (NP (NP=H (DT ) (NN=H )) (PP (IN=H ) (NP (NP=H (DT ) (NNP=H )) (PP (IN=H ) (NP (NNP=H )))))))) (VP=H (VBP=H ) (ADJP (JJ=H ))) (. ))),1,91411,"0,0849310181"
"(ROOT (S=H (NP (NP=H (NP (JJ ) (NNS ) (POS=H )) (NNP=H )) (PRN (-LRB- ) (NP=H (NNP=H )) (, ) (NP (CD=H )) (-RRB- ))) (VP=H (VBP=H ) (ADJP (JJ=H ))) (. )))",1,91412,"0,0849319472"
(ROOT (S=H (NP (NN ) (NN ) (CC ) (NN ) (NN ) (NNS=H )) (VP=H (VBP=H ) (ADJP (JJ=H ))) (. ))),1,91413,"0,0849328763"
(ROOT (S=H (NP (NNP=H )) (VP=H (VBD=H ) (SBAR (S=H (NP (NNS ) (NNP ) (NNP ) (NNP ) (NNP ) (NNP=H )) (VP=H (VBD=H ) (SBAR (S=H (NP (NN=H )) (VP=H (VBP=H ) (ADJP (JJ=H ))))))))) (. ))),1,91414,"0,0849338054"
(ROOT (S=H (NP (NP=H (NNP ) (NNP ) (CC ) (NNP ) (NNS=H )) (VP (VBG=H ) (NP (JJ ) (NNS=H )))) (VP=H (VBP=H ) (ADJP (JJ=H ))) (. ))),1,91415,"0,0849347346"
(ROOT (S=H (NP (NP=H (NP=H (NP (NNS ) (POS=H )) (NNS=H )) (PP (IN=H ) (NP (NNP=H )))) (PRN (-LRB- ) (NP=H (JJ ) (NNS=H )) (-RRB- ))) (VP=H (VBP=H ) (ADJP (JJ=H ))) (. ))),1,91416,"0,0849356637"
(ROOT (S=H (NP (NP=H (NNP ) (-LRB- ) (NN=H ) (-RRB- )) (NP (CD ) (NNS=H ))) (VP=H (VBP=H ) (ADJP (JJ=H ))) (. ))),1,91417,"0,0849365928"
(ROOT (S=H (NP (NP=H (NNP ) (NNP=H )) (CC ) (NP (NP=H (DT ) (NNP ) (NNS=H )) (PP (IN=H ) (NP (JJ ) (CC ) (JJ ) (NN=H ))))) (VP=H (VBP=H ) (ADJP (JJ=H ))) (. ))),1,91418,"0,0849375219"
(ROOT (S=H (NP (NP=H (NP (NNS ) (POS=H )) (NNP=H )) (PRN (-LRB- ) (NP=H (NNP ) (NNPS=H )) (-RRB- ))) (VP=H (VBP=H ) (ADJP (JJ=H ))) (. ))),1,91419,"0,084938451"
(ROOT (S=H (NP (NNP=H )) (VP=H (VBD=H ) (SBAR (S=H (NP (NNP ) (NNPS=H )) (VP=H (VBP=H ) (ADJP (JJ=H )))))) (. ))),1,91420,"0,0849393801"
(ROOT (S=H (NP (NP=H (NP (NNPS ) (POS=H )) (NNS=H )) (PP (IN=H ) (NP (DT ) (NNPS=H )))) (VP=H (VBP=H ) (ADJP (JJ=H ))) (. ))),1,91421,"0,0849403092"
"(ROOT (S=H (NP-TMP (NP=H (DT ) (NNP ) (NN=H )) (NP (CD=H ))) (, ) (NP (NNP=H )) (VP=H (VBP=H ) (ADJP (JJ=H ))) (. )))",1,91422,"0,0849412383"
(ROOT (S=H (NP (NNP=H )) (VP=H (VBD=H ) (SBAR (S=H (NP (NNS=H )) (VP=H (VBD=H ) (SBAR (S=H (VP=H (VBP=H ) (ADJP (JJ=H ))))))))) (. ))),1,91423,"0,0849421675"
(ROOT (S=H (NP (NP=H (NNP ) (NNP ) (NNP ) (NNP=H )) (PP (IN=H ) (NP (NP=H (NN ) (NNS=H )) (PP (IN=H ) (NP (DT ) (NNP ) (NNPS=H )))))) (VP=H (VBP=H ) (ADJP (JJ=H ))) (. ))),1,91424,"0,0849430966"
(ROOT (S=H (NP (NP=H (JJ ) (NN=H )) (PP (IN=H ) (NP (NN ) (CC ) (NN ) (NNS=H )))) (VP=H (VBP=H ) (ADJP (JJ=H ))) (. ))),1,91425,"0,0849440257"
(ROOT (S=H (NP (ADJP (JJ=H ) (PP (IN=H ) (NP (NNP=H )))) (JJ ) (NNS=H )) (VP=H (VBP=H ) (ADJP (JJ=H ))) (. ))),1,91426,"0,0849449548"
(ROOT (S=H (NP (NNP ) (NX=H (NX=H (NN=H )) (CC ) (NX (NNS=H )))) (VP=H (VBP=H ) (ADJP (JJ=H ))) (. ))),1,91427,"0,0849458839"
(ROOT (S=H (NP (NP=H (NNP ) (NNP=H )) (NP (`` ) (DT ) (NNS=H ))) (VP=H (VBP=H ) (ADJP (JJ=H ))) (. ))),1,91428,"0,084946813"
(ROOT (S=H (PP (IN=H ) (NP (DT ) (NNP ) (NNPS=H ))) (NP (NNS=H )) (VP=H (VBP=H ) (ADJP (JJ=H ))) (. ))),1,91429,"0,0849477421"
(ROOT (S=H (NP (DT ) (NNP=H ) (CD )) (VP=H (VBP=H ) (SBAR (S=H (NP (NNS=H )) (VP=H (VBP=H ) (ADJP (JJ=H )))))) (. ))),1,91430,"0,0849486712"
(ROOT (S=H (NP (DT ) (NN=H )) (PP (IN=H ) (NP (NNP ) (NN ) (NNS=H ))) (VP=H (VBP=H ) (ADJP (JJ=H ))) (. ))),1,91431,"0,0849496003"
"(ROOT (S=H (S (VP=H (VBG=H ) (NP (NN=H )) (PP (IN=H ) (NP (NNP ) (NNP=H ))))) (, ) (NP (NNP=H )) (VP=H (VBP=H ) (ADJP (JJ=H ))) (. )))",1,91432,"0,0849505295"
(ROOT (S=H (NP (NP=H (NNP ) (NNP=H )) (SBAR (S=H (NP (PRP=H )) (VP=H (VBZ=H ) (NP (JJ ) (NNS=H )))))) (VP=H (VBP=H ) (ADJP (JJ=H ))) (. ))),1,91433,"0,0849514586"
(ROOT (FRAG=H (NP (NN=H )) (: ) (S=H (NP (NP=H (NNP=H )) (PP (IN=H ) (NP (NN=H )))) (VP=H (VBP=H ) (ADJP (JJ=H )))) (. ))),1,91434,"0,0849523877"
(ROOT (S=H (NP (ADJP (RB=H ) (PP (IN=H ) (NP (DT ) (NNP ) (NNP ) (NN=H )))) (NNS=H )) (VP=H (VBP=H ) (ADJP (JJ=H ))) (. ))),1,91435,"0,0849533168"
(ROOT (S=H (NP (NP=H (NNP=H )) (PP (IN=H ) (NP (DT ) (NNP ) (NNP=H )))) (VP=H (VBP=H ) (SBAR (S=H (NP (NNS=H )) (VP=H (VBP=H ) (ADJP (JJ=H )))))) (. ))),1,91436,"0,0849542459"
(ROOT (S=H (NP (NP=H (NNP ) (NNP ) (NNP=H )) (PP (IN=H ) (NP (NNP ) (NNP ) (CC ) (DT ) (NNPS=H )))) (VP=H (VBP=H ) (ADJP (JJ=H ))) (. ))),1,91437,"0,084955175"
(ROOT (S=H (NP (NP=H (NNP ) (NNP ) (NNP=H )) (PP (IN=H ) (NP (DT ) (NNPS ) (CC ) (NNP ) (NNP=H )))) (VP=H (VBP=H ) (ADJP (JJ=H ))) (. ))),1,91438,"0,0849561041"
(ROOT (FRAG=H (NP (NP=H (JJ ) (NN ) (NNS=H )) (PP (IN=H ) (NP (NNP=H )))) (: ) (S=H (NP (NN=H )) (VP=H (VBP=H ) (ADJP (JJ=H )))) (. ))),1,91439,"0,0849570332"
(ROOT (S=H (NP (NNP ) (CC ) (NNP ) (NNP ) (NN=H )) (VP=H (VBP=H ) (SBAR (S=H (NP (NNS=H )) (VP=H (VBP=H ) (ADJP (JJ=H )))))) (. ))),1,91440,"0,0849579623"
(ROOT (S=H (NP (NP=H (NNP ) (CC ) (NNP ) (NNP=H )) (PP (NN=H ) (NP (NNS=H )))) (VP=H (VBP=H ) (ADJP (JJ=H ))) (. ))),1,91441,"0,0849588915"
(ROOT (S=H (NP (NNP ) (CC ) (NNP ) (NNPS ) (JJ ) (NN=H )) (VP=H (VBP=H ) (ADJP (JJ=H ))) (. ))),1,91442,"0,0849598206"
(ROOT (S=H (NP (NNP ) (NNP=H ) (CC ) (NNP )) (VP=H (VBP=H ) (SBAR (S=H (NP (NNS=H )) (VP=H (VBP=H ) (ADJP (JJ=H )))))) (. ))),1,91443,"0,0849607497"
(ROOT (S=H (NP (NP=H (NP (JJ ) (NNS ) (POS=H )) (NNS=H )) (PP (IN=H ) (NP (NN=H )))) (VP=H (VBP=H ) (ADJP (JJ=H ))) (. ))),1,91444,"0,0849616788"
(ROOT (S=H (NP (ADJP (JJ=H ) (PP (IN=H ) (NP (DT ) (NN=H )))) (NN ) (NNS=H )) (VP=H (VBP=H ) (ADJP (JJ=H ))) (. ))),1,91445,"0,0849626079"
(ROOT (S=H (NP (NP=H (NNP=H )) (PP (IN=H ) (NP (NP=H (DT ) (NN=H )) (PP (IN=H ) (NP (NNPS=H )))))) (VP=H (VBP=H ) (ADJP (JJ=H ))) (. ))),1,91446,"0,084963537"
(ROOT (S=H (NP (ADJP (JJ=H ) (NP (DT ) (NN=H ))) (NNS=H )) (VP=H (VBP=H ) (ADJP (JJ=H ))) (. ))),1,91447,"0,0849644661"
(ROOT (S=H (NP (NP (NNP ) (NNP ) (POS=H )) (NNP ) (PRN (-LRB- ) (NP=H (NNP ) (NNPS=H )) (-RRB- )) (NNP=H )) (VP=H (VBP=H ) (ADJP (JJ=H ))) (. ))),1,91448,"0,0849653952"
(ROOT (S=H (NP (NP=H (NNP=H )) (CC ) (NP (DT ) (JJ ) (NNS ) (NNS=H ))) (VP=H (VBP=H ) (ADJP (JJ=H ))) (. ))),1,91449,"0,0849663244"
(ROOT (S=H (NP (NP=H (NNP=H )) (PP (TO=H ) (NP (PRP$ ) (JJ ) (NNS=H )))) (VP=H (VBP=H ) (ADJP (JJ=H ))) (. ))),1,91450,"0,0849672535"
(ROOT (S=H (NP (NP=H (PRP$ ) (NN=H )) (PP (IN=H ) (NP (NNP ) (NNP ) (NNS=H )))) (VP=H (VBP=H ) (ADJP (JJ=H ))) (. ))),1,91451,"0,0849681826"
(ROOT (S=H (NP (NP=H (NN=H )) (PP (IN=H ) (NP (NP=H (NNP=H )) (VP (VBN=H ) (PP (IN=H ) (NP (NNP ) (NNS ) (NNS=H ))))))) (VP=H (VBP=H ) (ADJP (JJ=H ))) (. ))),1,91452,"0,0849691117"
(ROOT (S=H (NP (NP=H (NP (NNS ) (POS=H )) (NNP=H )) (PP (IN=H ) (NP (NNP ) (CC ) (NNP ) (NNPS=H )))) (VP=H (VBP=H ) (ADJP (JJ=H ))) (. ))),1,91453,"0,0849700408"
(ROOT (NP=H (NP=H (DT ) (NNS=H )) (: ) (S (NP (DT ) (NNP ) (NNP ) (NNP=H )) (VP=H (VBP=H ) (ADJP (JJ=H )))) (. ))),1,91454,"0,0849709699"
(ROOT (S=H (NP (NP=H (NN=H )) (PRN (-LRB- ) (NP=H (JJ ) (NNS=H )) (-RRB- ))) (VP=H (VBP=H ) (ADJP (JJ=H ))) (. ))),1,91455,"0,084971899"
(ROOT (S=H (NP (NNP ) (NNP ) (NNP ) (NNPS ) (NN ) (NN ) (NNP ) (FW ) (NNP ) (NNP=H )) (VP=H (VBP=H ) (ADJP (JJ=H ))) (. ))),1,91456,"0,0849728281"
(ROOT (S=H (NP (NP=H (NNP ) (NNP=H )) (PP (IN=H ) (NP (NP=H (NNS=H )) (CC ) (NP (NNP ) (NNP=H ))))) (VP=H (VBP=H ) (ADJP (JJ=H ))) (. ))),1,91457,"0,0849737572"
(ROOT (S=H (NP (NP=H (NNP ) (NNP=H )) (PP (IN=H ) (NP (NNS ) (CC ) (NN ) (NNS=H )))) (VP=H (VBP=H ) (ADJP (JJ=H ))) (. ))),1,91458,"0,0849746864"
(ROOT (S=H (NP (NP=H (NP (NNPS ) (POS=H )) (NNP=H )) (PP (IN=H ) (NP (NNP ) (NNPS=H )))) (VP=H (VBP=H ) (ADJP (JJ=H ))) (. ))),1,91459,"0,0849756155"
(ROOT (S=H (NP (NP=H (NNPS ) (NNP=H )) (PP (IN=H ) (NP (NP=H (NNP=H )) (PP (IN=H ) (NP (NNP=H )))))) (VP=H (VBP=H ) (ADJP (JJ=H ))) (. ))),1,91460,"0,0849765446"
(ROOT (S=H (NP (NP=H (NNP=H )) (PP (IN=H ) (NP (NP=H (NNP=H )) (CC ) (NP (NNP ) (NNPS ) (NNP=H ))))) (VP=H (VBP=H ) (ADJP (JJ=H ))) (. ))),1,91461,"0,0849774737"
(ROOT (S=H (NP (NP=H (NNP ) (NNP=H )) (PP (IN=H ) (NP (NP=H (NNP=H )) (PP (IN=H ) (NP (DT ) (NNP ) (NNS=H )))))) (VP=H (VBP=H ) (ADJP (JJ=H ))) (. ))),1,91462,"0,0849784028"
(ROOT (S=H (NP (NP=H (NNP ) (JJ ) (NN ) (NN=H )) (PP (IN=H ) (NP (NNP ) (NNS=H )))) (VP=H (VBP=H ) (ADJP (JJ=H ))) (. ))),1,91463,"0,0849793319"
(ROOT (S=H (ADVP (RB=H )) (NP (DT=H )) (VP=H (VBZ=H ) (SBAR (WHNP=H (WP=H )) (S (NP (PRP=H )) (VP=H (VB=H ) (SBAR (S=H (NP (NP=H (NNP ) (. ) (NNS=H )) (PRN (-LRB- ) (NP=H (JJ ) (JJ ) (NN=H )) (-RRB- ))) (VP=H (VBP=H ) (ADJP (JJ=H ))))))))) (. ))),1,91464,"0,084980261"
"(ROOT (S=H (NP (NNP=H )) (, ) (NP (NP (NNP ) (POS=H )) (NNP ) (NNP ) (NNS=H )) (VP=H (VBP=H ) (ADJP (JJ=H ))) (. )))",1,91465,"0,0849811901"
(ROOT (S=H (NP (NP=H (NNP=H )) (SBAR (S=H (VP=H (TO=H ) (VP (VB=H ) (NP (NNP ) (JJ ) (NNS=H ))))))) (VP=H (VBP=H ) (ADJP (JJ=H ))) (. ))),1,91466,"0,0849821192"
(ROOT (S=H (PP (IN=H ) (NP (NP=H (NNP ) (NNP=H )) (PP (IN=H ) (NP (NNP ) (NNP=H ))))) (NP (NNS=H )) (VP=H (VBP=H ) (ADJP (JJ=H ))) (. ))),1,91467,"0,0849830484"
(ROOT (S=H (NP (NP=H (NNP ) (NNPS ) (NNP ) (NNS=H )) (NP (NN ) (NN=H ))) (VP=H (VBP=H ) (ADJP (JJ=H ))) (. ))),1,91468,"0,0849839775"
(ROOT (S=H (NP (NP=H (NP (NNS ) (POS=H )) (NNP=H )) (PP (IN=H ) (NP (DT ) (NNP ) (NNPS=H )))) (VP=H (VBP=H ) (ADJP (JJ=H ))) (. ))),1,91469,"0,0849849066"
(ROOT (NP=H (NP=H (NNP ) (CC ) (NNP ) (NNP=H )) (: ) (S (NP (NP (JJ ) (NNS ) (POS=H )) (NNP ) (NNP=H )) (VP=H (VBP=H ) (ADJP (JJ=H )))) (. ))),1,91470,"0,0849858357"
(ROOT (NP=H (NP=H (NNP ) (CC ) (NNP ) (NNP=H )) (: ) (S (NP (NP (JJ ) (NNS ) (POS=H )) (NNP ) (NNS=H )) (VP=H (VBP=H ) (ADJP (JJ=H )))) (. ))),1,91471,"0,0849867648"
(ROOT (S=H (NP (NP=H (NP (JJ ) (NNS ) (POS=H )) (NNP ) (NNP=H )) (PP (TO=H ) (NP (DT ) (NNP ) (NNPS=H )))) (VP=H (VBP=H ) (ADJP (JJ=H ))) (. ))),1,91472,"0,0849876939"
(ROOT (S=H (NP (NP=H (NNP ) (NNP ) (NNP=H ) (CC ) (NNP )) (PP (IN=H ) (NP (NP=H (NN ) (NNS=H )) (PP (IN=H ) (NP (NN=H )))))) (VP=H (VBP=H ) (ADJP (JJ=H ))) (. ))),1,91473,"0,084988623"
(ROOT (S=H (NP (DT ) (NNP ) (NNPS ) (NNP=H )) (VP=H (VBP=H ) (SBAR (S=H (NP (NNS=H )) (VP=H (VBP=H ) (ADJP (JJ=H )))))) (. ))),1,91474,"0,0849895521"
(ROOT (S=H (NP (NP=H (NNP ) (NNPS ) (NNP=H )) (CC ) (NP (NN ) (NN ) (NN=H ))) (VP=H (VBP=H ) (ADJP (JJ=H ))) (. ))),1,91475,"0,0849904813"
(ROOT (S=H (NP (NP=H (NNP ) (NNP=H )) (PP (IN=H ) (NP (NP=H (NNS=H )) (PP (IN=H ) (NP (NNP ) (NNPS=H )))))) (VP=H (VBP=H ) (ADJP (JJ=H ))) (. ))),1,91476,"0,0849914104"
(ROOT (NP=H (NP=H (NNP=H )) (: ) (S (NP (JJ ) (NNP ) (NNP ) (NNP=H )) (VP=H (VBP=H ) (ADJP (JJ=H )))) (. ))),1,91477,"0,0849923395"
(ROOT (NP=H (NP=H (NP (NNS ) (POS=H )) (NNP=H )) (: ) (NP (NP=H (NNP=H )) (SBAR (IN=H ) (S (NP (DT ) (JJ ) (NNP ) (NNP=H )) (VP=H (VBP=H ) (ADJP (JJ=H )))))) (. ))),1,91478,"0,0849932686"
(ROOT (NP=H (NP=H (NP (NNS ) (POS=H )) (NNP=H )) (: ) (NP (NP=H (NNP=H )) (SBAR (IN=H ) (S (NP (DT ) (JJ ) (NNP ) (NNS=H )) (VP=H (VBP=H ) (ADJP (JJ=H )))))) (. ))),1,91479,"0,0849941977"
(ROOT (NP=H (NP=H (NNP ) (NNP ) (CC ) (NNP ) (NNP=H )) (: ) (S (NP (NNP ) (NNP ) (NNP=H )) (VP=H (VBP=H ) (ADJP (JJ=H )))) (. ))),1,91480,"0,0849951268"
(ROOT (S=H (PP (IN=H ) (NP (NNP=H ) (CC ) (NNP ))) (NP (NNP=H )) (VP=H (VBP=H ) (ADJP (JJ=H ))) (. ))),1,91481,"0,0849960559"
(ROOT (S=H (PP (IN=H ) (NP (NP=H (NNP ) (NNP=H )) (PP (IN=H ) (NP (NNP=H ))))) (NP (NNP ) (NNP=H )) (VP=H (VBP=H ) (ADJP (JJ=H ))) (. ))),1,91482,"0,084996985"
(ROOT (S=H (NP (NNP=H )) (VP=H (VBD=H ) (SBAR (S=H (NP (NP=H (NNS=H )) (PP (IN=H ) (NP (NNP ) (NNP ) (NNPS=H )))) (VP=H (VBP=H ) (ADJP (JJ=H )))))) (. ))),1,91483,"0,0849979141"
"(ROOT (S=H (NP (NP=H (NNP ) (NNP=H )) (, ) (NP (NNP ) (NNPS ) (CC ) (NNP ) (NNP ) (NNS=H ))) (VP=H (VBP=H ) (ADJP (JJ=H ))) (. )))",1,91484,"0,0849988433"
(ROOT (S=H (NP (NP=H (NNP=H )) (PP (IN=H ) (NP (NNP ) (CC ) (NNP ) (NNP ) (JJ ) (NNS=H )))) (VP=H (VBP=H ) (ADJP (JJ=H ))) (. ))),1,91485,"0,0849997724"
(ROOT (NP=H (NP=H (DT ) (NNS=H )) (: ) (S (NP (DT ) (NNP ) (NNP ) (NNS=H )) (VP=H (VBP=H ) (ADJP (JJ=H )))) (. ))),1,91486,"0,0850007015"
(ROOT (S=H (NP (NP=H (NP=H (NNP=H )) (PP (IN=H ) (NP (NNP=H )))) (CC ) (NP (NP=H (NNP ) (NNP=H )) (NP (JJ ) (JJ ) (JJ ) (NNS=H )))) (VP=H (VBP=H ) (ADJP (JJ=H ))) (. ))),1,91487,"0,0850016306"
"(ROOT (S=H (NP (NP (NNP ) (NNP ) (NNP=H )) (PRN (-LRB- ) (NP=H (NP=H (NNP=H )) (, ) (NP (CD ) (: ) (CD=H ))) (-RRB- )) (NNS=H )) (VP=H (VBP=H ) (ADJP (JJ=H ))) (. )))",1,91488,"0,0850025597"
"(ROOT (S=H (NP (NNP ) (NNP ) (NNP ) (PRN (-LRB- ) (NP=H (NNP=H )) (, ) (NP (NNP=H )) (-RRB- )) (NNP=H )) (VP=H (VBP=H ) (ADJP (JJ=H ))) (. )))",1,91489,"0,0850034888"
(ROOT (S=H (NP (NP=H (NNP=H )) (PP (IN=H ) (NP (NP=H (NNS=H ) (CC ) (NNS )) (PP (IN=H ) (NP (NNP ) (NNPS=H )))))) (VP=H (VBP=H ) (ADJP (JJ=H ))) (. ))),1,91490,"0,0850044179"
(ROOT (NP=H (NP=H (DT ) (NNS=H )) (: ) (S (NP (NNP ) (NNP ) (NNP ) (NNP=H )) (VP=H (VBP=H ) (ADJP (JJ=H )))) (. ))),1,91491,"0,085005347"
(ROOT (S=H (NP (NP=H (NNP ) (NNP=H )) (PP (IN=H ) (NP (NP=H (NNS=H )) (CC ) (NP (NNPS ) (NNPS=H ))))) (VP=H (VBP=H ) (ADJP (JJ=H ))) (. ))),1,91492,"0,0850062761"
(ROOT (S=H (NP (NP=H (NNP=H )) (PP (IN=H ) (NP (NP=H (NNP=H )) (PP (IN=H ) (NP (DT ) (NNPS ) (NNPS=H )))))) (VP=H (VBP=H ) (ADJP (JJ=H ))) (. ))),1,91493,"0,0850072053"
(ROOT (S=H (NP (NP=H (NNP=H )) (VP (VBG=H ) (NP (NP=H (NNS=H ) (CC ) (NNS )) (PP (IN=H ) (NP (NN=H )))))) (VP=H (VBP=H ) (ADJP (JJ=H ))) (. ))),1,91494,"0,0850081344"
(ROOT (S=H (NP (NP=H (NNP ) (NNP=H )) (PP (IN=H ) (NP (NN ) (CC ) (NN ) (NNS ) (NN=H )))) (VP=H (VBP=H ) (ADJP (JJ=H ))) (. ))),1,91495,"0,0850090635"
(ROOT (S=H (NP (NNP=H )) (VP=H (VBZ=H ) (SBAR (S=H (NP (NP=H (NNS=H )) (PP (IN=H ) (NP (NP=H (NN=H )) (PP (IN=H ) (NP (DT ) (NNP ) (NNPS=H )))))) (VP=H (VBP=H ) (ADJP (JJ=H )))))) (. ))),1,91496,"0,0850099926"
(ROOT (S=H (NP (NNP ) (JJ ) (NNS ) (CC ) (NNPS ) (NNS=H )) (VP=H (VBP=H ) (ADJP (JJ=H ))) (. ))),1,91497,"0,0850109217"
(ROOT (S=H (NP (NP=H (NP (NNS ) (POS=H )) (NNP=H )) (PP (IN=H ) (NP (NN ) (CC ) (NN ) (NNS=H )))) (VP=H (VBP=H ) (ADJP (JJ=H ))) (. ))),1,91498,"0,0850118508"
(ROOT (S=H (NP (NP=H (NN=H )) (VP (VBG=H ) (NP (NP=H (NNS=H ) (CC ) (NNS )) (PP (IN=H ) (NP (NN=H )))))) (VP=H (VBP=H ) (ADJP (JJ=H ))) (. ))),1,91499,"0,0850127799"
(ROOT (S=H (S=H (NP (NNP=H )) (VP=H (VBZ=H ) (NP (NNP=H )))) (: ) (S (NP (DT ) (NNP ) (NNS=H )) (VP=H (VBP=H ) (ADJP (JJ=H )))) (. ))),1,91500,"0,085013709"
(ROOT (S=H (NP (NP=H (NNP=H )) (PP (IN=H ) (NP (JJ ) (NNS ) (NN ) (NNS=H )))) (VP=H (VBP=H ) (ADJP (JJ=H ))) (. ))),1,91501,"0,0850146382"
(ROOT (NP=H (NP=H (NP (NNP ) (NNP ) (POS=H )) (NNP=H )) (: ) (NP (NP=H (NNP ) (NNPS=H )) (SBAR (S=H (NP (NNS=H )) (VP=H (VBP=H ) (ADJP (JJ=H )))))) (. ))),1,91502,"0,0850155673"
(ROOT (S=H (NP (NP=H (NP (NNS ) (POS=H )) (NNP=H )) (PP (IN=H ) (NP (DT ) (NNP ) (NNS=H )))) (VP=H (VBP=H ) (ADJP (JJ=H ))) (. ))),1,91503,"0,0850164964"
(ROOT (S=H (NP (NP=H (NNP=H )) (PP (IN=H ) (NP (NP=H (NNPS=H )) (PP (IN=H ) (NP (NP=H (DT ) (NNP=H )) (PP (IN=H ) (NP (NNP ) (NNS=H )))))))) (VP=H (VBP=H ) (ADJP (JJ=H ))) (. ))),1,91504,"0,0850174255"
(ROOT (S=H (NP (NP=H (NNP ) (NNP=H )) (CC ) (NP (NP=H (NNP ) (NNP=H )) (PP (IN=H ) (NP (NNP ) (NNP ) (NNS=H ))))) (VP=H (VBP=H ) (ADJP (JJ=H ))) (. ))),1,91505,"0,0850183546"
(ROOT (S=H (NP (NNP=H )) (PP (IN=H ) (NP (PRP$ ) (NNP ) (NNP ) (NNS=H ))) (VP=H (VBP=H ) (ADJP (JJ=H ))) (. ))),1,91506,"0,0850192837"
(ROOT (S=H (NP (NP=H (NNP=H )) (PP (IN=H ) (NP (NP=H (NNPS=H ) (CC ) (NNPS )) (NP (NNS=H ))))) (VP=H (VBP=H ) (ADJP (JJ=H ))) (. ))),1,91507,"0,0850202128"
(ROOT (S=H (NP (NP=H (NP (NNP ) (NNPS ) (POS=H )) (NNP=H )) (PP (IN=H ) (NP (JJ ) (NNS=H )))) (VP=H (VBP=H ) (ADJP (JJ=H ))) (. ))),1,91508,"0,0850211419"
(ROOT (S=H (NP (NP=H (NNP=H )) (PP (IN=H ) (NP (NP=H (DT ) (NNP=H )) (PP (IN=H ) (NP (NNP ) (CC ) (NNP ) (NNS=H )))))) (VP=H (VBP=H ) (ADJP (JJ=H ))) (. ))),1,91509,"0,085022071"
(ROOT (S=H (NP (NP=H (NNP ) (NNP=H )) (PP (IN=H ) (NP (NP=H (DT ) (NN=H )) (PP (IN=H ) (NP (NNP ) (CC ) (NNP ) (NNP ) (NNS=H )))))) (VP=H (VBP=H ) (ADJP (JJ=H ))) (. ))),1,91510,"0,0850230002"
(ROOT (S=H (NP (NP=H (NNP ) (NNP=H )) (PP (IN=H ) (NP (NP=H (DT ) (NN=H )) (PP (IN=H ) (NP (NNP ) (NNP ) (NNS=H )))))) (VP=H (VBP=H ) (ADJP (JJ=H ))) (. ))),1,91511,"0,0850239293"
(ROOT (S=H (NP (NP=H (NNP ) (NNP=H )) (PP (IN=H ) (NP (DT ) (NNS ) (NNS=H )))) (VP=H (VBP=H ) (ADJP (JJ=H ))) (. ))),1,91512,"0,0850248584"
(ROOT (NP=H (NP=H (NP=H (NNP=H )) (PP (IN=H ) (NP (NP=H (DT ) (NNP=H )) (PP (IN=H ) (NP (NNPS=H )))))) (: ) (S (NP (NNP ) (NNS=H )) (VP=H (VBP=H ) (ADJP (JJ=H )))) (. ))),1,91513,"0,0850257875"
(ROOT (S=H (NP (NP=H (NNP=H )) (PP (IN=H ) (NP (NP=H (DT ) (NNS=H )) (PP (IN=H ) (NP (NNP ) (NNS=H )))))) (VP=H (VBP=H ) (ADJP (JJ=H ))) (. ))),1,91514,"0,0850267166"
(ROOT (S=H (NP (NP=H (NNP ) (NNP=H )) (PP (IN=H ) (NP (NP=H (NP=H (DT ) (NN=H )) (PP (IN=H ) (NP (NN=H )))) (: ) (NP (NP=H (NNS=H )) (PP (IN=H ) (NP (NP=H (DT ) (NN=H )) (PP (IN=H ) (NP (NN ) (NNS=H ))))))))) (VP=H (VBP=H ) (ADJP (JJ=H ))) (. ))),1,91515,"0,0850276457"
(ROOT (S=H (NP (NP=H (NP (NNP ) (NNPS ) (POS=H )) (NNP=H )) (PP (IN=H ) (NP (NP=H (NNP ) (NNP=H )) (: ) (NP (JJ ) (NNS=H ))))) (VP=H (VBP=H ) (ADJP (JJ=H ))) (. ))),1,91516,"0,0850285748"
(ROOT (S=H (NP (NP=H (NP (NNS ) (POS=H )) (NNP ) (NNP=H )) (PP (IN=H ) (NP (JJ ) (NNS=H )))) (VP=H (VBP=H ) (ADJP (JJ=H ))) (. ))),1,91517,"0,0850295039"
(ROOT (S=H (NP (NP=H (NNP=H )) (PP (IN=H ) (NP (NP (DT ) (NNS ) (POS=H )) (NNP ) (NNS=H )))) (VP=H (VBP=H ) (ADJP (JJ=H ))) (. ))),1,91518,"0,085030433"
(ROOT (S=H (NP (NNP=H )) (VP=H (VBD=H ) (SBAR (S=H (NP (NP=H (NN=H )) (PP (IN=H ) (NP (NN ) (NNS=H )))) (VP=H (VBP=H ) (ADJP (JJ=H )))))) (. ))),1,91519,"0,0850313622"
(ROOT (S=H (NP (NP=H (NNP=H )) (PP (IN=H ) (NP (NP=H (DT ) (NN=H )) (PP (IN=H ) (NP (NNP ) (CC ) (NNP ) (NNS=H )))))) (VP=H (VBP=H ) (ADJP (JJ=H ))) (. ))),1,91520,"0,0850322913"
(ROOT (S=H (NP (NP=H (JJ ) (NN=H )) (PP (IN=H ) (NP (NP (DT ) (NNPS ) (POS=H )) (JJ ) (NNS=H )))) (VP=H (VBP=H ) (ADJP (JJ=H ))) (. ))),1,91521,"0,0850332204"
(ROOT (S=H (NP (NNP ) (NNP=H )) (PRN (-LRB- ) (NP=H (JJ ) (NN=H )) (-RRB- )) (NP (JJ ) (NNS=H )) (VP=H (VBP=H ) (ADJP (JJ=H ))) (. ))),1,91522,"0,0850341495"
"(ROOT (S=H (NP (NP=H (NNP=H )) (PP (IN=H ) (NP (NP=H (DT ) (NN=H )) (, ) (NP (NNP=H )) (, ) (CC ) (NP (NP=H (NN=H )) (PP (IN=H ) (NP (NNP ) (NNS=H ))))))) (VP=H (VBP=H ) (ADJP (JJ=H ))) (. )))",1,91523,"0,0850350786"
(ROOT (S=H (NP (NNP=H )) (VP=H (VBZ=H ) (S (VP=H (VBG=H ) (SBAR (S=H (NP (NNS=H )) (VP=H (VBP=H ) (ADJP (JJ=H )))))))) (. ))),1,91524,"0,0850360077"
(ROOT (S=H (NP (NP=H (NNP=H )) (PP (IN=H ) (NP (DT ) (NNP ) (CC ) (NNP ) (NNS=H )))) (VP=H (VBP=H ) (ADJP (JJ=H ))) (. ))),1,91525,"0,0850369368"
(ROOT (S=H (NP (NP=H (NP=H (NNP=H )) (PP (IN=H ) (NP (NN=H )))) (CC ) (NP (NNP ) (NNP ) (PRN (-LRB- ) (NP=H (NNP=H )) (-RRB- )) (NNS=H ))) (VP=H (VBP=H ) (ADJP (JJ=H ))) (. ))),1,91526,"0,0850378659"
(ROOT (S=H (NP (NP=H (NNP=H )) (PP (IN=H ) (NP (NNP ) (CC ) (NNP ) (NNP ) (NNP ) (NNP ) (NNS=H )))) (VP=H (VBP=H ) (ADJP (JJ=H ))) (. ))),1,91527,"0,0850387951"
(ROOT (NP=H (NP=H (NP=H (NNP=H )) (PP (IN=H ) (NP (NNP ) (NNPS=H )))) (: ) (S (NP (NNP ) (NNS=H )) (VP=H (VBP=H ) (ADJP (JJ=H )))) (. ))),1,91528,"0,0850397242"
(ROOT (S=H (NP (NP=H (NNP ) (NNP=H )) (PP (IN=H ) (NP (NP=H (DT ) (NN=H )) (PP (IN=H ) (NP (NN ) (NNS=H )))))) (VP=H (VBP=H ) (ADJP (JJ=H ))) (. ))),1,91529,"0,0850406533"
(ROOT (NP=H (NP=H (NP=H (NNP=H )) (PP (IN=H ) (NP (NNP=H ) (CC ) (NNP )))) (: ) (NP (NP=H (NNP ) (NNP ) (NNP=H )) (SBAR (S=H (NP (NNS=H )) (VP=H (VBP=H ) (ADJP (JJ=H )))))) (. ))),1,91530,"0,0850415824"
(ROOT (NP=H (NP=H (NP=H (NNP ) (NNP=H )) (PP (IN=H ) (NP (NNP=H )))) (: ) (NP (NP=H (NNP ) (NNP ) (NNP=H )) (SBAR (S=H (NP (NNS=H )) (VP=H (VBP=H ) (ADJP (JJ=H )))))) (. ))),1,91531,"0,0850425115"
(ROOT (S=H (NP (NP=H (NNP=H )) (PP (IN=H ) (NP (NP=H (DT ) (NNS=H )) (PP (IN=H ) (NP (JJ ) (PRN (-LRB- ) (NP=H (NNP=H )) (-RRB- )) (NNS=H )))))) (VP=H (VBP=H ) (ADJP (JJ=H ))) (. ))),1,91532,"0,0850434406"
(ROOT (S=H (NP (NP=H (NNP=H )) (PP (IN=H ) (NP (NN ) (CC ) (JJ ) (JJ ) (NNS=H )))) (VP=H (VBP=H ) (ADJP (JJ=H ))) (. ))),1,91533,"0,0850443697"
(ROOT (S=H (NP (NP=H (NP=H (NNP=H )) (PRN (-LRB- ) (NP=H (NNP ) (NNPS=H )) (-RRB- ))) (PP (IN=H ) (NP (JJ ) (NNS=H )))) (VP=H (VBP=H ) (ADJP (JJ=H ))) (. ))),1,91534,"0,0850452988"
(ROOT (S=H (NP (NP=H (NNP=H )) (PP (IN=H ) (NP (NP=H (DT ) (NNP=H )) (PP (IN=H ) (NP (DT ) (ADJP (JJ ) (JJ=H )) (NNS ) (NNS=H )))))) (VP=H (VBP=H ) (ADJP (JJ=H ))) (. ))),1,91535,"0,0850462279"
(ROOT (S=H (NP (NNP ) (NNP=H )) (NP (`` ) (NNP ) (NNP ) (NNP ) ('' ) (NNS=H )) (VP=H (VBP=H ) (ADJP (JJ=H ))) (. ))),1,91536,"0,0850471571"
(ROOT (S=H (NP (NP=H (NNP=H )) (PP (IN=H ) (NP (NP=H (DT ) (NNPS=H )) (PP (IN=H ) (NP (JJ ) (NNS=H )))))) (VP=H (VBP=H ) (ADJP (JJ=H ))) (. ))),1,91537,"0,0850480862"
(ROOT (S=H (NP (NP (NNP ) (NNPS ) (NNP=H )) (PRN (-LRB- ) (NP=H (NNP ) (NNP=H )) (-RRB- )) (NNS=H )) (VP=H (VBP=H ) (ADJP (JJ=H ))) (. ))),1,91538,"0,0850490153"
(ROOT (S=H (NP (NP (NNS ) (POS=H )) (JJ ) (NNP ) (PRN (-LRB- ) (NP=H (NP=H (NNP ) (NNP=H )) (CC ) (NP (DT ) (NNPS=H ))) (-RRB- )) (NNP=H )) (VP=H (VBP=H ) (ADJP (JJ=H ))) (. ))),1,91539,"0,0850499444"
(ROOT (S=H (NP (NP (NNP ) (NNP ) (NNP=H )) (PRN (-LRB- ) (NP=H (NP=H (NNP ) (NNP=H )) (CC ) (NP (DT ) (NNPS=H ))) (-RRB- )) (NNS=H )) (VP=H (VBP=H ) (ADJP (JJ=H ))) (. ))),1,91540,"0,0850508735"
(ROOT (NP=H (NP=H (NNP ) (NNP ) (CC ) (NNP ) (NNP=H )) (: ) (S (NP (JJ ) (NNP ) (NNS=H )) (VP=H (VBP=H ) (ADJP (JJ=H )))) (. ))),1,91541,"0,0850518026"
(ROOT (NP=H (NP=H (JJS=H )) (: ) (S (NP (NNP ) (NNS=H )) (VP=H (VBP=H ) (ADJP (JJ=H )))) (. ))),1,91542,"0,0850527317"
(ROOT (S=H (NP (NP=H (NNP=H )) (PP (IN=H ) (NP (DT ) (NNP ) (PRN (-LRB- ) (NP=H (NNP=H ) (CC ) (NNP )) (-RRB- )) (NNS=H )))) (VP=H (VBP=H ) (ADJP (JJ=H ))) (. ))),1,91543,"0,0850536608"
(ROOT (S=H (S=H (NP (NP=H (NNP ) (NNP=H )) (PP (IN=H ) (NP (NNP=H )))) (VP=H (VBP=H ))) (: ) (S (NP (NNP ) (NNP ) (NNP ) (NNS=H )) (VP=H (VBP=H ) (ADJP (JJ=H )))) (. ))),1,91544,"0,08505459"
(ROOT (S=H (NP (NP=H (NNP=H )) (PP (IN=H ) (NP (NP=H (DT ) (NNS=H )) (PP (IN=H ) (NP (DT ) (JJ ) (NNS=H )))))) (VP=H (VBP=H ) (ADJP (JJ=H ))) (. ))),1,91545,"0,0850555191"
(ROOT (NP=H (NP=H (JJ ) (NN ) (NNS=H )) (: ) (S (NP (CD=H )) (VP=H (VBP=H ) (ADJP (JJ=H )))) (. ))),1,91546,"0,0850564482"
(ROOT (NP=H (NP=H (NP (NNP ) (NNP ) (POS=H )) (NNP=H )) (: ) (NP (NP=H (NNP=H )) (SBAR (IN=H ) (S (NP (NNP ) (NNS=H )) (VP=H (VBP=H ) (ADJP (JJ=H )))))) (. ))),1,91547,"0,0850573773"
(ROOT (NP=H (NP=H (NP (NNP ) (NNP ) (POS=H )) (NNP=H )) (: ) (NP (NP=H (JJ ) (NNS=H )) (SBAR (S=H (VP=H (VBP=H ) (ADJP (JJ=H )))))) (. ))),1,91548,"0,0850583064"
"(ROOT (S=H (NP (NP=H (NNP ) (, ) (NNP=H )) (PP (IN=H ) (NP (DT ) (NNP ) (NNS=H )))) (VP=H (VBP=H ) (ADJP (JJ=H ))) (. )))",1,91549,"0,0850592355"
(ROOT (S=H (NP (NP=H (NNP ) (NNP=H )) (PP (IN=H ) (NP (DT ) (NNP ) (CC ) (NNP ) (NNP ) (NNS=H )))) (VP=H (VBP=H ) (ADJP (JJ=H ))) (. ))),1,91550,"0,0850601646"
(ROOT (S=H (NP (NAC (NAC=H (NNP=H ) (PP (IN=H ) (NP (JJ ) (NNS=H )))) (PRN (-LRB- ) (NP=H (NP=H (NNP=H )) (PP (IN=H ) (NP (DT ) (NNP=H )))) (-RRB- ))) (NNS=H )) (VP=H (VBP=H ) (ADJP (JJ=H ))) (. ))),1,91551,"0,0850610937"
(ROOT (S=H (NP (ADJP (ADJP=H (JJ=H ) (PP (IN=H ) (NP (NNP=H ) (CC ) (NNP )))) (PRN (-LRB- ) (NP=H (NP=H (NNP=H )) (PP (IN=H ) (NP (DT ) (NNP=H )))) (-RRB- ))) (NNS=H )) (VP=H (VBP=H ) (ADJP (JJ=H ))) (. ))),1,91552,"0,0850620228"
(ROOT (S=H (NP (NP=H (NP=H (NNP=H )) (PP (IN=H ) (NP (NN=H )))) (CC ) (NP (DT ) (NN ) (PRN (-LRB- ) (NP=H (NP=H (NNP=H )) (PP (IN=H ) (NP (DT ) (NNP=H )))) (-RRB- )) (NNS=H ))) (VP=H (VBP=H ) (ADJP (JJ=H ))) (. ))),1,91553,"0,085062952"
(ROOT (S=H (NP (NP=H (NNP=H )) (PP (IN=H ) (NP (DT ) (NNP ) (PRN (-LRB- ) (NP=H (NP=H (NNP=H )) (PP (IN=H ) (NP (DT ) (NNP=H )))) (-RRB- )) (NNS=H )))) (VP=H (VBP=H ) (ADJP (JJ=H ))) (. ))),1,91554,"0,0850638811"
(ROOT (S=H (NP (NP=H (NNP=H )) (PP (IN=H ) (NP (JJ ) (PRN (-LRB- ) (NP=H (NP=H (NNP=H )) (PP (IN=H ) (NP (DT ) (NNP=H )))) (-RRB- )) (NNS=H )))) (VP=H (VBP=H ) (ADJP (JJ=H ))) (. ))),1,91555,"0,0850648102"
(ROOT (NP=H (NP=H (NNP=H ) (CD )) (: ) (S (NP (NP=H (NNP=H )) (PP (IN=H ) (NP (NP=H (DT ) (NNP=H )) (PP (IN=H ) (NP (DT ) (NNP ) (NNS=H )))))) (VP=H (VBP=H ) (ADJP (JJ=H )))) (. ))),1,91556,"0,0850657393"
(ROOT (NP=H (NP=H (DT ) (NNS=H )) (: ) (S (NP (NNP ) (NNP ) (NNP=H )) (VP=H (VBP=H ) (ADJP (JJ=H )))) (. ))),1,91557,"0,0850666684"
(ROOT (S=H (NP (NNP=H )) (VP=H (VBD=H ) (SBAR (S=H (NP (NP=H (NNS=H )) (PP (IN=H ) (NP (NNP ) (CC ) (NNP ) (NNS=H )))) (VP=H (VBP=H ) (ADJP (JJ=H )))))) (. ))),1,91558,"0,0850675975"
(ROOT (S=H (NP (NNP=H )) (VP=H (VBD=H ) (SBAR (S=H (NP (NP=H (NNS=H )) (PP (IN=H ) (NP (NP=H (NNS=H )) (VP (VBN=H ) (PP (IN=H ) (NP (NN=H ))))))) (VP=H (VBP=H ) (ADJP (JJ=H )))))) (. ))),1,91559,"0,0850685266"
(ROOT (S=H (NP (NP=H (NNP=H )) (PP (IN=H ) (NP (DT ) (NNP ) (NN=H )))) (VP=H (VBP=H ) (SBAR (S=H (NP (NNP ) (NNS=H )) (VP=H (VBP=H ) (ADJP (JJ=H )))))) (. ))),1,91560,"0,0850694557"
"(ROOT (S=H (S (NP=H (NP=H (NNS=H )) (PP (IN=H ) (NP (DT ) (NNP ) (NNP ) (NNP ) (NNP=H ))))) (, ) (NP (NNP ) (NNP=H )) (VP=H (VBP=H ) (ADJP (JJ=H ))) (. )))",1,91561,"0,0850703848"
(ROOT (S=H (NP (NP (NNP ) (NNP ) (NNP=H )) (PRN (-LRB- ) (NNP=H ) (NNP ) (-RRB- )) (NNS=H )) (VP=H (VBP=H ) (ADJP (JJ=H ))) (. ))),1,91562,"0,085071314"
(ROOT (S=H (NP (NP=H (NNP ) (NNP=H )) (PP (IN=H ) (NP (DT ) (NNP ) (NNP ) (NNPS ) (NN ) (NNS=H )))) (VP=H (VBP=H ) (ADJP (JJ=H ))) (. ))),1,91563,"0,0850722431"
(ROOT (S=H (NP (ADJP (JJ=H ) (PP (IN=H ) (NP (DT ) (NNP ) (NNP ) (NNPS=H )))) (JJ ) (NNS=H )) (VP=H (VBP=H ) (ADJP (JJ=H ))) (. ))),1,91564,"0,0850731722"
(ROOT (S=H (NP (NP=H (NNP ) (NN=H )) (PP (IN=H ) (NP (NP=H (DT ) (NN=H )) (PP (IN=H ) (NP (DT ) (NNPS=H )))))) (VP=H (VBP=H ) (ADJP (JJ=H ))) (. ))),1,91565,"0,0850741013"
(ROOT (S=H (NP (NP=H (NNP=H )) (PP (IN=H ) (NP (NP=H (DT ) (NNP=H )) (PP (IN=H ) (NP (NP=H (DT ) (NN=H )) (PP (IN=H ) (NP (NNP ) (NNS=H )))))))) (VP=H (VBP=H ) (ADJP (JJ=H ))) (. ))),1,91566,"0,0850750304"
(ROOT (S=H (NP (NP (DT ) (NNS ) (POS=H )) (NNP ) (NNS=H )) (VP=H (VBP=H ) (ADJP (JJ=H ))) (. ))),1,91567,"0,0850759595"
(ROOT (S=H (NP (NP=H (NP (NNS ) (POS=H )) (NNP=H )) (PP (IN=H ) (NP (JJ ) (NNP ) (NNS=H )))) (VP=H (VBP=H ) (ADJP (JJ=H ))) (. ))),1,91568,"0,0850768886"
"(ROOT (S=H (NP (ADJP (JJ=H ) (PP (IN=H ) (NP (NNP ) (, ) (NNP=H ) (CC ) (NNP )))) (NNS=H )) (VP=H (VBP=H ) (ADJP (JJ=H ))) (. )))",1,91569,"0,0850778177"
(ROOT (NP=H (NP=H (NNP ) (NNP ) (NNP ) (NNP=H )) (: ) (S (NP (NP (NNS ) (POS=H )) (NNP ) (NNS=H )) (VP=H (VBP=H ) (ADJP (JJ=H )))) (. ))),1,91570,"0,0850787469"
(ROOT (NP=H (NP=H (NNP ) (NNP ) (NNP ) (NNP=H )) (: ) (S (NP (NP=H (NNP ) (NNP=H )) (PP (IN=H ) (NP (NNP ) (NNP ) (NNP ) (NNS=H )))) (VP=H (VBP=H ) (ADJP (JJ=H )))) (. ))),1,91571,"0,085079676"
(ROOT (S=H (NP (NP=H (NP (NNP ) (NNP ) (POS=H )) (NNP=H )) (PP (IN=H ) (NP (DT ) (NNP ) (NNP ) (NNS=H )))) (VP=H (VBP=H ) (ADJP (JJ=H ))) (. ))),1,91572,"0,0850806051"
(ROOT (S=H (NP (NP=H (NNP=H )) (PP (IN=H ) (NP (NP=H (NNPS=H )) (PP (IN=H ) (NP (NNP ) (CC ) (NNP ) (NNS=H )))))) (VP=H (VBP=H ) (ADJP (JJ=H ))) (. ))),1,91573,"0,0850815342"
(ROOT (S=H (NP (NP=H (JJ ) (JJ ) (NN=H )) (PP (IN=H ) (NP (NNP ) (NNS=H )))) (VP=H (VBP=H ) (ADJP (JJ=H ))) (. ))),1,91574,"0,0850824633"
(ROOT (S=H (NP (NNP=H )) (VP=H (VBP=H ) (SBAR (S=H (NP (NP=H (NNS=H ) (CC ) (NNS )) (PP (IN=H ) (NP (DT ) (NNP ) (NNPS=H )))) (VP=H (VBP=H ) (ADJP (JJ=H )))))) (. ))),1,91575,"0,0850833924"
(ROOT (S=H (NP (NNP=H )) (VP=H (VBP=H ) (SBAR (S=H (NP (NP=H (NNS=H )) (PP (IN=H ) (NP (DT ) (NNP ) (NNPS=H )))) (VP=H (VBP=H ) (ADJP (JJ=H )))))) (. ))),1,91576,"0,0850843215"
"(ROOT (S=H (NP (NP=H (NNP=H )) (PP (IN=H ) (NP (NN ) (, ) (NN ) (, ) (CC ) (NNP ) (NNS=H )))) (VP=H (VBP=H ) (ADJP (JJ=H ))) (. )))",1,91577,"0,0850852506"
(ROOT (S=H (NP (NP=H (NNP=H )) (PP (IN=H ) (NP (NP=H (DT ) (NNP=H )) (PP (IN=H ) (NP (DT ) (NNP ) (NNS=H )))))) (VP=H (VBP=H ) (ADJP (JJ=H ))) (. ))),1,91578,"0,0850861797"
(ROOT (S=H (NP (NP=H (NP (NNS ) (POS=H )) (NNP=H )) (PP (IN=H ) (NP (NNP ) (CC ) (NNP ) (NNS=H )))) (VP=H (VBP=H ) (ADJP (JJ=H ))) (. ))),1,91579,"0,0850871089"
(ROOT (S=H (NP (NP (NNP ) (NNP ) (NNP=H )) (PRN (-LRB- ) (NP=H (NP=H (NNP ) (NNP=H )) (PP (IN=H ) (NP (DT ) (NNP=H )))) (-RRB- )) (NNS=H )) (VP=H (VBP=H ) (ADJP (JJ=H ))) (. ))),1,91580,"0,085088038"
(ROOT (NP=H (NP=H (NNP ) (NNP ) (NNP=H )) (: ) (S (NP (NP=H (NNP=H )) (PP (IN=H ) (NP (NP=H (NNP=H )) (PP (IN=H ) (NP (JJ ) (NN ) (NNS=H )))))) (VP=H (VBP=H ) (ADJP (JJ=H )))) (. ))),1,91581,"0,0850889671"
(ROOT (S=H (NP (NP=H (NNP ) (NNP=H )) (PP (IN=H ) (NP (NP=H (DT ) (NNP ) (NNS=H )) (PP (IN=H ) (NP (NNS=H )))))) (VP=H (VBP=H ) (ADJP (JJ=H ))) (. ))),1,91582,"0,0850898962"
(ROOT (S=H (NP (NP=H (NP=H (NNP=H )) (PP (IN=H ) (NP (NN=H )))) (CC ) (NP (NNP ) (NNP ) (PRN (-LRB- ) (NP=H (NP=H (NNP ) (NNP=H )) (PP (IN=H ) (NP (DT ) (NNP=H )))) (-RRB- )) (NNS=H ))) (VP=H (VBP=H ) (ADJP (JJ=H ))) (. ))),1,91583,"0,0850908253"
(ROOT (S=H (NP (NP=H (NNP=H )) (PP (IN=H ) (NP (NNPS ) (CC ) (NNP ) (NNPS ) (NNS=H )))) (VP=H (VBP=H ) (ADJP (JJ=H ))) (. ))),1,91584,"0,0850917544"
(ROOT (S=H (NP (NP=H (NNP ) (NNP ) (NNP=H )) (PP (IN=H ) (NP (NN ) (CC ) (NN ) (NNS=H )))) (VP=H (VBP=H ) (ADJP (JJ=H ))) (. ))),1,91585,"0,0850926835"
(ROOT (S=H (NP (NP=H (NNP=H )) (PP (IN=H ) (NP (NP=H (NNPS=H )) (PP (IN=H ) (NP (JJ ) (NNS=H )))))) (VP=H (VBP=H ) (ADJP (JJ=H ))) (. ))),1,91586,"0,0850936126"
(ROOT (S=H (NP (NP=H (NNP=H )) (PP (IN=H ) (NP (NP=H (NNP ) (NNPS=H )) (PP (IN=H ) (NP (NNP ) (NNS=H )))))) (VP=H (VBP=H ) (ADJP (JJ=H ))) (. ))),1,91587,"0,0850945417"
(ROOT (S=H (NP (NP (NNP ) (NNP ) (NNP=H )) (PRN (-LRB- ) (NP=H (NNP=H ) (CD )) (-RRB- )) (NNS=H )) (VP=H (VBP=H ) (ADJP (JJ=H ))) (. ))),1,91588,"0,0850954709"
(ROOT (S=H (NP (NP=H (NNP=H )) (PP (IN=H ) (NP (NP=H (NNPS=H )) (: ) (NP (NP=H (NNP=H )) (PP (IN=H ) (NP (NNP ) (NNS=H ))))))) (VP=H (VBP=H ) (ADJP (JJ=H ))) (. ))),1,91589,"0,0850964"
(ROOT (S=H (ADVP (RB=H )) (PP (IN=H ) (NP (NNP=H ))) (NP (NNS=H )) (VP=H (VBP=H ) (ADJP (JJ=H ))) (. ))),1,91590,"0,0850973291"
(ROOT (S=H (NP (NP=H (NNP ) (NNP=H )) (CC ) (NP (NP=H (DT ) (NNPS=H )) (PP (IN=H ) (NP (DT ) (NNP ) (NNP ) (NNPS=H ))))) (VP=H (VBP=H ) (ADJP (JJ=H ))) (. ))),1,91591,"0,0850982582"
(ROOT (S=H (NP (NP (NNP ) (NNP ) (POS=H )) (NNP ) (PRN (-LRB- ) (NP=H (CD=H )) (-RRB- )) (NNP=H )) (VP=H (VBP=H ) (ADJP (JJ=H ))) (. ))),1,91592,"0,0850991873"
(ROOT (S=H (NP (NP=H (NP (NNS ) (POS=H )) (JJ ) (NN=H )) (PP (IN=H ) (NP (JJ ) (NNS=H )))) (VP=H (VBP=H ) (ADJP (JJ=H ))) (. ))),1,91593,"0,0851001164"
(ROOT (S=H (NP (NP=H (NNP=H )) (PP (IN=H ) (NP (NP=H (NNP ) (NNP=H )) (PP (IN=H ) (NP (NP=H (DT ) (NNPS=H )) (PP (IN=H ) (NP (NNP=H )))))))) (VP=H (VBP=H ) (ADJP (JJ=H ))) (. ))),1,91594,"0,0851010455"
(ROOT (S=H (NP (NP=H (NNP=H )) (PP (IN=H ) (NP (NP=H (DT ) (NN=H )) (PP (IN=H ) (NP (DT ) (NNP ) (NNP ) (NNS=H )))))) (VP=H (VBP=H ) (ADJP (JJ=H ))) (. ))),1,91595,"0,0851019746"
"(ROOT (NP=H (NP=H (NNP ) (NNP=H )) (, ) (NP (NNP ) (NNP=H )) (, ) (NP (NP=H (JJ ) (JJ ) (NNS=H )) (PP (IN=H ) (NP (NNP=H )))) (, ) (NP (NP=H (NNP ) (NNP=H )) (PP (IN=H ) (NP (DT ) (NNP ) (NNPS=H )))) (, ) (NP (NNP ) (NNP=H )) (, ) (NP (NP=H (NNS=H ) (CC ) (NNS )) (PP (IN=H ) (NP (NNP=H )))) (, ) (NP (NNP=H )) (, ) (S (NP (JJ ) (NNS=H )) (VP=H (VBP=H ) (ADJP (JJ=H )))) (. )))",1,91596,"0,0851029038"
(ROOT (S=H (NP (NP (NNP ) (NNP ) (NNP ) (NNS ) (POS=H )) (NNP ) (NNS=H )) (VP=H (VBP=H ) (ADJP (JJ=H ))) (. ))),1,91597,"0,0851038329"
(ROOT (S=H (NP (NP=H (NNP ) (NNP ) (NNP ) (NNPS ) (NNP=H )) (PP (IN=H ) (NP (DT ) (JJ ) (NNP ) (NNS=H )))) (VP=H (VBP=H ) (ADJP (JJ=H ))) (. ))),1,91598,"0,085104762"
(ROOT (S=H (NP (NP=H (NP (NNP ) (NNP ) (NNPS ) (POS=H )) (NNP=H )) (PP (IN=H ) (NP (NP (NNP ) (NNP ) (POS=H )) (NNS=H )))) (VP=H (VBP=H ) (ADJP (JJ=H ))) (. ))),1,91599,"0,0851056911"
(ROOT (S=H (NP (NP=H (NP (NNS ) (POS=H )) (NN=H )) (PP (IN=H ) (NP (NNP ) (CC ) (NNP ) (NNS=H )))) (VP=H (VBP=H ) (ADJP (JJ=H ))) (. ))),1,91600,"0,0851066202"
(ROOT (S=H (NP (NP=H (JJ ) (NNP ) (NNP ) (NN=H )) (PP (IN=H ) (NP (NP=H (DT ) (NNP ) (NNPS=H )) (PP (IN=H ) (NP (NN=H )))))) (VP=H (VBP=H ) (ADJP (JJ=H ))) (. ))),1,91601,"0,0851075493"
(ROOT (NP=H (NP=H (NP (NNS ) (POS=H )) (NNP ) (NNP=H )) (: ) (NP (NP=H (NNP ) (NNP=H )) (SBAR (S=H (NP (NNS=H )) (VP=H (VBP=H ) (ADJP (JJ=H )))))) (. ))),1,91602,"0,0851084784"
(ROOT (S=H (NP (NAC (NP=H (NNP ) (NNP=H )) (ADVP (RB=H ))) (NNP ) (NNP=H )) (VP=H (VBP=H ) (ADJP (JJ=H ))) (. ))),1,91603,"0,0851094075"
(ROOT (S=H (NP (NP=H (NNP=H )) (PP (IN=H ) (NP (NP=H (NNS=H )) (CC ) (NP (NNP ) (NNS=H ))))) (VP=H (VBP=H ) (ADJP (JJ=H ))) (. ))),1,91604,"0,0851103366"
(ROOT (S=H (NP (NP=H (NN=H )) (PP (IN=H ) (NP (NNP ) (NNS ) (NNS=H )))) (VP=H (VBP=H ) (ADJP (JJ=H ))) (. ))),1,91605,"0,0851112658"
(ROOT (S=H (NP (NP (NNP ) (NNP ) (NNP=H )) (PRN (-LRB- ) (NP=H (JJ=H )) (: ) (NP (NP=H (NNP=H )) (: ) (NP (NNP=H ))) (-RRB- )) (NNS=H )) (VP=H (VBP=H ) (ADJP (JJ=H ))) (. ))),1,91606,"0,0851121949"
(ROOT (S=H (NP (NNP=H )) (PP (IN=H ) (NP (DT ) (NN=H ))) (NP (JJ ) (NNS=H )) (VP=H (VBP=H ) (ADJP (JJ=H ))) (. ))),1,91607,"0,085113124"
(ROOT (S=H (NP (JJ ) (PRN (: ) (NP=H (NP=H (NNP ) (NNP=H )) (PP (IN=H ) (NP (NNP=H ))))) (NNS=H )) (VP=H (VBP=H ) (ADJP (JJ=H ))) (. ))),1,91608,"0,0851140531"
(ROOT (S=H (NP (NP (JJ ) (NNS ) (POS=H )) (NNP ) (JJ ) (NN ) (NNS=H )) (VP=H (VBP=H ) (ADJP (JJ=H ))) (. ))),1,91609,"0,0851149822"
(ROOT (FRAG=H (NP (NNP ) (NNP=H )) (: ) (S=H (NP (NP=H (NNP=H )) (PP (IN=H ) (NP (NNP ) (CC ) (NNP ) (NNP ) (NNS=H )))) (VP=H (VBP=H ) (ADJP (JJ=H )))) (. ))),1,91610,"0,0851159113"
(ROOT (S=H (NP (NP (JJ ) (JJ ) (NNS ) (POS=H )) (JJ ) (NNP ) (NNS=H )) (VP=H (VBP=H ) (ADJP (JJ=H ))) (. ))),1,91611,"0,0851168404"
(ROOT (S=H (NP (NP=H (JJ ) (NNP ) (NNP ) (NN=H )) (PP (IN=H ) (NP (JJS ) (NNP ) (NNS=H )))) (VP=H (VBP=H ) (ADJP (JJ=H ))) (. ))),1,91612,"0,0851177695"
(ROOT (NP=H (NP=H (NNP=H )) (: ) (NP (NP=H (NNP ) (NNPS=H )) (SBAR (S=H (NP (NP (NNS ) (POS=H )) (NN ) (NN ) (NNS=H )) (VP=H (VBP=H ) (ADJP (JJ=H )))))) (. ))),1,91613,"0,0851186986"
(ROOT (S=H (NP (NP=H (NNP ) (NN ) (NN=H )) (PP (IN=H ) (NP (DT ) (NNP ) (NNPS ) (NNS=H )))) (VP=H (VBP=H ) (ADJP (JJ=H ))) (. ))),1,91614,"0,0851196278"
(ROOT (NP=H (NP=H (NP=H (NNP=H )) (PP (IN=H ) (NP (NP=H (DT ) (NNP=H )) (PP (IN=H ) (NP (NN=H )))))) (: ) (NP (NP=H (NNS=H )) (SBAR (S=H (NP (NNS=H )) (VP=H (VBP=H ) (ADJP (JJ=H )))))) (. ))),1,91615,"0,0851205569"
(ROOT (S=H (NP (NP=H (NNP=H )) (PP (IN=H ) (NP (NP=H (DT ) (NNP=H )) (PP (IN=H ) (NP (NN ) (NNS=H )))))) (VP=H (VBP=H ) (ADJP (JJ=H ))) (. ))),1,91616,"0,085121486"
(ROOT (S=H (ADVP (RB=H )) (NP (PRP=H )) (VP=H (VBD=H ) (SBAR (S=H (NP (NNP ) (NNS=H )) (VP=H (VBP=H ) (ADJP (JJ=H )))))) (. ))),1,91617,"0,0851224151"
(ROOT (NP=H (NP=H (NP=H (NNP ) (NNP=H )) (PP (IN=H ) (NP (NNP=H ) (CC ) (NNP )))) (: ) (S (NP (NNP ) (NNS=H )) (VP=H (VBP=H ) (ADJP (JJ=H )))) (. ))),1,91618,"0,0851233442"
"(ROOT (S=H (NP (NP=H (NNP ) (, ) (NNP=H ) (, )) (CC ) (NP (NNP ) (NNP ) (NNS=H ))) (VP=H (VBP=H ) (ADJP (JJ=H ))) (. )))",1,91619,"0,0851242733"
(ROOT (S=H (NP (NNP=H )) (PRN (-LRB- ) (NP=H (NN ) (NN=H )) (-RRB- )) (NP (NN ) (NN ) (NNS=H )) (VP=H (VBP=H ) (ADJP (JJ=H ))) (. ))),1,91620,"0,0851252024"
(ROOT (NP=H (NP=H (NNP=H )) (: ) (S (NP (NNP ) (NNPS ) (NNP ) (NNS=H )) (VP=H (VBP=H ) (ADJP (JJ=H )))) (. ))),1,91621,"0,0851261315"
(ROOT (NP=H (NP=H (NNP=H )) (: ) (S (NP (DT ) (NNP ) (NNP ) (NNS=H )) (VP=H (VBP=H ) (ADJP (JJ=H )))) (. ))),1,91622,"0,0851270607"
(ROOT (S=H (NP (NP=H (NNP=H )) (PP (IN=H ) (NP (NP=H (DT ) (NN=H )) (PP (IN=H ) (NP (NNP ) (NNP ) (NNS=H )))))) (VP=H (VBP=H ) (ADJP (JJ=H ))) (. ))),1,91623,"0,0851279898"
(ROOT (S=H (NP (NP (NNP=H ) (CC ) (NNP )) (PRN (-LRB- ) (NP=H (JJ ) (NN=H )) (-RRB- )) (NNS=H )) (VP=H (VBP=H ) (ADJP (JJ=H ))) (. ))),1,91624,"0,0851289189"
(ROOT (S=H (NP (JJ ) (PRN (: ) (NP=H (NNP ) (NNP=H ))) (NNS=H )) (VP=H (VBP=H ) (ADJP (JJ=H ))) (. ))),1,91625,"0,085129848"
(ROOT (S=H (SBAR (WHADVP=H (WRB=H )) (S (NP (PRP=H )) (VP=H (VBZ=H ) (NP (PRP$ ) (NNP ) (NN ) (NN=H ))))) (NP (NNS=H )) (VP=H (VBP=H ) (ADJP (JJ=H ))) (. ))),1,91626,"0,0851307771"
(ROOT (S=H (NP (NP=H (NNP=H )) (PP (IN=H ) (NP (DT ) (JJ ) (NNS ) (NNS=H )))) (VP=H (VBP=H ) (ADJP (JJ=H ))) (. ))),1,91627,"0,0851317062"
(ROOT (S=H (NP (NNP=H )) (ADVP (RB=H ) (PP (TO=H ) (NP (DT ) (NNP ) (NNS=H )))) (VP=H (VBP=H ) (ADJP (JJ=H ))) (. ))),1,91628,"0,0851326353"
(ROOT (S=H (NP (NP=H (NNP ) (NNPS ) (NNP ) (NNP ) (NNS=H )) (VP (VBN=H ) (PP (TO=H ) (NP (NP=H (DT ) (NNP=H )) (PP (IN=H ) (NP (NNP ) (NNP=H ))))))) (VP=H (VBP=H ) (ADJP (JJ=H ))) (. ))),1,91629,"0,0851335644"
(ROOT (S=H (ADVP (RB=H )) (PP (IN=H ) (NP (DT ) (CD ) (NNPS=H ))) (NP (NNP ) (NNPS=H )) (VP=H (VBP=H ) (ADJP (JJ=H ))) (. ))),1,91630,"0,0851344935"
(ROOT (S=H (NP (NP=H (NNP=H )) (PP (IN=H ) (NP (NP=H (DT ) (NNP=H )) (PP (IN=H ) (NP (JJ ) (NNP ) (NNS=H )))))) (VP=H (VBP=H ) (ADJP (JJ=H ))) (. ))),1,91631,"0,0851354227"
(ROOT (S=H (NP (NP=H (NNP=H )) (PP (IN=H ) (NP (NP=H (NNP=H )) (PP (IN=H ) (NP (NN ) (NNS=H )))))) (VP=H (VBP=H ) (ADJP (JJ=H ))) (. ))),1,91632,"0,0851363518"
(ROOT (S=H (NP (NNPS ) (CC ) (NN ) (NN ) (NN ) (NNS=H )) (PP (IN=H ) (NP (NNS=H ))) (VP=H (VBP=H ) (ADJP (JJ=H ))) (. ))),1,91633,"0,0851372809"
(ROOT (NP=H (NP=H (NNP=H )) (: ) (S (NP (NP=H (NNP ) (NNP=H )) (PP (IN=H ) (NP (NNP ) (NN=H )))) (VP=H (VBP=H ) (ADJP (JJ=H )))) (. ))),1,91634,"0,08513821"
(ROOT (NP=H (NP=H (NP=H (NNP ) (NNP=H )) (PP (IN=H ) (NP (NNP=H )))) (: ) (NP (NP=H (NNP ) (NNPS ) (NNP=H )) (SBAR (S=H (NP (NNS=H )) (VP=H (VBP=H ) (ADJP (JJ=H )))))) (. ))),1,91635,"0,0851391391"
(ROOT (S=H (NP (NP=H (NNP ) (NNP=H )) (PP (IN=H ) (NP (NP=H (DT ) (NX=H (NNP=H ))) (PP (IN=H ) (NP (NNP ) (NNS=H )))))) (VP=H (VBP=H ) (ADJP (JJ=H ))) (. ))),1,91636,"0,0851400682"
(ROOT (S=H (NP (NP=H (NNP=H ) (CD )) (PP (IN=H ) (NP (DT ) (NNP ) (NNP ) (NNPS=H )))) (VP=H (VBP=H ) (ADJP (JJ=H ))) (. ))),1,91637,"0,0851409973"
(ROOT (S=H (NP (NP=H (NNP ) (NNP=H )) (PP (IN=H ) (NP (NNP ) (CC ) (NNP ) (JJ ) (NNS=H )))) (VP=H (VBP=H ) (ADJP (JJ=H ))) (. ))),1,91638,"0,0851419264"
(ROOT (S=H (NP (NP=H (NNP ) (NNP ) (NNP=H )) (PP (IN=H ) (NP (JJ ) (PRN (-LRB- ) (NP=H (NNP=H )) (-RRB- )) (NNS=H )))) (VP=H (VBP=H ) (ADJP (JJ=H ))) (. ))),1,91639,"0,0851428556"
(ROOT (S=H (NP (NP=H (NNP ) (NNP=H )) (PP (IN=H ) (NP (JJ ) (PRN (-LRB- ) (NP=H (JJ ) (NN=H )) (-RRB- )) (NNS=H )))) (VP=H (VBP=H ) (ADJP (JJ=H ))) (. ))),1,91640,"0,0851437847"
(ROOT (S=H (NP (VB=H )) (PP (IN=H ) (NP (NNS=H ))) (VP=H (VBP=H ) (ADJP (JJ=H ))) (. ))),1,91641,"0,0851447138"
(ROOT (S=H (NP (NP=H (NNP ) (NNP=H )) (PP (IN=H ) (NP (ADJP (ADJP=H (JJ=H )) (PRN (-LRB- ) (NP=H (JJ=H )) (-RRB- ))) (PRN (-LRB- ) (NP=H (NP=H (CD=H )) (: ) (NP (CD=H ))) (-RRB- )) (NNS=H )))) (VP=H (VBP=H ) (ADJP (JJ=H ))) (. ))),1,91642,"0,0851456429"
(ROOT (S=H (NP (NP=H (NNP ) (NNP=H )) (PP (IN=H ) (NP (ADJP (ADJP=H (JJ=H )) (PRN (-LRB- ) (NP=H (NNP=H )) (-RRB- ))) (PRN (-LRB- ) (NP=H (JJ=H )) (-RRB- )) (NNS=H )))) (VP=H (VBP=H ) (ADJP (JJ=H ))) (. ))),1,91643,"0,085146572"
(ROOT (S=H (NP (NP=H (NNP ) (NNP=H )) (PP (IN=H ) (NP (ADJP (ADJP=H (JJ=H )) (PRN (-LRB- ) (NP=H (NNP=H )) (-RRB- ))) (PRN (-LRB- ) (NP=H (CD=H )) (-RRB- )) (NNS=H )))) (VP=H (VBP=H ) (ADJP (JJ=H ))) (. ))),1,91644,"0,0851475011"
(ROOT (S=H (NP (UCP (ADJP=H (JJ=H )) (CC ) (NP (DT ) (NNPS=H ))) (NNS=H )) (VP=H (VBP=H ) (ADJP (JJ=H ))) (. ))),1,91645,"0,0851484302"
(ROOT (S=H (NP (NP=H (NNP ) (NNP=H )) (CC ) (NP (NP=H (DT ) (NNP ) (JJ ) (NN ) (NN=H )) (NP (NNS=H )))) (VP=H (VBP=H ) (ADJP (JJ=H ))) (. ))),1,91646,"0,0851493593"
(ROOT (S=H (NP (RB=H )) (VP=H (VBZ=H ) (NP (NP=H (CD=H )) (SBAR (S=H (VP=H (VBP=H ) (ADJP (JJ=H ))))))) (. ))),1,91647,"0,0851502884"
"(ROOT (S=H (NP (NP (NNP ) (NNP ) (NNP=H )) (PRN (-LRB- ) (NP=H (NNP ) (NNP=H )) (, ) (NP (CD=H )) (-RRB- )) (NNS=H )) (VP=H (VBP=H ) (ADJP (JJ=H ))) (. )))",1,91648,"0,0851512176"
(ROOT (S=H (NP (NP=H (NP=H (NNP ) (NNP ) (NNP=H )) (PP (IN=H ) (NP (NNP=H )))) (PRN (-LRB- ) (VP=H (VBN=H )) (-RRB- )) (NP (NNS=H ))) (VP=H (VBP=H ) (ADJP (JJ=H ))) (. ))),1,91649,"0,0851521467"
(ROOT (S=H (NP (NP=H (NNP=H )) (PP (IN=H ) (NP (NP=H (NNS=H ) (CC ) (NNS )) (PP (IN=H ) (NP (NNP ) (NNS=H )))))) (VP=H (VBP=H ) (ADJP (JJ=H ))) (. ))),1,91650,"0,0851530758"
(ROOT (S=H (NP (NP (JJ ) (JJ ) (NN=H )) (PRN (-LRB- ) (NP=H (CD=H )) (-RRB- )) (NNS=H )) (VP=H (VBP=H ) (ADJP (JJ=H ))) (. ))),1,91651,"0,0851540049"
(ROOT (NP=H (NP=H (NP=H (NNP=H )) (PP (IN=H ) (NP (NNP=H )))) (: ) (NP (NP=H (NNP ) (NNP=H )) (PP (IN=H ) (NP (DT ) (NNP=H ))) (PP (IN=H ) (NP (DT ) (NNPS=H ))) (SBAR (S=H (NP (NNS=H )) (VP=H (VBP=H ) (ADJP (JJ=H )))))) (. ))),1,91652,"0,085154934"
(ROOT (S=H (NP (NP (NNP ) (POS=H )) (NNP ) (NNP ) (CC ) (JJ ) (NNS=H )) (VP=H (VBP=H ) (ADJP (JJ=H ))) (. ))),1,91653,"0,0851558631"
(ROOT (S=H (PP (IN=H ) (NP (NN=H ))) (NP (NNP ) (NNS=H )) (VP=H (VBP=H ) (ADJP (JJ=H ))) (. ))),1,91654,"0,0851567922"
(ROOT (S=H (NP (NP=H (NNP ) (NNP=H )) (PP (IN=H ) (NP (DT ) (JJ ) (CD ) (NNS=H )))) (VP=H (VBP=H ) (ADJP (JJ=H ))) (. ))),1,91655,"0,0851577213"
(ROOT (S=H (NP (NNP=H )) (VP=H (VBD=H ) (SBAR (S=H (NP (JJ ) (JJ ) (NNS=H )) (VP=H (VBP=H ) (ADJP (JJ=H )))))) (. ))),1,91656,"0,0851586504"
(ROOT (S=H (NP (NP (NNP ) (IN ) (NNP=H )) (PRN (-LRB- ) (NP=H (NNP=H )) (-RRB- )) (NNS=H )) (VP=H (VBP=H ) (ADJP (JJ=H ))) (. ))),1,91657,"0,0851595796"
(ROOT (S=H (NP (NNP ) (NNP ) (NNPS ) (NNP ) (NNP=H )) (VP=H (VBP=H ) (SBAR (S=H (NP (CD ) (NNS=H )) (VP=H (VBP=H ) (ADJP (JJ=H )))))) (. ))),1,91658,"0,0851605087"
(ROOT (S=H (NP-TMP (RB ) (NN=H )) (NP (NN ) (NN ) (NN ) (NNS=H )) (VP=H (VBP=H ) (ADJP (JJ=H ))) (. ))),1,91659,"0,0851614378"
(ROOT (S=H (NP (NP=H (NNP ) (NNP ) (NNP=H )) (PP (IN=H ) (NP (NP=H (DT ) (NNP ) (NNP=H )) (PP (IN=H ) (NP (NNP ) (NNS=H )))))) (VP=H (VBP=H ) (ADJP (JJ=H ))) (. ))),1,91660,"0,0851623669"
(ROOT (S=H (NP (NP=H (NNP ) (NNP=H )) (PP (TO=H ) (NP (NNP ) (NNP ) (NNS=H )))) (VP=H (VBP=H ) (ADJP (JJ=H ))) (. ))),1,91661,"0,085163296"
(ROOT (S=H (NP (NP=H (JJ ) (ADJP (JJ=H ) (PRT (RP=H ))) (NN=H )) (PRN (-LRB- ) (NP=H (NP=H (NNP ) (NNS=H )) (SBAR (WHNP=H (WDT=H )) (S (VP=H (VBP=H ) (ADJP (RB ) (JJ=H )))))) (-RRB- ))) (VP=H (VBP=H ) (SBAR (S=H (VP=H (VBP=H ) (ADJP (JJ=H )))))) (. ))),1,91662,"0,0851642251"
(ROOT (S=H (NP (NP=H (JJ ) (ADJP (JJ=H ) (PRT (RP=H ))) (NN=H )) (PRN (-LRB- ) (NP=H (NP=H (NNP ) (NNS=H )) (S (VP=H (TO=H ) (VP (VB=H ) (VP (VBN=H )))))) (-RRB- ))) (VP=H (VBP=H ) (SBAR (S=H (VP=H (VBP=H ) (ADJP (JJ=H )))))) (. ))),1,91663,"0,0851651542"
(ROOT (S=H (NP (NP=H (JJ ) (ADJP (JJ=H ) (PRT (RP=H ))) (NN=H )) (PRN (-LRB- ) (VP=H (VBN=H ) (S (VP=H (VBG=H ) (NP (ADJP (RB ) (VBN=H )) (NNS=H ))))) (-RRB- ))) (VP=H (VBP=H ) (SBAR (S=H (VP=H (VBP=H ) (ADJP (JJ=H )))))) (. ))),1,91664,"0,0851660833"
(ROOT (S=H (NP (NP=H (JJ ) (ADJP (JJ=H ) (PRT (RP=H ))) (NN=H )) (PRN (-LRB- ) (NP=H (CD ) (NNP ) (NN ) (NNS=H )) (-RRB- ))) (VP=H (VBP=H ) (SBAR (S=H (VP=H (VBP=H ) (ADJP (JJ=H )))))) (. ))),1,91665,"0,0851670125"
(ROOT (S=H (NP (NNP=H ) (CC ) (NNP )) (VP=H (VBP=H ) (SBAR (S=H (NP (NP=H (NNS=H )) (PP (IN=H ) (NP (DT ) (NNP ) (NNPS=H )))) (VP=H (VBP=H ) (ADJP (JJ=H )))))) (. ))),1,91666,"0,0851679416"
(ROOT (S=H (NP (NP=H (JJ ) (ADJP (JJ=H ) (PRT (RP=H ))) (NN=H )) (PRN (-LRB- ) (NP=H (CD ) (NNP ) (NNS=H )) (-RRB- ))) (VP=H (VBP=H ) (SBAR (S=H (VP=H (VBP=H ) (ADJP (JJ=H )))))) (. ))),1,91667,"0,0851688707"
(ROOT (S=H (NP (NP=H (JJ ) (ADJP (JJ=H ) (PRT (RP=H ))) (NN=H )) (PRN (-LRB- ) (S=H (NP (NNPS=H )) (VP=H (VBD=H ) (PP (IN=H ) (NP (JJ ) (NNS=H ))))) (-RRB- ))) (VP=H (VBP=H ) (SBAR (S=H (VP=H (VBP=H ) (ADJP (JJ=H )))))) (. ))),1,91668,"0,0851697998"
(ROOT (S=H (NP (NP=H (JJ ) (ADJP (JJ=H ) (PRT (RP=H ))) (NN=H )) (PRN (-LRB- ) (NP=H (NP=H (NNPS=H )) (SBAR (WHNP=H (WDT=H )) (S (VP=H (MD=H ) (VP (VB=H ) (ADJP (RB ) (JJ=H ))))))) (-RRB- ))) (VP=H (VBP=H ) (SBAR (S=H (VP=H (VBP=H ) (ADJP (JJ=H )))))) (. ))),1,91669,"0,0851707289"
(ROOT (S=H (NP (NP=H (JJ ) (ADJP (JJ=H ) (PRT (RP=H ))) (NN=H )) (PRN (-LRB- ) (NP=H (NP=H (NNPS=H )) (SBAR (WHNP=H (WDT=H )) (S (VP=H (MD=H ) (VP (VB=H ) (NP (JJ ) (NN=H ))))))) (-RRB- ))) (VP=H (VBP=H ) (SBAR (S=H (VP=H (VBP=H ) (ADJP (JJ=H )))))) (. ))),1,91670,"0,085171658"
(ROOT (S=H (NP (NP=H (JJ ) (ADJP (JJ=H ) (PRT (RP=H ))) (NN=H )) (PRN (-LRB- ) (NP=H (NP=H (NNPS=H )) (SBAR (WHNP=H (WDT=H )) (S (VP=H (VBP=H ) (S (VP=H (TO=H ) (VP (VB=H ) (PP (IN=H ) (NP (NN=H ) (CC ) (NN )))))))))) (-RRB- ))) (VP=H (VBP=H ) (SBAR (S=H (VP=H (VBP=H ) (ADJP (JJ=H )))))) (. ))),1,91671,"0,0851725871"
(ROOT (S=H (NP (NP=H (JJ ) (ADJP (JJ=H ) (PRT (RP=H ))) (NN=H )) (PRN (-LRB- ) (NP=H (NP=H (NNPS=H )) (PP (IN=H ) (NP (DT ) (JJ ) (NN=H )))) (-RRB- ))) (VP=H (VBP=H ) (SBAR (S=H (VP=H (VBP=H ) (ADJP (JJ=H )))))) (. ))),1,91672,"0,0851735162"
(ROOT (S=H (NP (NP=H (JJ ) (ADJP (JJ=H ) (PRT (RP=H ))) (NN=H )) (PRN (-LRB- ) (NP=H (NP=H (NNPS=H )) (PP (IN=H ) (NP (JJ ) (CC ) (JJ ) (NNS=H )))) (-RRB- ))) (VP=H (VBP=H ) (SBAR (S=H (VP=H (VBP=H ) (ADJP (JJ=H )))))) (. ))),1,91673,"0,0851744453"
(ROOT (S=H (NP (NP=H (JJ ) (ADJP (JJ=H ) (PRT (RP=H ))) (NN=H )) (PRN (-LRB- ) (NP=H (NP=H (NNPS=H )) (PP (IN=H ) (NP (JJ ) (JJ ) (NNS=H )))) (-RRB- ))) (VP=H (VBP=H ) (SBAR (S=H (VP=H (VBP=H ) (ADJP (JJ=H )))))) (. ))),1,91674,"0,0851753745"
(ROOT (S=H (NP (NP=H (JJ ) (ADJP (JJ=H ) (PRT (RP=H ))) (NN=H )) (PRN (-LRB- ) (NP=H (NP=H (NNPS=H )) (PP (IN=H ) (NP (JJ ) (NNP ) (NNS=H )))) (-RRB- ))) (VP=H (VBP=H ) (SBAR (S=H (VP=H (VBP=H ) (ADJP (JJ=H )))))) (. ))),1,91675,"0,0851763036"
(ROOT (S=H (NP (NP=H (JJ ) (ADJP (JJ=H ) (PRT (RP=H ))) (NN=H )) (PRN (-LRB- ) (NP=H (NP=H (NNPS=H )) (PP (IN=H ) (NP (NP=H (NNS=H )) (SBAR (WHNP=H (WDT=H )) (S (VP=H (VBP=H ) (S (VP=H (TO=H ) (VP (VB=H ) (VP (VBN=H ) (PP (IN=H ) (NP (NN=H ))))))))))))) (-RRB- ))) (VP=H (VBP=H ) (SBAR (S=H (VP=H (VBP=H ) (ADJP (JJ=H )))))) (. ))),1,91676,"0,0851772327"
(ROOT (S=H (NP (NP=H (JJ ) (ADJP (JJ=H ) (PRT (RP=H ))) (NN=H )) (PRN (-LRB- ) (NP=H (NP=H (NNPS=H )) (PP (IN=H ) (NP (NP=H (NNS=H )) (PP (IN=H ) (NP (ADJP (JJ=H )) (NN=H )))))) (-RRB- ))) (VP=H (VBP=H ) (SBAR (S=H (VP=H (VBP=H ) (ADJP (JJ=H )))))) (. ))),1,91677,"0,0851781618"
(ROOT (S=H (NP (NP=H (JJ ) (ADJP (JJ=H ) (PRT (RP=H ))) (NN=H )) (PRN (-LRB- ) (NP=H (CD ) (NNS=H )) (-RRB- ))) (VP=H (VBP=H ) (SBAR (S=H (VP=H (VBP=H ) (ADJP (JJ=H )))))) (. ))),1,91678,"0,0851790909"
(ROOT (S=H (NP (NP=H (JJ ) (ADJP (JJ=H ) (PRT (RP=H ))) (NN=H )) (PRN (-LRB- ) (NP=H (NP=H (JJ ) (JJ ) (NNS=H )) (VP (VBN=H ) (PP (IN=H ) (NP (DT ) (NNP ) (NNP=H ))))) (-RRB- ))) (VP=H (VBP=H ) (SBAR (S=H (VP=H (VBP=H ) (ADJP (JJ=H )))))) (. ))),1,91679,"0,08518002"
(ROOT (S=H (NP (NP=H (JJ ) (ADJP (JJ=H ) (PRT (RP=H ))) (NN=H )) (PRN (-LRB- ) (NP=H (JJ ) (JJ ) (NNS=H )) (-RRB- ))) (VP=H (VBP=H ) (SBAR (S=H (VP=H (VBP=H ) (ADJP (JJ=H )))))) (. ))),1,91680,"0,0851809491"
(ROOT (S=H (NP (NP=H (JJ ) (ADJP (JJ=H ) (PRT (RP=H ))) (NN=H )) (PRN (-LRB- ) (NP=H (NP=H (JJ ) (NNS=H )) (VP (VBN=H ) (PP (IN=H ) (NP (DT ) (NNP ) (NNP=H ))))) (-RRB- ))) (VP=H (VBP=H ) (SBAR (S=H (VP=H (VBP=H ) (ADJP (JJ=H )))))) (. ))),1,91681,"0,0851818782"
(ROOT (S=H (NP (NP=H (JJ ) (ADJP (JJ=H ) (PRT (RP=H ))) (NN=H )) (PRN (-LRB- ) (S=H (NP (NNP ) (NNS=H )) (VP=H (VBG=H ) (NP (NN ) (NNS=H )))) (-RRB- ))) (VP=H (VBP=H ) (SBAR (S=H (VP=H (VBP=H ) (ADJP (JJ=H )))))) (. ))),1,91682,"0,0851828073"
(ROOT (S=H (NP (NP=H (JJ ) (ADJP (JJ=H ) (PRT (RP=H ))) (NN=H )) (PRN (-LRB- ) (S=H (NP (NNP ) (NNS=H )) (VP=H (VBG=H ) (NP (JJ ) (NN=H )))) (-RRB- ))) (VP=H (VBP=H ) (SBAR (S=H (VP=H (VBP=H ) (ADJP (JJ=H )))))) (. ))),1,91683,"0,0851837365"
(ROOT (S=H (NP (NP=H (JJ ) (ADJP (JJ=H ) (PRT (RP=H ))) (NN=H )) (PRN (-LRB- ) (NP=H (NNP ) (NNP ) (NNP ) (NNPS=H )) (-RRB- ))) (VP=H (VBP=H ) (SBAR (S=H (VP=H (VBP=H ) (ADJP (JJ=H )))))) (. ))),1,91684,"0,0851846656"
(ROOT (S=H (NP (NP=H (JJ ) (ADJP (JJ=H ) (PRT (RP=H ))) (NN=H )) (PRN (-LRB- ) (S=H (NP (NNP ) (NNS=H )) (VP=H (VBG=H ) (NP (NN ) (NN=H )))) (-RRB- ))) (VP=H (VBP=H ) (SBAR (S=H (VP=H (VBP=H ) (ADJP (JJ=H )))))) (. ))),1,91685,"0,0851855947"
(ROOT (S=H (NP (NP=H (JJ ) (ADJP (JJ=H ) (PRT (RP=H ))) (NN=H )) (PRN (-LRB- ) (NP=H (NP=H (NNP ) (NNS=H )) (PP (IN=H ) (NP (NP=H (NN ) (NN=H )) (VP (VBG=H ) (NP (NN=H )))))) (-RRB- ))) (VP=H (VBP=H ) (SBAR (S=H (VP=H (VBP=H ) (ADJP (JJ=H )))))) (. ))),1,91686,"0,0851865238"
(ROOT (S=H (NP (NP=H (JJ ) (ADJP (JJ=H ) (PRT (RP=H ))) (NN=H )) (PRN (-LRB- ) (NP=H (NP=H (NNP ) (NNS=H )) (PP (IN=H ) (NP (NP=H (JJ ) (NNS=H )) (PP (IN=H ) (NP (NN=H )))))) (-RRB- ))) (VP=H (VBP=H ) (SBAR (S=H (VP=H (VBP=H ) (ADJP (JJ=H )))))) (. ))),1,91687,"0,0851874529"
(ROOT (S=H (NP (NP=H (JJ ) (ADJP (JJ=H ) (PRT (RP=H ))) (NN=H )) (PRN (-LRB- ) (NP=H (NP=H (NNP ) (JJ ) (NNS=H )) (NP (NN=H ))) (-RRB- ))) (VP=H (VBP=H ) (SBAR (S=H (VP=H (VBP=H ) (ADJP (JJ=H )))))) (. ))),1,91688,"0,085188382"
(ROOT (NP=H (NP=H (NNP ) (NNP=H )) (: ) (S (NP (NP=H (NNP ) (NNP=H )) (PP (IN=H ) (NP (NNP ) (NNS=H )))) (VP=H (VBP=H ) (ADJP (JJ=H )))) (. ))),1,91689,"0,0851893111"
(ROOT (S=H (NP (NP=H (NNP=H )) (PP (IN=H ) (NP (NP (NNS ) (POS=H )) (JJ ) (NNS=H )))) (VP=H (VBP=H ) (ADJP (JJ=H ))) (. ))),1,91690,"0,0851902402"
(ROOT (S=H (NP-TMP (NNP=H )) (NP (CD ) (JJ ) (NNP ) (NNP ) (NNS=H )) (VP=H (VBP=H ) (ADJP (JJ=H ))) (. ))),1,91691,"0,0851911694"
(ROOT (S=H (NP (NP=H (JJ ) (ADJP (JJ=H ) (PRT (RP=H ))) (NN=H )) (PRN (-LRB- ) (NP=H (NN ) (NNS=H )) (-RRB- ))) (VP=H (VBP=H ) (SBAR (S=H (VP=H (VBP=H ) (ADJP (JJ=H )))))) (. ))),1,91692,"0,0851920985"
(ROOT (S=H (NP (NP=H (JJ ) (ADJP (JJ=H ) (PRT (RP=H ))) (NN=H )) (PRN (-LRB- ) (NP=H (NP=H (NNP ) (NNS=H )) (NP (NN=H ))) (-RRB- ))) (VP=H (VBP=H ) (SBAR (S=H (VP=H (VBP=H ) (ADJP (JJ=H )))))) (. ))),1,91693,"0,0851930276"
(ROOT (S=H (NP (NNP=H )) (ADVP (RB=H )) (VP=H (VBD=H ) (SBAR (IN=H ) (S (NP (JJ ) (NN ) (NNS=H )) (VP=H (VBP=H ) (ADJP (JJ=H )))))) (. ))),1,91694,"0,0851939567"
(ROOT (S=H (NP (NNP=H )) (VP=H (VBD=H ) (SBAR (S=H (NP (NP=H (NNS=H )) (PP (IN=H ) (NP (NNPS=H )))) (VP=H (VBP=H ) (ADJP (JJ=H )))))) (. ))),1,91695,"0,0851948858"
(ROOT (S=H (NP (NP=H (JJ ) (ADJP (JJ=H ) (PRT (RP=H ))) (NN=H )) (PRN (-LRB- ) (NP=H (NP=H (JJ ) (JJ ) (NN ) (NNS=H )) (PP (IN=H ) (NP (NN=H )))) (-RRB- ))) (VP=H (VBP=H ) (SBAR (S=H (VP=H (VBP=H ) (ADJP (JJ=H )))))) (. ))),1,91696,"0,0851958149"
(ROOT (S=H (NP (NNP=H )) (VP=H (VBZ=H ) (PP (IN=H ) (NP (NP=H (DT ) (CD ) (NNPS=H )) (SBAR (S=H (NP (NNP ) (NNPS=H )) (VP=H (VBP=H ) (ADJP (JJ=H )))))))) (. ))),1,91697,"0,085196744"
(ROOT (S=H (NP (NP (NNS ) (POS=H )) (NNP ) (NNP ) (NNP ) (PRN (-LRB- ) (NP=H (NNP ) (NNP ) (NNP=H )) (-RRB- )) (NNP=H )) (VP=H (VBP=H ) (ADJP (JJ=H ))) (. ))),1,91698,"0,0851976731"
(ROOT (S=H (NP (NNP ) (POS=H )) (VP=H (VBP=H ) (SBAR (S=H (NP (NNP ) (NNP ) (NNS=H )) (VP=H (VBP=H ) (ADJP (JJ=H )))))) (. ))),1,91699,"0,0851986022"
(ROOT (S=H (NP (NNP ) (NNP ) (NNPS ) (NNP=H )) (VP=H (VBP=H ) (SBAR (S=H (NP (NN ) (NNS=H )) (VP=H (VBP=H ) (ADJP (JJ=H )))))) (. ))),1,91700,"0,0851995314"
(ROOT (S=H (NP (NP=H (NNP=H )) (PP (IN=H ) (NP (NP=H (DT ) (NNP=H )) (PP (IN=H ) (NP (DT ) (NNP ) (NNP ) (NNS=H )))))) (VP=H (VBP=H ) (ADJP (JJ=H ))) (. ))),1,91701,"0,0852004605"
(ROOT (S=H (NP (NP=H (NNP=H )) (PP (IN=H ) (NP (NP=H (NNP ) (NNP=H )) (CC ) (NP (NNS=H ))))) (VP=H (VBP=H ) (ADJP (JJ=H ))) (. ))),1,91702,"0,0852013896"
(ROOT (S=H (NP (NP=H (NNP ) (NNPS ) (NNP=H )) (PP (IN=H ) (NP (NP=H (NNP=H )) (PP (IN=H ) (NP (DT ) (JJ ) (NNP ) (NNS=H )))))) (VP=H (VBP=H ) (ADJP (JJ=H ))) (. ))),1,91703,"0,0852023187"
(ROOT (S=H (NP (NP=H (NNPS ) (NNP ) (NNP ) (NNP=H )) (PP (IN=H ) (NP (DT ) (JJ ) (NN=H )))) (VP=H (VBP=H ) (ADJP (JJ=H ))) (. ))),1,91704,"0,0852032478"
(ROOT (S=H (NP (NP=H (NP (NNS ) (POS=H )) (NNP ) (NNP ) (NNP=H )) (PP (IN=H ) (NP (NNP ) (NNS=H )))) (VP=H (VBP=H ) (ADJP (JJ=H ))) (. ))),1,91705,"0,0852041769"
(ROOT (S=H (NP (NP=H (NNP=H )) (PP (IN=H ) (NP (NP=H (DT ) (NNP ) (NN=H )) (CC ) (NP (NNS=H ))))) (VP=H (VBP=H ) (ADJP (JJ=H ))) (. ))),1,91706,"0,085205106"
(ROOT (S=H (NP (NNP=H )) (VP=H (VBD=H ) (SBAR (S=H (NP (NP=H (NNS=H )) (PP (IN=H ) (NP (JJ ) (CC ) (NN ) (NNS ) (NNS=H )))) (VP=H (VBP=H ) (ADJP (JJ=H )))))) (. ))),1,91707,"0,0852060351"
(ROOT (S=H (NP (NNP=H )) (VP=H (VBD=H ) (SBAR (S=H (NP (NP=H (NNS=H )) (PP (IN=H ) (NP (NP=H (NNS=H )) (PP (IN=H ) (NP (NN ) (NNS=H )))))) (VP=H (VBP=H ) (ADJP (JJ=H )))))) (. ))),1,91708,"0,0852069642"
(ROOT (S=H (NP (NP=H (NNP ) (NNP ) (NNP ) (NNP=H )) (PP (IN=H ) (S (VP=H (VBG=H ) (NP (NNS=H )))))) (VP=H (VBP=H ) (ADJP (JJ=H ))) (. ))),1,91709,"0,0852078934"
(ROOT (S=H (NP (NP (JJ ) (NNP ) (NNP ) (NNP=H )) (PRN (-LRB- ) (NP=H (NNP=H )) (-RRB- )) (NNS=H )) (VP=H (VBP=H ) (ADJP (JJ=H ))) (. ))),1,91710,"0,0852088225"
(ROOT (S=H (NP (NP=H (JJ ) (NN=H )) (PP (IN=H ) (NP (NP=H (DT ) (NNP=H )) (PP (IN=H ) (NP (NNP ) (NNS=H )))))) (VP=H (VBP=H ) (ADJP (JJ=H ))) (. ))),1,91711,"0,0852097516"
(ROOT (NP=H (NP=H (NP (JJ ) (NNS ) (POS=H )) (NNP ) (NNP=H )) (: ) (NP (NP=H (NNP ) (NNP ) (NNP=H )) (SBAR (S=H (NP (NNS=H )) (VP=H (VBP=H ) (ADJP (JJ=H )))))) (. ))),1,91712,"0,0852106807"
(ROOT (NP=H (NP=H (NP (NNP ) (NNP ) (POS=H )) (NNP ) (NNP=H )) (: ) (S (NP (NNP ) (NNS=H )) (VP=H (VBP=H ) (ADJP (JJ=H )))) (. ))),1,91713,"0,0852116098"
(ROOT (S=H (NP (NP=H (NNP ) (NNPS ) (CC ) (NNPS ) (NNP=H )) (PP (IN=H ) (NP (NNP ) (NNS=H )))) (VP=H (VBP=H ) (ADJP (JJ=H ))) (. ))),1,91714,"0,0852125389"
(ROOT (S=H (NP (NP=H (NNP ) (NNPS ) (NNP=H )) (PP (IN=H ) (NP (NP=H (NNP=H )) (PP (IN=H ) (NP (NP=H (DT ) (NNP=H )) (PP (IN=H ) (NP (NNP ) (NNP ) (NNS=H )))))))) (VP=H (VBP=H ) (ADJP (JJ=H ))) (. ))),1,91715,"0,085213468"
"(ROOT (NP=H (NP=H (NNP=H )) (: ) (S (NP (NNP=H )) (, ) (NP (NNP=H )) (VP=H (VBP=H ) (ADJP (JJ=H )))) (. )))",1,91716,"0,0852143971"
(ROOT (S=H (NP (NP=H (JJ ) (NN=H ) (CC ) (NN )) (PP (IN=H ) (NP (DT ) (NNP ) (NNP ) (NNPS=H )))) (VP=H (VBP=H ) (ADJP (JJ=H ))) (. ))),1,91717,"0,0852153263"
(ROOT (S=H (NP (NP=H (NNP=H )) (PP (IN=H ) (NP (NP=H (NNP ) (NNP=H )) (CC ) (NP (NP=H (JJ ) (NNS=H )) (PP (IN=H ) (NP (NNP=H ))))))) (VP=H (VBP=H ) (ADJP (JJ=H ))) (. ))),1,91718,"0,0852162554"
(ROOT (S=H (NP (NP=H (NNP=H )) (PP (IN=H ) (NP (NP=H (NNS=H )) (PP (IN=H ) (NP (JJ ) (NNP ) (NNS=H )))))) (VP=H (VBP=H ) (ADJP (JJ=H ))) (. ))),1,91719,"0,0852171845"
(ROOT (S=H (NP (NP=H (NNP=H )) (PP (IN=H ) (NP (NP (NNP ) (POS=H )) (JJ ) (JJ ) (NNS=H )))) (VP=H (VBP=H ) (ADJP (JJ=H ))) (. ))),1,91720,"0,0852181136"
(ROOT (S=H (NP (NP=H (NNP ) (NNP=H )) (PP (IN=H ) (NP (NP=H (NNP=H )) (CC ) (NP (DT ) (NNP ) (NNS=H ))))) (VP=H (VBP=H ) (ADJP (JJ=H ))) (. ))),1,91721,"0,0852190427"
(ROOT (S=H (NP (NP=H (NNP=H )) (PP (IN=H ) (NP (NP=H (NNP ) (NNP ) (NNP=H )) (PP (IN=H ) (NP (NNP ) (NNPS=H )))))) (VP=H (VBP=H ) (ADJP (JJ=H ))) (. ))),1,91722,"0,0852199718"
(ROOT (S=H (NP (NP (NNP ) (NNP=H )) (PRN (-LRB- ) (NP=H (NP=H (NNP ) (NNP=H )) (PP (IN=H ) (NP (NNP=H )))) (-RRB- )) (NNS=H )) (VP=H (VBP=H ) (ADJP (JJ=H ))) (. ))),1,91723,"0,0852209009"
(ROOT (S=H (NP (NP (NNP ) (NNP ) (NNP=H )) (PRN (-LRB- ) (NP=H (NP=H (NNP=H )) (PP (IN=H ) (NP (NNP ) (NNP=H )))) (-RRB- )) (NNS=H )) (VP=H (VBP=H ) (ADJP (JJ=H ))) (. ))),1,91724,"0,08522183"
(ROOT (S=H (NP (NP=H (NNP ) (NNPS ) (NN=H )) (PRN (-LRB- ) (NP=H (NNP=H )) (-RRB- ))) (VP=H (VBP=H ) (ADJP (JJ=H ))) (. ))),1,91725,"0,0852227591"
(ROOT (S=H (NP (NP (NNP ) (NNPS ) (POS=H )) (NN ) (NNS=H )) (VP=H (VBP=H ) (ADJP (JJ=H ))) (. ))),1,91726,"0,0852236883"
(ROOT (S=H (NP (NP=H (NNP=H )) (PP (IN=H ) (NP (DT ) (NNP ) (PRN (-LRB- ) (NP=H (NP=H (NNP ) (NNP=H )) (NP (JJ ) (NN=H ))) (-RRB- )) (NNS=H )))) (VP=H (VBP=H ) (ADJP (JJ=H ))) (. ))),1,91727,"0,0852246174"
(ROOT (S=H (NP (NP=H (NNP=H )) (PP (IN=H ) (NP (NP=H (NNS=H )) (PP (IN=H ) (NP (DT ) (JJ ) (NNS ) (NNS=H )))))) (VP=H (VBP=H ) (ADJP (JJ=H ))) (. ))),1,91728,"0,0852255465"
(ROOT (S=H (NP (NP=H (NN=H )) (PP (IN=H ) (NP (DT ) (NNP ) (NNP ) (JJ ) (NNS=H )))) (VP=H (VBP=H ) (ADJP (JJ=H ))) (. ))),1,91729,"0,0852264756"
(ROOT (S=H (NP (NP=H (JJ ) (ADJP (JJ=H ) (PRT (RP=H ))) (NN=H )) (PRN (-LRB- ) (NP=H (NP=H (NNP ) (NNS=H )) (PP (IN=H ) (NP (NN=H ))) (PP (IN=H ) (S (VP=H (VBG=H ))))) (-RRB- ))) (VP=H (VBP=H ) (SBAR (S=H (VP=H (VBP=H ) (ADJP (JJ=H )))))) (. ))),1,91730,"0,0852274047"
(ROOT (S=H (NP (NP=H (JJ ) (NNS ) (CC ) (NN ) (NN=H )) (PP (IN=H ) (NP (DT ) (NNP ) (NNPS=H )))) (VP=H (VBP=H ) (ADJP (JJ=H ))) (. ))),1,91731,"0,0852283338"
(ROOT (S=H (NP (NP=H (JJ ) (NNS ) (CC ) (NN ) (NN=H )) (PP (IN=H ) (NP (DT ) (NNP ) (NNP=H )))) (VP=H (VBP=H ) (ADJP (JJ=H ))) (. ))),1,91732,"0,0852292629"
(ROOT (S=H (NP (NP=H (NNP ) (NN=H ) (CC ) (NNS )) (PP (IN=H ) (NP (DT ) (NNP ) (NNP=H )))) (VP=H (VBP=H ) (ADJP (JJ=H ))) (. ))),1,91733,"0,085230192"
(ROOT (S=H (NP (NP=H (NNP ) (NN=H ) (CC ) (NNS )) (PP (IN=H ) (NP (NN=H )))) (VP=H (VBP=H ) (ADJP (JJ=H ))) (. ))),1,91734,"0,0852311211"
(ROOT (S=H (NP (NP=H (NNP ) (NN=H ) (CC ) (NNS )) (PP (IN=H ) (NP (DT ) (NNP ) (NNPS=H )))) (VP=H (VBP=H ) (ADJP (JJ=H ))) (. ))),1,91735,"0,0852320503"
(ROOT (S=H (NP (NP=H (NNP ) (NN ) (NN=H )) (PP (IN=H ) (NP (JJ ) (NNS=H )))) (VP=H (VBP=H ) (ADJP (JJ=H ))) (. ))),1,91736,"0,0852329794"
(ROOT (S=H (NP (NP=H (NN=H )) (PP (IN=H ) (NP (NP=H (NN=H )) (PP (IN=H ) (NP (DT ) (NNP ) (NNP ) (NNPS=H )))))) (VP=H (VBP=H ) (ADJP (JJ=H ))) (. ))),1,91737,"0,0852339085"
(ROOT (S=H (NP (NP=H (JJ ) (ADJP (JJ=H ) (PRT (RP=H ))) (NN=H )) (PRN (-LRB- ) (NP=H (NP=H (NNPS=H )) (PP (IN=H ) (NP (ADJP (RB ) (JJ=H )) (JJ ) (NNS=H )))) (-RRB- ))) (VP=H (VBP=H ) (SBAR (S=H (VP=H (VBP=H ) (ADJP (JJ=H )))))) (. ))),1,91738,"0,0852348376"
(ROOT (S=H (NP (NP=H (NNP ) (NN ) (CC ) (VBN ) (NNS=H )) (PP (IN=H ) (NP (DT ) (NNP ) (NNPS=H )))) (VP=H (VBP=H ) (ADJP (JJ=H ))) (. ))),1,91739,"0,0852357667"
(ROOT (S=H (NP (NNP=H )) (VP=H (VBD=H ) (SBAR (S=H (NP (NNS=H )) (PP (IN=H ) (NP (DT ) (JJ ) (JJ ) (NN=H ))) (VP=H (VBP=H ) (ADJP (JJ=H )))))) (. ))),1,91740,"0,0852366958"
"(ROOT (S=H (S (NP (NNP ) (NNP=H )) (VP=H (VBZ=H ) (PP (IN=H ) (NP (NNP ) (NNPS=H ))))) (, ) (NP (NNP=H )) (VP=H (VBP=H ) (ADJP (JJ=H ))) (. )))",1,91741,"0,0852376249"
(ROOT (S=H (NP (NP=H (NNP=H )) (PP (IN=H ) (NP (NP (NNS ) (POS=H )) (NN=H )))) (VP=H (VBP=H ) (ADJP (JJ=H ))) (. ))),1,91742,"0,085238554"
(ROOT (S=H (NP (NNP=H )) (VP=H (VBD=H ) (SBAR (S=H (NP (NNS=H )) (VP=H (VBP=H ) (SBAR (S=H (NP (NN ) (NNS=H )) (VP=H (VBP=H ) (ADJP (JJ=H ))))))))) (. ))),1,91743,"0,0852394832"
(ROOT (S=H (NP (NP (NN=H )) (PRN (-LRB- ) (NP=H (CD ) (NN=H )) (-RRB- )) (NNS=H )) (VP=H (VBP=H ) (ADJP (JJ=H ))) (. ))),1,91744,"0,0852404123"
(ROOT (S=H (NP (NP=H (NNP ) (JJ ) (NN=H )) (PP (IN=H ) (NP (DT ) (NNPS=H )))) (VP=H (VBP=H ) (ADJP (JJ=H ))) (. ))),1,91745,"0,0852413414"
(ROOT (S=H (NP (NP=H (NP (NNS ) (POS=H )) (NNS=H ) (CC ) (NNS )) (PP (IN=H ) (NP (DT ) (NNP ) (NNP=H )))) (VP=H (VBP=H ) (ADJP (JJ=H ))) (. ))),1,91746,"0,0852422705"
(ROOT (S=H (NP (NP=H (NNS ) (POS=H )) (NP (NNPS=H ) (CC ) (NNPS )) (PP (IN=H ) (NP (DT ) (NNP ) (NNP=H )))) (VP=H (VBP=H ) (ADJP (JJ=H ))) (. ))),1,91747,"0,0852431996"
(ROOT (S=H (NP (NN ) (CC ) (NN ) (NN ) (NNS ) (NNS=H )) (VP=H (VBP=H ) (ADJP (JJ=H ))) (. ))),1,91748,"0,0852441287"
(ROOT (S=H (NP (NP=H (NP (NNP ) (NNP ) (NNPS ) (POS=H )) (NNP=H )) (PP (IN=H ) (NP (NNP ) (NNS=H )))) (VP=H (VBP=H ) (ADJP (JJ=H ))) (. ))),1,91749,"0,0852450578"
(ROOT (S=H (NP (NP=H (NNP ) (FW ) (NNP ) (NNP ) (NNP ) (FW ) (NNP ) (FW ) (NNP=H )) (NP (NNS=H ))) (VP=H (VBP=H ) (ADJP (JJ=H ))) (. ))),1,91750,"0,0852459869"
(ROOT (NP=H (NP=H (NNP=H )) (: ) (S (NP (NP=H (NNS=H )) (PP (IN=H ) (NP (DT ) (NNP ) (NNPS ) (NNS=H )))) (VP=H (VBP=H ) (ADJP (JJ=H )))) (. ))),1,91751,"0,085246916"
(ROOT (NP=H (NP=H (NNPS=H )) (: ) (NP (NP=H (NNP ) (NNP=H )) (SBAR (S=H (NP (NP=H (NN ) (NNS=H )) (PP (TO=H ) (NP (NNS=H )))) (VP=H (VBP=H ) (ADJP (JJ=H )))))) (. ))),1,91752,"0,0852478452"
(ROOT (S=H (NP (NP=H (NNP ) (NNP=H )) (PP (IN=H ) (NP (NP=H (NNP=H )) (CC ) (NP (NNS=H ))))) (VP=H (VBP=H ) (ADJP (JJ=H ))) (. ))),1,91753,"0,0852487743"
(ROOT (S=H (S (NP (JJ=H )) (VP=H (VB=H ) (PRT (RP=H )) (NP (NN ) (NNS=H )) (-RRB- ))) (NP (NN=H )) (VP=H (VBP=H ) (ADJP (JJ=H ))) (. ))),1,91754,"0,0852497034"
(ROOT (S=H (NP (NP=H (NNP ) (NNPS ) (NNP ) (NNP ) (NNS=H )) (VP (VBG=H ) (NP (NN=H )))) (VP=H (VBP=H ) (ADJP (JJ=H ))) (. ))),1,91755,"0,0852506325"
(ROOT (S=H (NP (NP=H (JJ ) (NNPS ) (NNPS=H )) (PP (IN=H ) (NP (DT ) (NNP ) (NNPS=H )))) (VP=H (VBP=H ) (ADJP (JJ=H ))) (. ))),1,91756,"0,0852515616"
(ROOT (S=H (NP (NNP ) (NNPS ) (NNS=H )) (VP=H (VBP=H ) (SBAR (IN=H ) (S (NP (NNP=H )) (VP=H (VBP=H ) (ADJP (JJ=H )))))) (. ))),1,91757,"0,0852524907"
(ROOT (NP=H (NP=H (NNP ) (CC ) (NNP ) (NNP=H )) (: ) (S (NP (NP (NNS ) (POS=H )) (NNP ) (NNS=H )) (VP=H (VBP=H ) (ADJP (JJ=H )))) (. ))),1,91758,"0,0852534198"
(ROOT (S=H (NP (NP (NN ) (NN ) (NNS ) (POS=H )) (NN ) (NNS=H )) (VP=H (VBP=H ) (ADJP (JJ=H ))) (. ))),1,91759,"0,0852543489"
"(ROOT (S=H (S (VP=H (VB=H ) (PP (IN=H ) (NP (NNP=H ))))) (, ) (NP (NNP ) (NNP ) (NNP=H )) (VP=H (VBP=H ) (ADJP (JJ=H ))) (. )))",1,91760,"0,0852552781"
(ROOT (S=H (NP (NP=H (NP (NNS ) (POS=H )) (NNP=H )) (PP (IN=H ) (NP (JJ ) (PRN (-LRB- ) (NP=H (CD=H )) (-RRB- )) (NNS=H )))) (VP=H (VBP=H ) (ADJP (JJ=H ))) (. ))),1,91761,"0,0852562072"
(ROOT (S=H (NP (NP=H (NNP ) (NNP=H )) (PP (IN=H ) (NP (NP=H (NNPS=H )) (PP (IN=H ) (NP (NNP=H )))))) (VP=H (VBP=H ) (ADJP (JJ=H ))) (. ))),1,91762,"0,0852571363"
(ROOT (S=H (NP (NP=H (NNP=H )) (PP (IN=H ) (NP (NP=H (DT ) (NNP=H )) (PP (IN=H ) (NP (NNP ) (NNP ) (NNS=H )))))) (VP=H (VBP=H ) (ADJP (JJ=H ))) (. ))),1,91763,"0,0852580654"
(ROOT (S=H (NP (NP (NNS ) (POS=H )) (JJ ) (NNP ) (PRN (-LRB- ) (NP=H (NP=H (NNPS=H )) (CC ) (NP (NNP ) (NNP=H ))) (-RRB- )) (NNP=H )) (VP=H (VBP=H ) (ADJP (JJ=H ))) (. ))),1,91764,"0,0852589945"
(ROOT (S=H (NP (NP (NNP ) (NNP ) (NNP=H )) (PRN (-LRB- ) (NP=H (NP=H (NNPS=H )) (CC ) (NP (NNP ) (NNP=H ))) (-RRB- )) (NNS=H )) (VP=H (VBP=H ) (ADJP (JJ=H ))) (. ))),1,91765,"0,0852599236"
(ROOT (S=H (NP (CD ) (NNP ) (NN=H )) (VP=H (VBD=H ) (SBAR (S=H (NP (NN ) (NN ) (NNS=H )) (VP=H (VBP=H ) (ADJP (JJ=H )))))) (. ))),1,91766,"0,0852608527"
(ROOT (S=H (NP (NP=H (NNP ) (NNP ) (`` ) (NNP ) (NNP=H ) ('' )) (NP (NNS=H ))) (VP=H (VBP=H ) (ADJP (JJ=H ))) (. ))),1,91767,"0,0852617818"
"(ROOT (S=H (NP (NP=H (NNP=H )) (, ) (NP (NN=H )) (CC ) (NP (NN ) (NNS=H ))) (VP=H (VBP=H ) (ADJP (JJ=H ))) (. )))",1,91768,"0,0852627109"
(ROOT (S=H (NP (NP (NNS ) (POS=H )) (NNP ) (PRN (-LRB- ) (NP=H (NNP ) (NNPS=H )) (-RRB- )) (NNP=H )) (VP=H (VBP=H ) (ADJP (JJ=H ))) (. ))),1,91769,"0,0852636401"
"(ROOT (S=H (NP (NP=H (NNP ) (NNP=H )) (, ) (NP (NNP ) (NNP=H )) (, ) (NP (NP=H (NNS=H )) (PP (IN=H ) (NP (NNP=H )))) (, )) (VP=H (VBP=H ) (ADJP (JJ=H ))) (. )))",1,91770,"0,0852645692"
(ROOT (S=H (NP (NP=H (RB ) (JJ=H )) (CC ) (NP (JJ ) (NNP ) (NNS=H ))) (VP=H (VBP=H ) (ADJP (JJ=H ))) (. ))),1,91771,"0,0852654983"
(ROOT (NP=H (NP=H (NNP=H )) (: ) (NP (NP=H (NNP ) (NNP=H )) (PRN (-LRB- ) (NP=H (NNP ) (NNPS=H )) (-RRB- )) (SBAR (S=H (NP (NNS=H )) (VP=H (VBP=H ) (ADJP (JJ=H )))))) (. ))),1,91772,"0,0852664274"
"(ROOT (S=H (NP (NP (NNS ) (POS=H )) (NNP ) (PRN (-LRB- ) (NP=H (NNP ) (NNPS=H )) (, ) (NP (CD=H )) (-RRB- )) (NNP=H )) (VP=H (VBP=H ) (ADJP (JJ=H ))) (. )))",1,91773,"0,0852673565"
(ROOT (S=H (NP (NNP ) (NNP ) (NNP=H )) (ADVP (RB=H ) (PP (TO=H ) (NP (NNP ) (NNP ) (NNS=H )))) (VP=H (VBP=H ) (ADJP (JJ=H ))) (. ))),1,91774,"0,0852682856"
(ROOT (S=H (NP (NP=H (NP (NNS ) (POS=H )) (NNP=H )) (PRN (-LRB- ) (NP=H (NNP ) (NNPS=H )) (-RRB- ))) (VP=H (VBD=H ) (SBAR (S=H (NP (NNS=H )) (VP=H (VBP=H ) (ADJP (JJ=H )))))) (. ))),1,91775,"0,0852692147"
(ROOT (S=H (NP (DT ) (NNP ) (NNPS ) (NNP ) (NNP=H )) (VP=H (VBP=H ) (ADJP (JJ=H ))) (. ))),1,91776,"0,0852701438"
(ROOT (FRAG=H (NP (NP=H (NNP ) (NNP=H )) (PP (IN=H ) (NP (NN=H )))) (: ) (S=H (NP (NNP ) (NNP=H )) (VP=H (VBP=H ) (ADJP (JJ=H )))) (. ))),1,91777,"0,0852710729"
(ROOT (S=H (NP (NP=H (NNP=H )) (VP (VBG=H ) (NP (NP=H (NNS=H )) (PP (IN=H ) (NP (NNP ) (NNP ) (NNP=H )))))) (VP=H (VBP=H ) (ADJP (JJ=H ))) (. ))),1,91778,"0,0852720021"
(ROOT (S=H (NP (NP=H (NP=H (NNP=H )) (PRN (-LRB- ) (NP=H (NNP ) (NNPS=H )) (-RRB- ))) (PP (IN=H ) (NP (NN=H )))) (VP=H (VBP=H ) (ADJP (JJ=H ))) (. ))),1,91779,"0,0852729312"
(ROOT (S=H (NP (NP=H (NNP=H )) (VP (VBG=H ) (NP (NP=H (NNS=H )) (PP (IN=H ) (NP (DT ) (JJ ) (NNP ) (NNP=H )))))) (VP=H (VBP=H ) (ADJP (JJ=H ))) (. ))),1,91780,"0,0852738603"
(ROOT (S=H (NP (NP=H (NNP ) (NNP ) (NNP=H )) (NP (JJ ) (NNS ) (NNS=H ))) (VP=H (VBP=H ) (ADJP (JJ=H ))) (. ))),1,91781,"0,0852747894"
"(ROOT (S=H (S (VP=H (VBG=H ) (NP (NN=H )) (PP (IN=H ) (NP (NNP=H ))))) (, ) (NP (NNP=H )) (VP=H (VBP=H ) (ADJP (JJ=H ))) (. )))",1,91782,"0,0852757185"
(ROOT (S=H (NP (NNP ) (NNS ) (NN=H )) (VP=H (VBP=H ) (SBAR (S=H (NP (NP=H (NNS=H )) (PP (IN=H ) (NP (NN=H )))) (VP=H (VBP=H ) (ADJP (JJ=H )))))) (. ))),1,91783,"0,0852766476"
(ROOT (NP=H (NP=H (NP=H (NNS=H )) (PP (IN=H ) (NP (NNP ) (NNP=H )))) (: ) (NP (NP=H (NNP ) (NNP=H )) (SBAR (S=H (NP (NNS=H )) (VP=H (VBP=H ) (ADJP (JJ=H )))))) (. ))),1,91784,"0,0852775767"
"(ROOT (S=H (S (NP (NNP ) (NN ) (NNS=H )) (VP=H (VBN=H ) (PP (IN=H ) (NP (NNP=H ))))) (, ) (NP (NNP ) (NNP=H )) (VP=H (VBP=H ) (ADJP (JJ=H ))) (. )))",1,91785,"0,0852785058"
(ROOT (S=H (NP (NP=H (JJ ) (NNP ) (NNP=H )) (PRN (-LRB- ) (NP=H (NNS=H )) (-RRB- ))) (VP=H (VBP=H ) (ADJP (JJ=H ))) (. ))),1,91786,"0,085279435"
(ROOT (S=H (NP (NP=H (JJ ) (ADJP (JJ=H ) (PRT (RP=H ))) (NN=H )) (PRN (-LRB- ) (NP=H (NP=H (NNP=H )) (CC ) (NP (JJ ) (NNS=H ) (CC ) (NNS ))) (-RRB- ))) (VP=H (VBP=H ) (SBAR (S=H (VP=H (VBP=H ) (ADJP (JJ=H )))))) (. ))),1,91787,"0,0852803641"
"(ROOT (S=H (NP (NP=H (NNP=H )) (PP (IN=H ) (NP (NP=H (NNP ) (`` ) (NNP ) (NNP ) (NNP ) (NNP=H ) ('' )) (, ) (NP (NNP ) (NNS=H ))))) (VP=H (VBP=H ) (ADJP (JJ=H ))) (. )))",1,91788,"0,0852812932"
(ROOT (S=H (NP (NNP ) (NN ) (NNS ) (NNS=H )) (VP=H (VBD=H ) (SBAR (IN=H ) (S (NP (NNP=H )) (VP=H (VBP=H ) (ADJP (JJ=H )))))) (. ))),1,91789,"0,0852822223"
(ROOT (S=H (NP (NP (NNP ) (NNP ) (NNP=H )) (PRN (-LRB- ) (NNP=H ) (. ) (-RRB- )) (NNS=H )) (VP=H (VBP=H ) (ADJP (JJ=H ))) (. ))),1,91790,"0,0852831514"
(ROOT (S=H (NP (NP=H (NNP ) (NNP=H )) (PP (IN=H ) (NP (NNP ) (NNPS ) (NN=H ) (NP (NNS=H ))))) (VP=H (VBP=H ) (ADJP (JJ=H ))) (. ))),1,91791,"0,0852840805"
(ROOT (S=H (NP (NNP ) (NNP=H )) (VP=H (VBD=H ) (SBAR (S=H (NP (JJ ) (VBN ) (NNS=H )) (VP=H (VBP=H ) (ADJP (JJ=H )))))) (. ))),1,91792,"0,0852850096"
(ROOT (NP=H (NP=H (NP=H (NNP ) (NNS=H )) (PP (IN=H ) (NP (DT ) (NNP=H )))) (: ) (NP (NP=H (NNP ) (NNP=H )) (VP (VBG=H ) (SBAR (S=H (NP (DT ) (NNP ) (NNPS=H )) (VP=H (VBP=H ) (ADJP (JJ=H ))))))) (. ))),1,91793,"0,0852859387"
"(ROOT (S=H (S (NP=H (NP=H (NNP=H )) (PP (IN=H ) (NP (NNP=H ))))) (, ) (NP (NNP ) (NN=H )) (VP=H (VBP=H ) (ADJP (JJ=H ))) (. )))",1,91794,"0,0852868678"
(ROOT (S=H (NP (NP=H (NNP ) (NNP=H )) (CC ) (NP (NP (DT ) (NN ) (POS=H )) (NNS=H ))) (VP=H (VBP=H ) (ADJP (JJ=H ))) (. ))),1,91795,"0,085287797"
(ROOT (S=H (NP (NP=H (JJ ) (ADJP (JJ=H ) (PRT (RP=H ))) (NN=H )) (PRN (-LRB- ) (NP=H (NP=H (NNPS=H )) (PP (IN=H ) (NP (ADJP (JJ=H ) (SBAR (S=H (VP=H (VBP=H ) (ADVP (RB=H )))))) (NNS=H )))) (-RRB- ))) (VP=H (VBP=H ) (SBAR (S=H (VP=H (VBP=H ) (ADJP (JJ=H )))))) (. ))),1,91796,"0,0852887261"
"(ROOT (S=H (S (VP=H (VBP=H ) (RB ) (VP (VB=H )))) (, ) (S (VP=H (VBP=H ) (RB ) (VP (VB=H )))) (VP=H (VBP=H ) (ADJP (JJ=H ))) (. )))",1,91797,"0,0852896552"
(ROOT (FRAG=H (NP (NN ) (NN=H )) (: ) (S=H (NP (NP=H (NNP=H )) (PP (TO=H ) (NP (NNP=H )))) (VP=H (VBP=H ) (ADJP (JJ=H )))) (. ))),1,91798,"0,0852905843"
"(ROOT (S=H (NP (NP=H (NNP=H )) (PP (IN=H ) (NP (NP=H (NNS=H )) (PP (IN=H ) (NP (NNP ) (, ) (NNP ) (NNP=H )))))) (VP=H (VBP=H ) (ADJP (JJ=H ))) (. )))",1,91799,"0,0852915134"
(ROOT (S=H (NP (NP=H (NNP=H )) (PP (IN=H ) (NP (NP=H (DT ) (NNS=H )) (PP (IN=H ) (NP (DT ) (NNP ) (NNP=H )))))) (VP=H (VBP=H ) (ADJP (JJ=H ))) (. ))),1,91800,"0,0852924425"
(ROOT (S=H (NP (NP=H (NNP=H )) (VP (VBN=H ) (S (NP (NNS=H )) (ADJP=H (JJ=H )))) (PRN (-LRB- ) (NP=H (NNP ) (NNP ) (NNP=H )) (-RRB- ))) (VP=H (VBP=H ) (ADJP (JJ=H ))) (. ))),1,91801,"0,0852933716"
(ROOT (S=H (NP (NN ) (NN=H )) (VP=H (VBD=H ) (SBAR (S=H (NP (NN ) (NNS=H )) (VP=H (VBP=H ) (ADJP (JJ=H )))))) (. ))),1,91802,"0,0852943007"
(ROOT (S=H (NP (NNP ) (NNP=H )) (VP=H (VBP=H ) (SBAR (S=H (NP (VBN ) (NN ) (NNS=H )) (VP=H (VBP=H ) (ADJP (JJ=H )))))) (. ))),1,91803,"0,0852952298"
(ROOT (S=H (NP (NP=H (NNP ) (NNP ) (JJ ) (NN=H )) (PP (IN=H ) (NP (DT ) (NNS ) (NNS=H )))) (VP=H (VBP=H ) (ADJP (JJ=H ))) (. ))),1,91804,"0,085296159"
(ROOT (S=H (NP (NNP ) (NNP ) (ADJP (JJ=H ) (NP-TMP (NNP=H ))) (NNS=H )) (VP=H (VBP=H ) (ADJP (JJ=H ))) (. ))),1,91805,"0,0852970881"
(ROOT (S=H (NP (NNP ) (NNPS ) (NNP=H )) (VP=H (VBZ=H ) (SBAR (S=H (NP (NNS=H )) (VP=H (VBP=H ) (ADJP (JJ=H )))))) (. ))),1,91806,"0,0852980172"
(ROOT (S=H (NP (NNP ) (NNP=H )) (VP=H (VBD=H ) (SBAR (S=H (NP (NP=H (JJ ) (NNS=H )) (PP (IN=H ) (NP (DT ) (NNP ) (NNPS=H )))) (VP=H (VBP=H ) (ADJP (JJ=H )))))) (. ))),1,91807,"0,0852989463"
"(ROOT (S=H (NP (NP=H (NNP=H )) (, ) (NP (JJ ) (NN=H )) (, ) (CC ) (NP (NN ) (NN ) (NNS=H ))) (VP=H (VBP=H ) (ADJP (JJ=H ))) (. )))",1,91808,"0,0852998754"
(ROOT (S=H (NP (NP=H (NNP=H )) (PP (IN=H ) (NP (NP=H (NNP ) (NNP ) (NNS=H )) (PP (IN=H ) (NP (NNP ) (NNP=H )))))) (VP=H (VBP=H ) (ADJP (JJ=H ))) (. ))),1,91809,"0,0853008045"
(ROOT (S=H (NP (NAC (NNP=H ) (PP (IN=H ) (NP (JJ ) (NN=H )))) (NNP=H )) (VP=H (VBP=H ) (ADJP (JJ=H ))) (. ))),1,91810,"0,0853017336"
(ROOT (S=H (LST (LS=H )) (NP (NNS ) (NNP=H ) (CC ) (NNP )) (VP=H (VBP=H ) (ADJP (JJ=H ))) (. ))),1,91811,"0,0853026627"
(ROOT (S=H (NP (NP=H (NNP ) (NNPS ) (JJ ) (NNS=H )) (PP (IN=H ) (NP (NNP ) (NNP ) (CC ) (DT ) (NNPS=H )))) (VP=H (VBP=H ) (ADJP (JJ=H ))) (. ))),1,91812,"0,0853035919"
(ROOT (S=H (NP (NP=H (NNP=H )) (PP (IN=H ) (NP (NNPS ) (NNP=H )))) (VP=H (VBP=H ) (ADJP (JJ=H ))) (. ))),1,91813,"0,085304521"
(ROOT (NP=H (NP=H (PRP$ ) (NN=H )) (: ) (S (NP (NNP ) (NNS=H )) (VP=H (VBP=H ) (ADJP (JJ=H )))) (. ))),1,91814,"0,0853054501"
(ROOT (S=H (NP (NP=H (NNP ) (NNP=H )) (PP (IN=H ) (NP (NP=H (JJ ) (NNP ) (NNS=H )) (VP (VBG=H ) (NP (JJ ) (NNS=H )))))) (VP=H (VBP=H ) (ADJP (JJ=H ))) (. ))),1,91815,"0,0853063792"
(ROOT (S=H (NP (NP=H (NNP=H )) (PP (IN=H ) (NP (NP=H (NNP ) (NNPS=H ) (CC ) (NNPS )) (PP (IN=H ) (NP (NN=H )))))) (VP=H (VBP=H ) (ADJP (JJ=H ))) (. ))),1,91816,"0,0853073083"
(ROOT (S=H (NP (NNP ) (NNP ) (NNP ) (NNP ) (NNP=H )) (VP=H (VBP=H ) (SBAR (S=H (NP (NNS=H )) (VP=H (VBP=H ) (ADJP (JJ=H )))))) (. ))),1,91817,"0,0853082374"
(ROOT (NP=H (NP=H (CD=H )) (: ) (S (NP (NNP ) (NNP ) (NN ) (NNP ) (NNP ) (NNP=H )) (VP=H (VBP=H ) (ADJP (JJ=H )))) (. ))),1,91818,"0,0853091665"
(ROOT (S=H (NP (NNP ) (NN=H ) (CC ) (NN )) (VP=H (VBP=H ) (SBAR (S=H (NP (NP=H (NNS=H )) (PP (VBN=H ) (PP (IN=H ) (NP (DT ) (NNP ) (NNP ) (NNPS=H ))))) (VP=H (VBP=H ) (ADJP (JJ=H )))))) (. ))),1,91819,"0,0853100956"
(ROOT (S=H (NP (NP=H (NNPS ) (NNP=H )) (PP (IN=H ) (NP (NP=H (NNP=H )) (PP (IN=H ) (NP (NNP ) (NNP=H )))))) (VP=H (VBP=H ) (ADJP (JJ=H ))) (. ))),1,91820,"0,0853110247"
(ROOT (S=H (NP (NP=H (JJ ) (CC ) (JJ ) (NNS ) (NNS=H )) (PP (IN=H ) (NP (DT ) (NNP ) (NNPS=H )))) (VP=H (VBP=H ) (ADJP (JJ=H ))) (. ))),1,91821,"0,0853119539"
(ROOT (S=H (NP (NP=H (JJ ) (NN=H )) (PP (IN=H ) (NP (NP=H (DT ) (NNPS=H )) (PP (IN=H ) (NP (NN=H )))))) (VP=H (VBP=H ) (ADJP (JJ=H ))) (. ))),1,91822,"0,085312883"
(ROOT (S=H (NP (NP=H (NN=H )) (PP (IN=H ) (NP (NP=H (JJ ) (NNS=H ) (CC ) (NNS )) (PP (IN=H ) (NP (NN=H )))))) (VP=H (VBP=H ) (ADJP (JJ=H ))) (. ))),1,91823,"0,0853138121"
(ROOT (S=H (NP (NP=H (NNP ) (NNP ) (JJ ) (NNS ) (NN=H )) (CC ) (NP (NN=H ))) (VP=H (VBP=H ) (ADJP (JJ=H ))) (. ))),1,91824,"0,0853147412"
(ROOT (S=H (NP (NP (NNP ) (NNP ) (NNP ) (NNP ) (NNS ) (POS=H )) (NN ) (CC ) (NN ) (NNS=H )) (VP=H (VBP=H ) (ADJP (JJ=H ))) (. ))),1,91825,"0,0853156703"
(ROOT (S=H (NP (ADJP (JJ=H ) (NP (CD ) (NNS=H ))) (NNP ) (NNS=H )) (VP=H (VBP=H ) (ADJP (JJ=H ))) (. ))),1,91826,"0,0853165994"
(ROOT (S=H (NP (NP=H (NNP ) (NNP ) (NNP=H )) (PP (IN=H ) (NP (NNS=H ) (CC ) (NNS )))) (VP=H (VBP=H ) (ADJP (JJ=H ))) (. ))),1,91827,"0,0853175285"
(ROOT (S=H (NP (NP=H (JJ ) (ADJP (JJ=H ) (PRT (RP=H ))) (NN=H )) (PRN (-LRB- ) (NP=H (NP=H (CD ) (NNP ) (NNS=H )) (S (VP=H (VBG=H ) (NP (NNS=H ))))) (-RRB- ))) (VP=H (VBP=H ) (SBAR (S=H (VP=H (VBP=H ) (ADJP (JJ=H )))))) (. ))),1,91828,"0,0853184576"
(ROOT (S=H (NP (NAC (NAC=H (NNP=H ) (PP (IN=H ) (NP (NNP=H )))) (PP (IN=H ) (NP (NNP=H )) (: ))) (NNP=H )) (VP=H (VBP=H ) (ADJP (JJ=H ))) (. ))),1,91829,"0,0853193867"
(ROOT (S=H (NP (NNP=H )) (VP=H (VBZ=H ) (SBAR (S=H (NP (NP=H (NNS=H )) (PP (IN=H ) (NP (NP=H (DT ) (NNP ) (NNPS=H )) (PP (IN=H ) (NP (JJ ) (NN=H )))))) (VP=H (VBP=H ) (ADJP (JJ=H )))))) (. ))),1,91830,"0,0853203159"
(ROOT (S=H (NP (NNP=H )) (VP=H (NN=H ) (SBAR (S=H (NP (JJ ) (NN ) (NN ) (NNS=H )) (VP=H (VBP=H ) (ADJP (JJ=H )))))) (. ))),1,91831,"0,085321245"
(ROOT (NP=H (NP=H (NP=H (NNS=H )) (PP (IN=H ) (NP (JJ ) (NN=H )))) (: ) (NP (NP=H (NNP=H )) (SBAR (S=H (NP (IN ) (NN ) (NN=H )) (VP=H (VBP=H ) (ADJP (JJ=H )))))) (. ))),1,91832,"0,0853221741"
(ROOT (S=H (NP (NP=H (NNP ) (NNPS ) (NNPS=H )) (PP (IN=H ) (NP (NN=H )))) (VP=H (VBP=H ) (ADJP (JJ=H ))) (. ))),1,91833,"0,0853231032"
(ROOT (S=H (NP (NP (NNS ) (POS=H )) (NNP ) (NNP ) (NNPS ) (NNP=H )) (VP=H (VBP=H ) (ADJP (JJ=H ))) (. ))),1,91834,"0,0853240323"
(ROOT (NP=H (NP=H (NNP=H )) (: ) (S (NP (NNP ) (NNP ) (NNP ) (NNPS ) (NNP=H )) (VP=H (VBP=H ) (ADJP (JJ=H )))) (. ))),1,91835,"0,0853249614"
(ROOT (S=H (NP (NP (NNP ) (NNP ) (POS=H )) (NNPS ) (CC ) (NNP ) (NNPS ) (NNP=H )) (VP=H (VBP=H ) (ADJP (JJ=H ))) (. ))),1,91836,"0,0853258905"
(ROOT (S=H (NP (NNP ) (NNPS ) (CC ) (NN ) (JJ ) (NN ) (NNS=H )) (VP=H (VBP=H ) (ADJP (JJ=H ))) (. ))),1,91837,"0,0853268196"
(ROOT (S=H (NP (NP=H (NNP=H )) (CC ) (NP (DT ) (JJ ) (NNP ) (NNS=H ))) (VP=H (VBP=H ) (ADJP (JJ=H ))) (. ))),1,91838,"0,0853277488"
(ROOT (S=H (NP (NP (NP=H (NP (NNP ) (NNP ) (POS=H )) (NNP=H )) (PRN (-LRB- ) (NP=H (NNP ) (NNP=H )) (-RRB- ))) (NNS=H )) (VP=H (VBP=H ) (ADJP (JJ=H ))) (. ))),1,91839,"0,0853286779"
(ROOT (S=H (NP (NP=H (NN=H )) (PP (IN=H ) (NP (NP=H (JJ ) (NNS=H ) (CC ) (NNS )) (PP (IN=H ) (NP (NNP=H )))))) (VP=H (VBP=H ) (ADJP (JJ=H ))) (. ))),1,91840,"0,085329607"
(ROOT (S=H (NP (NP (JJ ) (NNS ) (POS=H )) (VBN ) (NN ) (NN=H )) (VP=H (VBP=H ) (ADJP (JJ=H ))) (. ))),1,91841,"0,0853305361"
(ROOT (S=H (NP (NP=H (JJR ) (NN=H )) (PP (IN=H ) (NP (DT ) (NNP ) (NNP ) (NNPS=H )))) (VP=H (VBP=H ) (ADJP (JJ=H ))) (. ))),1,91842,"0,0853314652"
(ROOT (S=H (NP (NP=H (NNP=H )) (CC ) (NP (NP=H (NN ) (NNS=H )) (PP (IN=H ) (NP (DT ) (NNP ) (NNP ) (NNPS=H ))))) (VP=H (VBP=H ) (ADJP (JJ=H ))) (. ))),1,91843,"0,0853323943"
(ROOT (S=H (NP (NNP ) (NNPS ) (. ) (NNPS=H )) (VP=H (VBP=H ) (SBAR (S=H (NP (NN=H )) (VP=H (VBP=H ) (ADJP (JJ=H )))))) (. ))),1,91844,"0,0853333234"
(ROOT (S=H (NP (NP=H (NNP=H )) (PP (IN=H ) (NP (JJ ) (PRN (-LRB- ) (NP=H (NP=H (CD=H )) (: ) (NP (CD=H ))) (-RRB- )) (NNS=H )))) (VP=H (VBP=H ) (ADJP (JJ=H ))) (. ))),1,91845,"0,0853342525"
(ROOT (S=H (NP (NP=H (NNP ) (NNP=H )) (PP (IN=H ) (NP (NP=H (DT ) (NNP ) (NNP=H )) (PP (IN=H ) (NP (DT ) (NNP ) (NNPS=H )))))) (VP=H (VBP=H ) (ADJP (JJ=H ))) (. ))),1,91846,"0,0853351816"
(ROOT (S=H (NP (NP=H (NNP ) (NNPS ) (NNP=H )) (CC ) (NP (NN=H ))) (VP=H (VBP=H ) (ADJP (JJ=H ))) (. ))),1,91847,"0,0853361108"
(ROOT (S=H (NP (NP=H (NNP ) (NNP ) (NNP ) (NNP=H )) (PP (IN=H ) (NP (NNP ) (NNP=H ) (CC ) (NNPS )))) (VP=H (VBP=H ) (ADJP (JJ=H ))) (. ))),1,91848,"0,0853370399"
(ROOT (S=H (NP (NNP=H )) (VP=H (VBD=H ) (SBAR (S=H (NP (NP=H (NNS ) (NN=H )) (PP (IN=H ) (NP (DT ) (NNP ) (NNP ) (NNPS=H )))) (VP=H (VBP=H ) (ADJP (JJ=H )))))) (. ))),1,91849,"0,085337969"
(ROOT (S=H (NP (NNP=H )) (VP=H (VBD=H ) (SBAR (S=H (NP (NP=H (NNS ) (NN=H )) (PP (IN=H ) (NP (DT ) (NNP ) (NNP ) (NNP ) (JJ ) (NN=H )))) (VP=H (VBP=H ) (ADJP (JJ=H )))))) (. ))),1,91850,"0,0853388981"
(ROOT (S=H (NP (NP=H (NP=H (NNP ) (NNP ) (NNP ) (NNP=H )) (NP (NNS=H ) (CC ) (NNS ))) (PRN (-LRB- ) (NP=H (NNP=H )) (-RRB- ))) (VP=H (VBP=H ) (ADJP (JJ=H ))) (. ))),1,91851,"0,0853398272"
(ROOT (S=H (NP (NP=H (NP (NNPS ) (POS=H )) (NNS=H )) (PP (IN=H ) (NP (NP=H (DT ) (NNP=H )) (PP (IN=H ) (NP (NNP=H )))))) (VP=H (VBP=H ) (ADJP (JJ=H ))) (. ))),1,91852,"0,0853407563"
(ROOT (S=H (NP (NP=H (NNP ) (NNPS ) (NNP=H )) (PP (IN=H ) (NP (NNP ) (NNP ) (NNP ) (NNS=H )))) (VP=H (VBP=H ) (ADJP (JJ=H ))) (. ))),1,91853,"0,0853416854"
(ROOT (S=H (NP (NP=H (JJ ) (ADJP (JJ=H ) (PRT (RP=H ))) (NN=H )) (PRN (-LRB- ) (NP=H (NP=H (NNPS=H )) (PP (IN=H ) (NP (NP=H (JJ ) (NN=H )) (PP (IN=H ) (NP (JJ ) (NN ) (NNS=H )))))) (-RRB- ))) (VP=H (VBP=H ) (SBAR (S=H (VP=H (VBP=H ) (ADJP (JJ=H )))))) (. ))),1,91854,"0,0853426145"
(ROOT (S=H (NP (JJ ) (PRN (: ) (NP=H (NP=H (NNP=H )) (: ) (NP (NNP ) (NNP=H )))) (NNS=H )) (VP=H (VBP=H ) (ADJP (JJ=H ))) (. ))),1,91855,"0,0853435437"
(ROOT (S=H (NP (NP=H (NNP=H ) (CC ) (NNP )) (CC ) (NP (JJ ) (NNS=H ))) (VP=H (VBP=H ) (ADJP (JJ=H ))) (. ))),1,91856,"0,0853444728"
"(ROOT (S=H (S (NP (JJ ) (NN=H )) (VP=H (VBZ=H ) (PP (IN=H ) (NP (NNP ) (NNP=H ))))) (, ) (NP (NNP=H )) (VP=H (VBP=H ) (ADJP (JJ=H ))) (. )))",1,91857,"0,0853454019"
(ROOT (S=H (NP (NP=H (NNPS ) (NNPS=H )) (PP (IN=H ) (NP (NP=H (NNP ) (NNP=H )) (PP (IN=H ) (NP (NNP ) (NNP=H )))))) (VP=H (VBP=H ) (ADJP (JJ=H ))) (. ))),1,91858,"0,085346331"
(ROOT (S=H (NP (NP=H (JJ ) (NN=H )) (CC ) (NP (NNP ) (NN ) (NNS=H ))) (VP=H (VBP=H ) (ADJP (JJ=H ))) (. ))),1,91859,"0,0853472601"
"(ROOT (S=H (NP (JJ ) (, ) (NN ) (NN ) (, ) (CC ) (NNP ) (NN ) (NNS=H )) (VP=H (VBP=H ) (ADJP (JJ=H ))) (. )))",1,91860,"0,0853481892"
"(ROOT (S=H (ADVP (RB=H )) (, ) (NP (NP=H (NNP=H )) (, ) (CC ) (NP (JJ ) (NN ) (CC ) (NN ) (NNS=H ))) (VP=H (VBP=H ) (ADJP (JJ=H ))) (. )))",1,91861,"0,0853491183"
(ROOT (S=H (ADVP (RB=H )) (NP (NN ) (NN ) (CC ) (NN ) (NNS=H )) (VP=H (VBP=H ) (ADJP (JJ=H ))) (. ))),1,91862,"0,0853500474"
(ROOT (NP=H (NP=H (NNS=H )) (PP (IN=H ) (NP (NP=H (NNP=H )) (SBAR (WHNP=H (WP=H )) (S (NP (NN ) (NN ) (NNS=H )) (VP=H (VBP=H ) (ADJP (JJ=H ))))))) (. ))),1,91863,"0,0853509765"
(ROOT (S=H (NP (NP=H (JJ ) (ADJP (JJ=H ) (PRT (RP=H ))) (NN=H )) (PRN (-LRB- ) (VP=H (VBN=H ) (S (VP=H (VBG=H ) (NP (JJR ) (NNS=H ))))) (-RRB- ))) (VP=H (VBP=H ) (SBAR (S=H (VP=H (VBP=H ) (ADJP (JJ=H )))))) (. ))),1,91864,"0,0853519057"
"(ROOT (S=H (S (VP=H (VBN=H ) (PP (IN=H ) (NP (NP=H (DT ) (NNP=H )) (PP (IN=H ) (NP (NP (NNS ) (POS=H )) (NNS=H ))))))) (, ) (NP (NNP=H )) (VP=H (VBP=H ) (ADJP (JJ=H ))) (. )))",1,91865,"0,0853528348"
(ROOT (S=H (NP (NP=H (NNP=H )) (PP (IN=H ) (NP (NP=H (NNP ) (NNP=H )) (PP (IN=H ) (NP (NP=H (NNP ) (NNS=H )) (PP (IN=H ) (NP (NP=H (DT ) (JJ ) (NN=H )) (PP (IN=H ) (NP (NNPS=H )))))))))) (VP=H (VBP=H ) (ADJP (JJ=H ))) (. ))),1,91866,"0,0853537639"
(ROOT (S=H (PP (IN=H ) (NP (NN=H ))) (NP (JJ ) (NN ) (NNS=H )) (VP=H (VBP=H ) (ADJP (JJ=H ))) (. ))),1,91867,"0,085354693"
(ROOT (FRAG=H (NP (NNP=H )) (: ) (S=H (NP (NP=H (NNP ) (NN ) (NNS=H )) (PP (TO=H ) (NP (NNS=H )))) (VP=H (VBP=H ) (ADJP (JJ=H )))) (. ))),1,91868,"0,0853556221"
"(ROOT (S=H (PP (ADVP (RB=H )) (IN=H ) (NP (NP=H (NNP=H )) (PP (IN=H ) (NP (NNP ) (NNP=H ))))) (, ) (NP (NNP=H )) (VP=H (VBP=H ) (ADJP (JJ=H ))) (. )))",1,91869,"0,0853565512"
(ROOT (S=H (NP (NP=H (NNP ) (NNP=H )) (PP (IN=H ) (NP (NP=H (NP=H (NNP=H )) (PRN (-LRB- ) (NP=H (NP=H (CD=H )) (: ) (NP (CD=H ))) (-RRB- ))) (NP (NP=H (NNS=H )) (PP (IN=H ) (NP (NP=H (DT ) (JJ ) (NN=H )) (PP (IN=H ) (NP (NNPS=H ))))))))) (VP=H (VBP=H ) (ADJP (JJ=H ))) (. ))),1,91870,"0,0853574803"
(ROOT (S=H (NP (NP=H (NNP ) (NNP=H )) (PP (IN=H ) (NP (NP=H (NP=H (NNP=H )) (PRN (-LRB- ) (NP=H (NP=H (JJ=H )) (: ) (NP (NNP=H ))) (-RRB- ))) (NP (NP=H (NNS=H )) (PP (IN=H ) (NP (NP=H (DT ) (JJ ) (NN=H )) (PP (IN=H ) (NP (NNPS=H ))))))))) (VP=H (VBP=H ) (ADJP (JJ=H ))) (. ))),1,91871,"0,0853584094"
"(ROOT (S=H (S (NP (NNP=H )) (VP=H (VBZ=H ) (PP (IN=H ) (NP (NP=H (NNP=H )) (PP (IN=H ) (NP (NNP ) (NNP=H ))))))) (, ) (NP (NNP=H )) (VP=H (VBP=H ) (ADJP (JJ=H ))) (. )))",1,91872,"0,0853593385"
(ROOT (S=H (NP (NP (NNP ) (NNPS ) (NNP ) (POS=H )) (NN=H ) (CC ) (NN )) (VP=H (VBP=H ) (ADJP (JJ=H ))) (. ))),1,91873,"0,0853602677"
(ROOT (NP=H (NP=H (NNPS=H )) (: ) (S (NP (NNP=H ) (CD )) (VP=H (VBP=H ) (ADJP (JJ=H )))) (. ))),1,91874,"0,0853611968"
(ROOT (NP=H (NP=H (NNPS=H )) (: ) (S (NP (NN ) (NNS=H )) (VP=H (VBP=H ) (ADJP (JJ=H )))) (. ))),1,91875,"0,0853621259"
(ROOT (S=H (NP (PRP=H )) (`` ) (VP=H (VBD=H ) (SBAR (S=H (NP (NNS=H )) (VP=H (VBP=H ) (ADJP (JJ=H )))))) (. ))),1,91876,"0,085363055"
(ROOT (S=H (NP (NP (NNP ) (NNP ) (NNS ) (NN=H )) (PRN (-LRB- ) (NP=H (NNP=H )) (-RRB- )) (NNS=H )) (VP=H (VBP=H ) (ADJP (JJ=H ))) (. ))),1,91877,"0,0853639841"
(ROOT (S=H (NP (NP=H (NNP ) (NNP=H )) (PP (IN=H ) (NP (JJ ) (PRN (-LRB- ) (NP=H (NP=H (CD=H )) (: ) (NP (CD=H ))) (-RRB- )) (NNS=H )))) (VP=H (VBP=H ) (ADJP (JJ=H ))) (. ))),1,91878,"0,0853649132"
(ROOT (S=H (NP (NP=H (NNP=H )) (PP (IN=H ) (NP (NP=H (NNP ) (NNP=H )) (PP (IN=H ) (NP (NP=H (NNP ) (NNS=H )) (PP (IN=H ) (NP (DT ) (ADJP (NP (CD=H )) (JJ=H )) (JJ ) (NN=H )))))))) (VP=H (VBP=H ) (ADJP (JJ=H ))) (. ))),1,91879,"0,0853658423"
(ROOT (NP=H (NP=H (NNP ) (NNP=H )) (: ) (S (NP (NP=H (NNP ) (NNS=H )) (PP (IN=H ) (NP (NNP ) (JJ ) (NNS=H )))) (VP=H (VBP=H ) (ADJP (JJ=H )))) (. ))),1,91880,"0,0853667714"
(ROOT (S=H (NP (NNP ) (NNPS ) (NNP ) (NNP ) (NNP=H )) (VP=H (VBP=H ) (ADJP (JJ=H ))) (. ))),1,91881,"0,0853677006"
"(ROOT (S=H (NP (NP=H (NNP ) (NNP=H )) (, ) (NP (NP=H (NNP ) (NNP=H )) (, ) (NP (NN ) (NNS=H )))) (VP=H (VBP=H ) (ADJP (JJ=H ))) (. )))",1,91882,"0,0853686297"
(ROOT (S=H (PP (TO=H ) (NP (PRP$ ) (NN=H ))) (NP (NNS=H )) (VP=H (VBP=H ) (ADJP (JJ=H ))) (. ))),1,91883,"0,0853695588"
(ROOT (S=H (NP (NP=H (NNP=H )) (PP (IN=H ) (NP (NP=H (NNP ) (NNPS=H ) (CC ) (NNPS )) (PP (IN=H ) (NP (NP=H (DT ) (NNP=H )) (PP (IN=H ) (NP (NNP=H )))))))) (VP=H (VBP=H ) (ADJP (JJ=H ))) (. ))),1,91884,"0,0853704879"
(ROOT (S=H (NP (NP=H (NNP=H )) (PP (IN=H ) (NP (NP=H (NNP ) (NNPS=H ) (CC ) (NNPS )) (PP (IN=H ) (NP (NNP ) (NNP=H )))))) (VP=H (VBP=H ) (ADJP (JJ=H ))) (. ))),1,91885,"0,085371417"
(ROOT (S=H (NP (NP=H (NNP=H )) (VP (VBG=H ) (NP (NNS=H ) (CC ) (NNS )))) (VP=H (VBP=H ) (ADJP (JJ=H ))) (. ))),1,91886,"0,0853723461"
(ROOT (S=H (NP (NP=H (NNP ) (NNP ) (NNP ) (NN ) (NN=H )) (VP (VBG=H ) (NP (NNS=H )))) (VP=H (VBP=H ) (ADJP (JJ=H ))) (. ))),1,91887,"0,0853732752"
(ROOT (S=H (NP (NP=H (NP=H (NN=H )) (PP (IN=H ) (NP (NN=H ) (CD )))) (PRN (-LRB- ) (NP=H (NN ) (NNS=H )) (-RRB- ))) (VP=H (VBP=H ) (ADJP (JJ=H ))) (. ))),1,91888,"0,0853742043"
(ROOT (S=H (NP (NP=H (NNP ) (NNP=H )) (PP (IN=H ) (NP (NP=H (NNP ) (NNP ) (NNS=H )) (PP (IN=H ) (NP (NNP ) (JJ ) (NNS=H )))))) (VP=H (VBP=H ) (ADJP (JJ=H ))) (. ))),1,91889,"0,0853751334"
(ROOT (S=H (NP (NNP=H )) (VP=H (VBD=H ) (SBAR (S=H (NP (NNS ) (NNP ) (NNP ) (NNP=H ) (CD )) (VP=H (VBP=H ) (ADJP (JJ=H )))))) (. ))),1,91890,"0,0853760626"
(ROOT (S=H (NP (NNP=H )) (VP=H (VBD=H ) (NP (NP=H (NNS=H )) (SBAR (S=H (NP (NNP ) (NNP ) (NNP ) (CD ) (JJ ) (NN=H )) (VP=H (VBP=H ) (ADJP (JJ=H ))))))) (. ))),1,91891,"0,0853769917"
(ROOT (S=H (NP (NP=H (NNP ) (NNP=H )) (PP (IN=H ) (NP (NP=H (NNP ) (NNS=H )) (PP (IN=H ) (NP (NNS=H )))))) (VP=H (VBP=H ) (ADJP (JJ=H ))) (. ))),1,91892,"0,0853779208"
(ROOT (S=H (NP (NP=H (NN=H )) (PP (IN=H ) (NP (JJ ) (PRN (-LRB- ) (NP=H (NN=H )) (-RRB- )) (NNS=H )))) (VP=H (VBP=H ) (ADJP (JJ=H ))) (. ))),1,91893,"0,0853788499"
(ROOT (S=H (NP (NNP ) (NNP=H )) (PRN (-LRB- ) (NP=H (CD=H )) (-RRB- )) (NP (NNP ) (NNPS ) (NNP=H )) (VP=H (VBP=H ) (ADJP (JJ=H ))) (. ))),1,91894,"0,085379779"
(ROOT (S=H (NP (NP=H (NNP ) (NNP ) (NN=H )) (NP (JJ ) (NN ) (NN ) (NN ) (NNS=H ))) (VP=H (VBP=H ) (ADJP (JJ=H ))) (. ))),1,91895,"0,0853807081"
(ROOT (S=H (NP (NP (NNP ) (NNP=H )) (PRN (-LRB- ) (FRAG=H (ADJP=H (JJ=H )) (: )) (-RRB- )) (NNS=H )) (VP=H (VBP=H ) (ADJP (JJ=H ))) (. ))),1,91896,"0,0853816372"
(ROOT (S=H (NP (NP=H (NNP=H )) (PP (IN=H ) (NP (DT ) (JJ ) (JJ ) (`` ) (JJ ) ('' ) (NNS=H )))) (VP=H (VBP=H ) (ADJP (JJ=H ))) (. ))),1,91897,"0,0853825663"
(ROOT (S=H (NP (NNP ) (NNP ) (NNP ) (JJ ) (NN=H )) (VP=H (VBP=H ) (SBAR (S=H (NP (JJ ) (NNS=H )) (VP=H (VBP=H ) (ADJP (JJ=H )))))) (. ))),1,91898,"0,0853834954"
(ROOT (S=H (S=H (NP (DT=H )) (VP=H (VBN=H ))) (CC ) (S (NP (JJ ) (NNS=H ) (CC ) (NNS )) (VP=H (VBP=H ) (ADJP (JJ=H )))) (. ))),1,91899,"0,0853844246"
(ROOT (S=H (ADVP (JJ=H ) (PP (IN=H ) (NP (NP=H (NNP=H )) (PRN (-LRB- ) (NP=H (NN=H )) (-RRB- ))))) (NP (NNS=H )) (VP=H (VBP=H ) (ADJP (JJ=H ))) (. ))),1,91900,"0,0853853537"
(ROOT (S=H (NP (NNP=H )) (VP=H (VBD=H ) (SBAR (S=H (NP (NNS=H )) (VP=H (VBZ=H ) (SBAR (S=H (NP (NN ) (NNS=H )) (VP=H (VBP=H ) (ADJP (JJ=H ))))))))) (. ))),1,91901,"0,0853862828"
(ROOT (S=H (NP (NNP=H )) (VP=H (VBD=H ) (SBAR (S=H (NP (NNS=H )) (VP=H (VBZ=H ) (SBAR (S=H (NP (NN ) (NNS=H )) (VP=H (VBD=H ) (SBAR (S=H (NP (NN=H )) (VP=H (VBP=H ) (ADJP (JJ=H )))))))))))) (. ))),1,91902,"0,0853872119"
(ROOT (S=H (NP (NNP=H )) (VP=H (VBD=H ) (SBAR (S=H (NP (NNS=H )) (VP=H (VBZ=H ) (SBAR (S=H (NP (NP=H (NN ) (NNS=H )) (ADJP (JJ ) (JJ=H ))) (VP=H (VBP=H ) (ADJP (JJ=H ))))))))) (. ))),1,91903,"0,085388141"
(ROOT (S=H (NP (DT ) (NN=H )) (PP (IN=H ) (NP (PRN (-LRB- ) (NP=H (NN=H )) (-RRB- )) (NNS=H ))) (VP=H (VBP=H ) (ADJP (JJ=H ))) (. ))),1,91904,"0,0853890701"
(ROOT (S=H (NP (NNP=H )) (VP=H (VBD=H ) (NP (NP=H (NNS ) (NNP ) (NNP ) (CC ) (NNP ) (NNP=H )) (SBAR (S=H (NP (NN=H )) (VP=H (VBP=H ) (ADJP (JJ=H ))))))) (. ))),1,91905,"0,0853899992"
"(ROOT (S=H (S (NP (NNS=H )) (VP=H (VBN=H ) (PP (IN=H ) (NP (NP=H (DT ) (NNP=H )) (PP (IN=H ) (NP (NNP=H ))))))) (, ) (NP (NNP ) (NNP ) (NNP=H )) (VP=H (VBP=H ) (ADJP (JJ=H ))) (. )))",1,91906,"0,0853909283"
(ROOT (S=H (S (VP=H (VB=H ) (NP (NN ) (NNS=H )) (PP (IN=H )))) (. ) (NP (NN ) (NN ) (NNS=H )) (VP=H (VBP=H ) (ADJP (JJ=H ))) (. ))),1,91907,"0,0853918575"
"(ROOT (S=H (NP (NP=H (NNP ) (NNP ) (NNP ) (NNP=H )) (, ) (NP (NNP ) (NNP ) (NNP ) (NNP ) (NN ) (NNS=H ))) (VP=H (VBP=H ) (ADJP (JJ=H ))) (. )))",1,91908,"0,0853927866"
(ROOT (S=H (NP (NP=H (NNP=H )) (PP (IN=H ) (NP (UCP (NN=H ) (CC ) (NN )) (NNS=H )))) (VP=H (VBP=H ) (ADJP (JJ=H ))) (. ))),1,91909,"0,0853937157"
(ROOT (S=H (NP (NNP ) (POS=H )) (VP=H (VBZ=H ) (SBAR (S=H (NP (JJ ) (NNS=H )) (VP=H (VBP=H ) (ADJP (JJ=H )))))) (. ))),1,91910,"0,0853946448"
(ROOT (S=H (NP (NP=H (NNP ) (NNP=H )) (VP (VBG=H ) (PP (IN=H ) (NP (NNPS=H ))))) (VP=H (VBP=H ) (ADJP (JJ=H ))) (. ))),1,91911,"0,0853955739"
"(ROOT (S=H (NP (NP=H (NNPS ) (NNP=H ) (CC ) (NNP )) (PP (IN=H ) (NP (NP=H (NNP ) (NNP=H )) (, ) (NP (NNP=H ))))) (VP=H (VBP=H ) (ADJP (JJ=H ))) (. )))",1,91912,"0,085396503"
(ROOT (S=H (NP (NP=H (JJ ) (NN ) (NN=H )) (CC ) (NP (JJ ) (NNS=H ))) (VP=H (VBP=H ) (ADJP (JJ=H ))) (. ))),1,91913,"0,0853974321"
(ROOT (S=H (NP (NP (DT ) (NNS=H )) (PRN (-LRB- ) (NP=H (NNP ) (NN=H )) (-RRB- )) (NNS=H )) (VP=H (VBP=H ) (ADJP (JJ=H ))) (. ))),1,91914,"0,0853983612"
(ROOT (S=H (NP (NP (NNP ) (POS=H )) (NNP ) (NNP ) (NN=H )) (VP=H (VBZ=H ) (SBAR (S=H (NP (JJ ) (NNS=H )) (VP=H (VBP=H ) (ADJP (JJ=H )))))) (. ))),1,91915,"0,0853992903"
(ROOT (S=H (NP (NP (DT ) (NNS ) (POS=H )) (NNP ) (PRN (-LRB- ) (NP=H (NN=H )) (-RRB- )) (NNP=H )) (VP=H (VBP=H ) (ADJP (JJ=H ))) (. ))),1,91916,"0,0854002195"
(ROOT (NP=H (NP=H (NNP ) (CD ) (NNS=H )) (: ) (S (NP (NN=H )) (VP=H (VBP=H ) (ADJP (JJ=H )))) (. ))),1,91917,"0,0854011486"
(ROOT (S=H (NP (NNP ) (NNP=H )) (VP=H (VBZ=H ) (SBAR (S=H (NP (JJ ) (NN ) (NNS=H )) (VP=H (VBP=H ) (ADJP (JJ=H )))))) (. ))),1,91918,"0,0854020777"
(ROOT (S=H (NP (NP=H (NNP ) (NNP ) (NNP ) (NNP ) (NN=H )) (PP (IN=H ) (NP (DT ) (NNP ) (NNPS=H )))) (VP=H (VBP=H ) (ADJP (JJ=H ))) (. ))),1,91919,"0,0854030068"
(ROOT (S=H (NP (NP=H (NP (NNP ) (POS=H )) (JJ ) (NNS ) (NNS=H )) (PP (IN=H ) (NP (DT ) (NNP ) (NNPS=H )))) (VP=H (VBP=H ) (ADJP (JJ=H ))) (. ))),1,91920,"0,0854039359"
(ROOT (S=H (NP (NNP ) (NNPS ) (NNS=H )) (VP=H (VBZ=H ) (NP (NP=H (JJ ) (NN ) (NN ) (NN=H )) (SBAR (S=H (VP=H (VBP=H ) (ADJP (JJ=H ))))))) (. ))),1,91921,"0,085404865"
(ROOT (S=H (NP (NP=H (JJ ) (NN ) (CC ) (NN ) (NNS=H )) (PRN (-LRB- ) (NP=H (NN=H )) (-RRB- ))) (VP=H (VBP=H ) (ADJP (JJ=H ))) (. ))),1,91922,"0,0854057941"
(ROOT (S=H (NP (NP=H (NNP ) (NNP=H )) (PRN (-LRB- ) (NP=H (NN ) (NNS=H )) (-RRB- ))) (VP=H (VBP=H ) (ADJP (JJ=H ))) (. ))),1,91923,"0,0854067232"
(ROOT (S=H (NP (NP=H (NNP=H )) (PP (IN=H ) (NP (NP=H (NP=H (NNP=H )) (PRN (-LRB- ) (NP=H (NP=H (CD=H )) (: ) (NP (NN=H ))) (-RRB- ))) (CC ) (NP (DT ) (NNS=H ))))) (VP=H (VBP=H ) (ADJP (JJ=H ))) (. ))),1,91924,"0,0854076523"
(ROOT (S=H (NP (NP=H (NNP ) (NN ) (NN ) (NNP=H )) (PP (IN=H ) (NP (DT ) (ADJP (NN ) (JJ=H )) (NNS=H )))) (VP=H (VBP=H ) (ADJP (JJ=H ))) (. ))),1,91925,"0,0854085815"
(ROOT (S=H (NP (NNP=H )) (VP=H (VBP=H ) (SBAR (S=H (NP (NNP ) (NNP ) (NNP ) (NNP ) (NN ) (NNS=H )) (VP=H (VBP=H ) (ADJP (JJ=H )))))) (. ))),1,91926,"0,0854095106"
(ROOT (S=H (NP (NP (NP (NNP ) (NNP ) (NNP ) (POS=H )) (JJ ) (NNS ) (POS=H )) (NN=H )) (VP=H (VBP=H ) (ADJP (JJ=H ))) (. ))),1,91927,"0,0854104397"
(ROOT (S=H (NP (NP=H (JJ ) (NN=H )) (PP (TO=H ) (NP (NNS=H )))) (VP=H (VBP=H ) (ADJP (JJ=H ))) (. ))),1,91928,"0,0854113688"
(ROOT (S=H (NP (NNP ) (NNP ) (NNP=H )) (VP=H (VBP=H ) (SBAR (S=H (NP (NP=H (JJ ) (NNS=H )) (PP (IN=H ) (NP (NN=H )))) (VP=H (VBP=H ) (ADJP (JJ=H )))))) (. ))),1,91929,"0,0854122979"
(ROOT (S=H (NP (NP=H (JJ ) (ADJP (JJ=H ) (PRT (RP=H ))) (NN=H )) (PRN (-LRB- ) (NP=H (NP=H (NNPS=H )) (PP (IN=H ) (NP (NP=H (NNS=H )) (SBAR (WHNP=H (WDT=H )) (S (VP=H (VBP=H ) (S (VP=H (TO=H ) (VP (VB=H ) (VP (VBN=H ) (PP (IN=H ) (NP (DT ) (NN=H ))))))))))))) (-RRB- ))) (VP=H (VBP=H ) (SBAR (S=H (VP=H (VBP=H ) (ADJP (JJ=H )))))) (. ))),1,91930,"0,085413227"
(ROOT (S=H (NP (NP=H (NNP ) (NNP ) (NNP ) (NNP ) (NNP=H )) (PP (IN=H ) (NP (DT ) (NN ) (NNS=H )))) (VP=H (VBP=H ) (ADJP (JJ=H ))) (. ))),1,91931,"0,0854141561"
(ROOT (S=H (NP (NNP ) (NNP ) (NNP ) (NNP ) (NNPS ) (NNP ) (NNP ) (NNS=H )) (VP=H (VBP=H ) (ADJP (JJ=H ))) (. ))),1,91932,"0,0854150852"
(ROOT (S=H (NP (NP=H (JJ ) (ADJP (JJ=H ) (PRT (RP=H ))) (NN=H )) (PRN (-LRB- ) (NP=H (NP=H (NNPS=H )) (PP (IN=H ) (NP (NP=H (JJ ) (JJ ) (NN=H )) (PRN (-LRB- ) (NP=H (NNS=H )) (-RRB- ))))) (-RRB- ))) (VP=H (VBP=H ) (SBAR (S=H (VP=H (VBP=H ) (ADJP (JJ=H )))))) (. ))),1,91933,"0,0854160144"
(ROOT (S=H (NP (NP=H (NNP ) (NNP=H )) (PP (IN=H ) (NP (NNP ) (NNPS ) (NNS=H ))) (PP (IN=H ) (NP (NN=H ) (CC ) (NN )))) (VP=H (VBP=H ) (ADJP (JJ=H ))) (. ))),1,91934,"0,0854169435"
(ROOT (S=H (NP (NP=H (NNS ) (CC ) (NNS ) (NNS=H )) (PP (IN=H ) (NP (NNS=H )))) (VP=H (VBP=H ) (ADJP (JJ=H ))) (. ))),1,91935,"0,0854178726"
(ROOT (S=H (NP (ADJP (ADJP=H (NNP=H ) (NNP )) (PRN (-LRB- ) (NP=H (JJ ) (NN=H )) (-RRB- ))) (NNS=H )) (VP=H (VBP=H ) (ADJP (JJ=H ))) (. ))),1,91936,"0,0854188017"
(ROOT (S=H (NP (NP=H (DT ) (NNP ) (NNP ) (NNP=H )) (PP (IN=H ) (NP (NNS=H )))) (VP=H (VBP=H ) (ADJP (JJ=H ))) (. ))),1,91937,"0,0854197308"
(ROOT (S=H (NP (NNP=H )) (VP=H (VBP=H ) (SBAR (S=H (NP (NP (NNP ) (POS=H )) (NNP ) (NNP ) (NN ) (NNS=H )) (VP=H (VBP=H ) (ADJP (JJ=H )))))) (. ))),1,91938,"0,0854206599"
(ROOT (S=H (NP (NP (NNP ) (NNPS=H )) (PRN (-LRB- ) (NP=H (NP=H (CD=H )) (: ) (NP (NN=H ))) (-RRB- )) (NNS=H )) (VP=H (VBP=H ) (ADJP (JJ=H ))) (. ))),1,91939,"0,085421589"
"(ROOT (S=H (NP-TMP (NP=H (NNP=H )) (CC ) (NP (NNS=H ))) (PP (IN=H ) (NP (NNP=H ))) (, ) (NP (NNP ) (NNP=H )) (VP=H (VBP=H ) (ADJP (JJ=H ))) (. )))",1,91940,"0,0854225181"
(ROOT (S=H (NP (NNP=H )) (VP=H (VBP=H ) (SBAR (S=H (NP (NP=H (DT ) (NN=H )) (PP (IN=H ) (NP (NNP ) (CC ) (NNP ) (NNP ) (NNS=H )))) (VP=H (VBP=H ) (ADJP (JJ=H )))))) (. ))),1,91941,"0,0854234472"
"(ROOT (S=H (PP (ADVP (RB=H )) (IN=H ) (NP (NNPS ) (NNP=H ))) (, ) (NP (NNP=H )) (VP=H (VBP=H ) (ADJP (JJ=H ))) (. )))",1,91942,"0,0854243764"
(ROOT (S=H (NP (NNP=H )) (VP=H (VBP=H ) (SBAR (S=H (NP (NP=H (NNP ) (NNP ) (NNP=H )) (CC ) (NP (NNP ) (NN ) (NNS=H ))) (VP=H (VBP=H ) (ADJP (JJ=H )))))) (. ))),1,91943,"0,0854253055"
"(ROOT (S=H (PP (ADVP (RB=H )) (IN=H ) (NP (NP=H (DT ) (NNP ) (NNP=H )) (PP (IN=H ) (NP (NNPS=H ) (CC ) (NNP ))))) (, ) (NP (NNP=H )) (VP=H (VBP=H ) (ADJP (JJ=H ))) (. )))",1,91944,"0,0854262346"
"(ROOT (S=H (S (NP=H (NP=H (NNP ) (NNP=H )) (PP (IN=H ) (NP (NNPS=H ) (CC ) (NNP ))))) (, ) (NP (NNP=H )) (VP=H (VBP=H ) (ADJP (JJ=H ))) (. )))",1,91945,"0,0854271637"
(ROOT (S=H (NP (NNP=H )) (VP=H (VBD=H ) (SBAR (S=H (NP (NNP ) (NNP ) (CC ) (NNP ) (NNP ) (NNS=H )) (VP=H (VBP=H ) (ADJP (JJ=H )))))) (. ))),1,91946,"0,0854280928"
(ROOT (S=H (NP (NNP=H )) (VP=H (VBP=H ) (SBAR (S=H (NP (NP (NNP ) (POS=H )) (NN ) (NNS=H )) (VP=H (VBP=H ) (ADJP (JJ=H )))))) (. ))),1,91947,"0,0854290219"
(ROOT (S=H (NP (NP=H (NNP ) (NNP ) (NNP ) (NNP=H )) (PP (IN=H ) (NP (NNP ) (NNPS=H )))) (VP=H (VBP=H ) (SBAR (S=H (NP (NNP=H )) (VP=H (VBP=H ) (ADJP (JJ=H )))))) (. ))),1,91948,"0,085429951"
"(ROOT (S=H (NP (NP=H (NN=H )) (PP (IN=H ) (NP (NP=H (NNPS ) (NNP=H )) (, ) (NP (NNP=H ))))) (VP=H (VBP=H ) (ADJP (JJ=H ))) (. )))",1,91949,"0,0854308801"
(ROOT (S=H (NP (NP=H (NNP=H )) (CC ) (NP (DT ) (NNPS=H ))) (VP=H (VBP=H ) (SBAR (S=H (NP (NNS=H )) (VP=H (VBP=H ) (ADJP (JJ=H )))))) (. ))),1,91950,"0,0854318092"
(ROOT (S=H (NP (UCP (ADJP=H (JJ=H )) (CC ) (NP (DT ) (NNPS=H ))) (NN ) (NNS=H )) (VP=H (VBP=H ) (ADJP (JJ=H ))) (. ))),1,91951,"0,0854327384"
(ROOT (S=H (NP (NNP=H )) (VP=H (VBZ=H ) (S (VP=H (VBG=H ) (SBAR (S=H (NP (DT ) (NNP ) (NNP ) (NNPS=H )) (VP=H (VBP=H ) (ADJP (JJ=H )))))))) (. ))),1,91952,"0,0854336675"
(ROOT (S=H (S (VP=H (VBG=H ) (NP (NNP ) (NNPS ) (NN=H )))) (VP=H (VBP=H ) (ADJP (JJ=H ))) (. ))),1,91953,"0,0854345966"
(ROOT (S=H (NP (NP=H (NNP ) (NNP ) (NN ) (NN=H )) (PP (IN=H ) (NP (NN ) (NNS=H )))) (VP=H (VBP=H ) (ADJP (JJ=H ))) (. ))),1,91954,"0,0854355257"
(ROOT (S=H (NP (DT ) (NNP ) (NNP ) (NNPS ) (NNP ) (NNP ) (NNS=H )) (VP=H (VBP=H ) (ADJP (JJ=H ))) (. ))),1,91955,"0,0854364548"
(ROOT (S=H (NP (DT ) (NNP ) (NNP ) (NNP=H )) (VP=H (VBD=H ) (SBAR (S=H (NP (NNS=H )) (VP=H (VBP=H ) (ADJP (JJ=H )))))) (. ))),1,91956,"0,0854373839"
(ROOT (NP=H (NP=H (NNP ) (NNS=H )) (: ) (S (NP (NN ) (NNS=H )) (VP=H (VBP=H ) (ADJP (JJ=H )))) (. ))),1,91957,"0,085438313"
"(ROOT (S=H (PP (ADVP (RB=H )) (IN=H ) (NP (NNP ) (CC ) (NNP ) (NNPS=H ))) (, ) (NP (NP=H (NNP=H )) (PP (IN=H ) (NP (NNP ) (NNS=H )))) (VP=H (VBP=H ) (ADJP (JJ=H ))) (. )))",1,91958,"0,0854392421"
"(ROOT (S=H (PP (ADVP (RB=H )) (IN=H ) (NP (JJ ) (NNP=H ) (CC ) (NNP ))) (, ) (NP (NP=H (NNP=H )) (PP (IN=H ) (NP (NNP ) (NNS=H )))) (VP=H (VBP=H ) (ADJP (JJ=H ))) (. )))",1,91959,"0,0854401713"
"(ROOT (S=H (PP (ADVP (RB=H )) (IN=H ) (NP (NNP=H ) (CC ) (NNP ))) (, ) (NP (NP=H (NNP=H )) (PP (IN=H ) (NP (NNP ) (NNS=H )))) (VP=H (VBP=H ) (ADJP (JJ=H ))) (. )))",1,91960,"0,0854411004"
(ROOT (S=H (NP (NNP ) (NNP ) (NNP ) (NNS ) (NN=H )) (VP=H (VBZ=H ) (SBAR (S=H (NP (NNS=H )) (VP=H (VBP=H ) (ADJP (JJ=H )))))) (. ))),1,91961,"0,0854420295"
(ROOT (S=H (NP (NNP=H )) (VP=H (VBD=H ) (SBAR (S=H (NP (NP=H (NNS=H )) (PP (IN=H ) (NP (NP=H (NN=H )) (PP (IN=H ) (NP (NN=H )))))) (VP=H (VBP=H ) (ADJP (JJ=H )))))) (. ))),1,91962,"0,0854429586"
(ROOT (S=H (NP (NNP=H )) (VP=H (VBD=H ) (SBAR (S=H (NP (NP=H (NNS=H )) (PP (IN=H ) (NP (NP=H (NN=H )) (PP (IN=H ) (NP (DT ) (NNPS=H )))))) (VP=H (VBP=H ) (ADJP (JJ=H )))))) (. ))),1,91963,"0,0854438877"
(ROOT (S=H (NP-TMP (NNP=H )) (NP (NP (JJS=H )) (PRN (-LRB- ) (NP=H (NN ) (NN=H )) (-RRB- )) (NNS=H )) (VP=H (VBP=H ) (ADJP (JJ=H ))) (. ))),1,91964,"0,0854448168"
(ROOT (S=H (NP (NP=H (JJ ) (NNS ) (NNS=H )) (PP (IN=H ) (NP (DT ) (JJ ) (NNP ) (NNP=H )))) (VP=H (VBP=H ) (ADJP (JJ=H ))) (. ))),1,91965,"0,0854457459"
(ROOT (S=H (NP (NP=H (NN ) (NN=H )) (VP (VBG=H ) (NP (JJ ) (NNS=H )))) (VP=H (VBP=H ) (ADJP (JJ=H ))) (. ))),1,91966,"0,085446675"
(ROOT (S=H (NP (NP=H (NN=H )) (CC ) (NP (DT ) (NNPS ) (NNS=H ))) (VP=H (VBP=H ) (ADJP (JJ=H ))) (. ))),1,91967,"0,0854476041"
(ROOT (S=H (NP (NP=H (NNP=H )) (SBAR (S=H (VP=H (VBP=H ) (NP (DT ) (NNP ) (CC ) (NNP ) (NN ) (NNS=H )))))) (VP=H (VBP=H ) (ADJP (JJ=H ))) (. ))),1,91968,"0,0854485333"
(ROOT (S=H (NP (NP=H (NNP ) (NNP=H )) (CC ) (NP (NNPS ) (NNP=H ) (CC ) (NNP ))) (VP=H (VBP=H ) (ADJP (JJ=H ))) (. ))),1,91969,"0,0854494624"
(ROOT (S=H (NP (NNP ) (NNP ) (CC ) (NNP ) (NNPS ) (NNP=H )) (ADVP (RB=H )) (VP=H (VBP=H ) (ADJP (JJ=H ))) (. ))),1,91970,"0,0854503915"
(ROOT (S=H (NP (NNP=H )) (VP=H (VBD=H ) (SBAR (S=H (NP (NP=H (NNS ) (NN ) (NN=H )) (ADJP (JJ ) (JJ=H ))) (VP=H (VBP=H ) (ADJP (JJ=H )))))) (. ))),1,91971,"0,0854513206"
(ROOT (S=H (NP (NP=H (JJ ) (JJ ) (NN ) (CC ) (NN ) (NNS=H )) (PP (IN=H ) (NP (DT ) (NNP ) (NNPS=H )))) (VP=H (VBP=H ) (ADJP (JJ=H ))) (. ))),1,91972,"0,0854522497"
(ROOT (S=H (NP (NP=H (NNP=H )) (PP (IN=H ) (NP (NP=H (JJ ) (NNS ) (NN=H )) (PP (IN=H ) (NP (DT ) (NNP ) (NNPS=H )))))) (VP=H (VBP=H ) (ADJP (JJ=H ))) (. ))),1,91973,"0,0854531788"
(ROOT (S=H (NP (NP=H (NNP ) (NNP ) (FW ) (NNP=H )) (NP (JJ ) (NNS=H ))) (VP=H (VBP=H ) (ADJP (JJ=H ))) (. ))),1,91974,"0,0854541079"
(ROOT (S=H (NP (NP=H (NNP=H )) (PP (IN=H ) (NP (NP=H (DT ) (NNP ) (NNP=H )) (PP (IN=H ) (NP (NP=H (NNP ) (NNPS=H )) (PP (IN=H ) (NP (NN=H )))))))) (VP=H (VBP=H ) (ADJP (JJ=H ))) (. ))),1,91975,"0,085455037"
(ROOT (S=H (NP (NP=H (NNP=H )) (PP (IN=H ) (NP (NP=H (JJ ) (NN ) (NN=H )) (PP (IN=H ) (NP (DT ) (NNP ) (NNPS=H )))))) (VP=H (VBP=H ) (ADJP (JJ=H ))) (. ))),1,91976,"0,0854559662"
(ROOT (S=H (NP (NAC (NNP=H ) (NNP ) (PP (IN=H ) (NP (NNP ) (NNP ) (NNP ) (NNP=H )))) (NNS=H )) (VP=H (VBP=H ) (ADJP (JJ=H ))) (. ))),1,91977,"0,0854568953"
(ROOT (S=H (NP (NP=H (NP=H (NNP=H )) (PP (IN=H ) (NP (NP=H (DT ) (NNP ) (NNP=H )) (PP (IN=H ) (NP (NP=H (NNP ) (NNPS=H )) (PP (IN=H ) (NP (NNP=H )))))))) (PRN (-LRB- ) (NNP ) (NN=H ) (-RRB- ))) (VP=H (VBP=H ) (ADJP (JJ=H ))) (. ))),1,91978,"0,0854578244"
"(ROOT (S=H (S (VP=H (VBG=H ) (NP (NNS=H )) (PP (IN=H ) (NP (NP=H (DT ) (NNP ) (NNP=H )) (PP (IN=H ) (NP (NP=H (NNP ) (NNPS=H )) (PP (IN=H ) (NP (NNP ) (NNP=H ))))))))) (, ) (NP (NNP=H )) (VP=H (VBP=H ) (ADJP (JJ=H ))) (. )))",1,91979,"0,0854587535"
(ROOT (S=H (NP (NNP=H )) (VP=H (VBD=H ) (SBAR (S=H (NP (NP=H (NNS=H )) (PP (IN=H ) (NP (NP=H (NN=H )) (PP (IN=H ) (NP (DT ) (NNP ) (NNP=H )))))) (VP=H (VBP=H ) (ADJP (JJ=H )))))) (. ))),1,91980,"0,0854596826"
"(ROOT (S=H (NP (NP=H (NNP=H )) (PP (IN=H ) (NP (NP=H (JJ ) (NN=H )) (PP (IN=H ) (NP (NP=H (DT ) (NNP ) (NNP=H )) (PP (IN=H ) (NP (NP=H (NNP ) (NNPS=H )) (PP (IN=H ) (NP (NP=H (NNP ) (NNP=H )) (, ) (NP (NNP=H ))))))))))) (VP=H (VBP=H ) (ADJP (JJ=H ))) (. )))",1,91981,"0,0854606117"
(ROOT (S=H (NP (NP=H (PRP$ ) (NN=H )) (PP (IN=H ) (NP (DT ) (NNP ) (NNP ) (NNP ) (NNS=H )))) (VP=H (VBP=H ) (ADJP (JJ=H ))) (. ))),1,91982,"0,0854615408"
"(ROOT (S=H (NP (NNP=H )) (, ) (S (VP=H (NNP ) (NP=H (PRP=H )))) (NP (NNS=H )) (VP=H (VBP=H ) (ADJP (JJ=H ))) (. )))",1,91983,"0,0854624699"
(ROOT (S=H (PP (IN=H ) (NP (NN=H ))) (NP (NNP ) (NNP=H ) (CD )) (VP=H (VBP=H ) (ADJP (JJ=H ))) (. ))),1,91984,"0,085463399"
(ROOT (S=H (NP (NNP=H ) (CD )) (PRN (-LRB- ) (NP=H (NNP=H )) (-RRB- )) (NP (NN ) (NNS=H )) (VP=H (VBP=H ) (ADJP (JJ=H ))) (. ))),1,91985,"0,0854643282"
(ROOT (S=H (NP (NNP=H )) (VP=H (VBP=H ) (SBAR (S=H (NP (DT ) (JJ ) (NN ) (NNS=H )) (VP=H (VBP=H ) (ADJP (JJ=H )))))) (. ))),1,91986,"0,0854652573"
(ROOT (S=H (NP (NP (NNP ) (NNS ) (POS=H )) (JJ ) (NN ) (NN ) (NNS=H ) (CC ) (NNS )) (VP=H (VBP=H ) (ADJP (JJ=H ))) (. ))),1,91987,"0,0854661864"
(ROOT (S=H (NP (JJ ) (NN ) (NNPS ) (NN=H )) (VP=H (VBP=H ) (ADJP (JJ=H ))) (. ))),1,91988,"0,0854671155"
(ROOT (S=H (NP (NP=H (NNP=H )) (VP (VBG=H ) (NP (NP=H (NNS=H )) (PP (IN=H ) (NP (DT ) (NNP ) (NNP ) (NNPS=H )))))) (VP=H (VBP=H ) (ADJP (JJ=H ))) (. ))),1,91989,"0,0854680446"
(ROOT (S=H (NP (NP (JJ ) (NNS ) (POS=H )) (VBG ) (NNS=H )) (VP=H (VBP=H ) (ADJP (JJ=H ))) (. ))),1,91990,"0,0854689737"
(ROOT (S=H (NP (NP=H (NNP ) (NNP=H )) (PP (IN=H ) (NP (NP=H (NNP ) (NNP ) (NNS=H )) (PP (VBG=H ) (NP (NP=H (NNP=H )) (PRN (-LRB- ) (NP=H (NN=H )) (-RRB- ))))))) (VP=H (VBP=H ) (ADJP (JJ=H ))) (. ))),1,91991,"0,0854699028"
(ROOT (S=H (NP (NP=H (JJ ) (NN ) (CC ) (NN ) (NNS=H )) (NP (JJ ) (NN ) (NNS=H ))) (VP=H (VBP=H ) (ADJP (JJ=H ))) (. ))),1,91992,"0,0854708319"
(ROOT (S=H (NP (NP=H (NNP=H )) (PP (IN=H ) (NP (DT ) (NNPS=H ) (CC ) (NNPS )))) (VP=H (VBP=H ) (ADJP (JJ=H ))) (. ))),1,91993,"0,085471761"
(ROOT (S=H (NP (NP (NNP ) (NN ) (NNS ) (POS=H )) (NNP ) (NN ) (NNS=H )) (VP=H (VBP=H ) (ADJP (JJ=H ))) (. ))),1,91994,"0,0854726902"
(ROOT (S=H (NP (PRP=H )) (NP (NNP ) (NNP=H )) (VP=H (VBP=H ) (ADJP (JJ=H ))) (. ))),1,91995,"0,0854736193"
"(ROOT (S=H (NP-TMP (NP=H (NNS=H )) (PP (IN=H ) (NP (NP (NNP ) (NNP ) (POS=H )) (NN=H )))) (, ) (NP (NP=H (NNP=H )) (PRN (-LRB- ) (NP=H (NNP ) (NNP=H )) (-RRB- ))) (VP=H (VBP=H ) (ADJP (JJ=H ))) (. )))",1,91996,"0,0854745484"
"(ROOT (S=H (S (NP=H (NP (NNP ) (POS=H )) (NN=H ))) (, ) (NP (NNP=H )) (VP=H (VBP=H ) (ADJP (JJ=H ))) (. )))",1,91997,"0,0854754775"
(ROOT (S=H (PP (IN=H ) (NP (NNP ) (NNP=H ))) (NP (NN ) (NNS=H )) (VP=H (VBP=H ) (ADJP (JJ=H ))) (. ))),1,91998,"0,0854764066"
(ROOT (S=H (NP (NNP ) (NNP ) (NNP ) (CC ) (NNP ) (NN ) (NNP ) (NNP=H )) (VP=H (VBP=H ) (ADJP (JJ=H ))) (. ))),1,91999,"0,0854773357"
(ROOT (FRAG=H (NP (NNP ) (NNP=H )) (: ) (S=H (NP (NNP ) (NN=H )) (VP=H (VBP=H ) (ADJP (JJ=H )))) (. ))),1,92000,"0,0854782648"
(ROOT (S=H (NP (NNP=H )) (PRN (-LRB- ) (NP=H (NN=H )) (-RRB- )) (NP (JJ ) (NN ) (NNS=H )) (VP=H (VBP=H ) (ADJP (JJ=H ))) (. ))),1,92001,"0,0854791939"
(ROOT (S=H (NP (NP=H (NNP=H )) (CC ) (NP (JJ ) (NN ) (CC ) (NN ) (NNS=H ))) (VP=H (VBP=H ) (ADJP (JJ=H ))) (. ))),1,92002,"0,0854801231"
"(ROOT (S=H (NP (NP=H (NNP=H )) (PP (IN=H ) (NP (NNS ) (, ) (NNS ) (CC ) (NN ) (NNS=H )))) (VP=H (VBP=H ) (ADJP (JJ=H ))) (. )))",1,92003,"0,0854810522"
(ROOT (S=H (NP (NP (NNP ) (NNP ) (NNPS ) (POS=H )) (JJ ) (NN=H )) (VP=H (VBP=H ) (ADJP (JJ=H ))) (. ))),1,92004,"0,0854819813"
(ROOT (S=H (NP (NP=H (JJ ) (PRN (-LRB- ) (NP=H (NP=H (NNP=H )) (PP (IN=H ) (NP (NNP=H )))) (-RRB- )) (NN=H )) (PP (IN=H ) (NP (NNP ) (NNS=H )))) (VP=H (VBP=H ) (ADJP (JJ=H ))) (. ))),1,92005,"0,0854829104"
(ROOT (S=H (NP (NNP ) (NNP ) (NNP=H )) (VP=H (VBZ=H ) (SBAR (IN=H ) (S (NP (NNP ) (NNPS=H )) (VP=H (VBP=H ) (ADJP (JJ=H )))))) (. ))),1,92006,"0,0854838395"
(ROOT (S=H (NP (NP=H (NNP=H )) (PP (VBN=H ) (PP (IN=H ) (NP (NP=H (DT ) (NNP ) (NNS=H )) (PP (IN=H ) (NP (NNP=H ))))))) (VP=H (VBP=H ) (ADJP (JJ=H ))) (. ))),1,92007,"0,0854847686"
(ROOT (NP=H (NP=H (JJ ) (NN ) (NN=H )) (: ) (S (NP (NNS=H )) (VP=H (VBP=H ) (ADJP (JJ=H )))) (. ))),1,92008,"0,0854856977"
(ROOT (S=H (NP (NNP ) (NNP ) (NNP=H )) (PRN (-LRB- ) (NP=H (NNP=H )) (-RRB- )) (NP (NN ) (NN ) (NN ) (NNS=H )) (VP=H (VBP=H ) (ADJP (JJ=H ))) (. ))),1,92009,"0,0854866268"
"(ROOT (S=H (NP-TMP (NP=H (JJ ) (NN=H )) (NP (JJ ) (NN=H ))) (, ) (NP (JJ ) (NN ) (NNS=H )) (VP=H (VBP=H ) (ADJP (JJ=H ))) (. )))",1,92010,"0,0854875559"
(ROOT (S=H (NP (NNP=H )) (VP=H (VBD=H ) (NP (NP=H (NNS=H )) (SBAR (WHNP=H (WP=H )) (S (VP=H (VBZ=H ) (NP (NP=H (DT=H )) (SBAR (S=H (NP (NNP=H )) (VP=H (VBP=H ) (ADJP (JJ=H ))))))))))) (. ))),1,92011,"0,0854884851"
(ROOT (S=H (NP (NNP=H )) (VP=H (VBD=H ) (NP (NP=H (NNS=H )) (SBAR (S=H (NP (JJ ) (NN ) (JJ ) (NNS=H )) (VP=H (VBP=H ) (ADJP (JJ=H ))))))) (. ))),1,92012,"0,0854894142"
(ROOT (S=H (NP (NNP=H )) (VP=H (VBD=H ) (SBAR (S=H (NP (NNS ) (NNP ) (NNP ) (NN ) (NNP ) (NNP=H )) (VP=H (VBP=H ) (ADJP (JJ=H )))))) (. ))),1,92013,"0,0854903433"
(ROOT (S=H (NP (NP=H (DT ) (NN=H )) (PP (IN=H ) (NP (NNP ) (NNPS ) (NNS=H )))) (VP=H (VBP=H ) (ADJP (JJ=H ))) (. ))),1,92014,"0,0854912724"
(ROOT (S=H (NP (NP=H (DT ) (NN=H )) (PP (IN=H ) (NP (NNP ) (NNPS=H )))) (VP=H (VBP=H ) (ADJP (JJ=H ))) (. ))),1,92015,"0,0854922015"
(ROOT (S=H (NP (NP=H (NP=H (NNP ) (NNP=H )) (PP (IN=H ) (NP (NP=H (NNP ) (NNPS=H )) (PP (IN=H ) (NP (NNP=H )))))) (PRN (-LRB- ) (NN=H ) (-RRB- ))) (VP=H (VBP=H ) (ADJP (JJ=H ))) (. ))),1,92016,"0,0854931306"
"(ROOT (S=H (NP (NP=H (NP=H (JJ ) (JJ ) (NN ) (NNS ) (, ) (NNS=H ) (CC ) (NNS )) (PP (IN=H ) (NP (NNP=H )))) (PRN (-LRB- ) (NN=H ) (-RRB- ))) (VP=H (VBP=H ) (ADJP (JJ=H ))) (. )))",1,92017,"0,0854940597"
(ROOT (S=H (NP (NP=H (NNP ) (NNP=H )) (PRN (-LRB- ) (NN=H ) (-RRB- ))) (VP=H (VBP=H ) (SBAR (S=H (NP (NNS=H )) (VP=H (VBP=H ) (ADJP (JJ=H )))))) (. ))),1,92018,"0,0854949888"
(ROOT (S=H (NP (NP=H (NP=H (NNP=H )) (PP (IN=H ) (NP (NP=H (JJ ) (NN=H )) (PP (IN=H ) (NP (NP=H (DT ) (NNP ) (NNP=H )) (PP (IN=H ) (NP (NP=H (NNP ) (NNPS=H )) (PP (IN=H ) (NP (NNP=H )))))))))) (PRN (-LRB- ) (NN=H ) (-RRB- ))) (VP=H (VBP=H ) (ADJP (JJ=H ))) (. ))),1,92019,"0,0854959179"
(ROOT (S=H (NP (NP (NNP=H )) (PRN (-LRB- ) (NN=H ) (-RRB- )) (NNS=H )) (VP=H (VBP=H ) (SBAR (S=H (NP (NNS=H )) (VP=H (VBP=H ) (ADJP (JJ=H )))))) (. ))),1,92020,"0,0854968471"
(ROOT (S=H (NP (NNP=H )) (PRN (-LRB- ) (NP=H (NN=H )) (-RRB- )) (NP (NNP ) (NN ) (NN ) (NNS=H )) (VP=H (VBP=H ) (ADJP (JJ=H ))) (. ))),1,92021,"0,0854977762"
(ROOT (S=H (NP (NP=H (NP=H (NNP ) (NNPS ) (NNP=H )) (PP (IN=H ) (NP (NP=H (NNPS ) (NNS=H )) (PP (IN=H ) (NP (NNP=H )))))) (PRN (-LRB- ) (NN=H ) (-RRB- ))) (VP=H (VBP=H ) (ADJP (JJ=H ))) (. ))),1,92022,"0,0854987053"
(ROOT (S=H (NP (NP=H (NP=H (NNP ) (NNPS ) (NNP ) (NNP ) (NNP ) (NNS=H )) (PP (IN=H ) (NP (NNP=H )))) (PRN (-LRB- ) (NN=H ) (-RRB- ))) (VP=H (VBP=H ) (ADJP (JJ=H ))) (. ))),1,92023,"0,0854996344"
(ROOT (NP=H (NP=H (NNP ) (NNPS ) (NNP ) (NNP=H )) (PRN (-LRB- ) (NN=H ) (-RRB- )) (: ) (NP (NP=H (JJ ) (NNS=H )) (SBAR (S=H (VP=H (VBP=H ) (ADJP (JJ=H )))))) (. ))),1,92024,"0,0855005635"
(ROOT (S=H (NP (NP=H (NP=H (NNP ) (NNPS ) (JJ ) (NNS=H )) (PP (IN=H ) (NP (NNP=H )))) (PRN (-LRB- ) (NN=H ) (-RRB- ))) (VP=H (VBP=H ) (ADJP (JJ=H ))) (. ))),1,92025,"0,0855014926"
(ROOT (S=H (NP (NP=H (NP=H (NNP ) (NNPS ) (NNP ) (NNS=H )) (PP (IN=H ) (NP (NNP=H )))) (PRN (-LRB- ) (NN=H ) (-RRB- ))) (VP=H (VBP=H ) (ADJP (JJ=H ))) (. ))),1,92026,"0,0855024217"
(ROOT (S=H (NP (NP=H (NP=H (NNP ) (NNPS ) (NNPS=H )) (PP (IN=H ) (NP (NNP=H )))) (PRN (-LRB- ) (NN=H ) (-RRB- ))) (VP=H (VBP=H ) (ADJP (JJ=H ))) (. ))),1,92027,"0,0855033508"
(ROOT (S=H (NP (NP=H (NNP=H )) (PRN (-LRB- ) (NN=H ) (-RRB- ))) (VP=H (VBD=H ) (SBAR (S=H (NP (JJ ) (NNS=H )) (VP=H (VBP=H ) (ADJP (JJ=H )))))) (. ))),1,92028,"0,08550428"
(ROOT (S=H (NP (NP=H (NNP=H )) (PRN (-LRB- ) (NN=H ) (-RRB- ))) (VP=H (VBP=H ) (SBAR (S=H (NP (NN ) (NNS=H )) (VP=H (VBP=H ) (ADJP (JJ=H )))))) (. ))),1,92029,"0,0855052091"
(ROOT (NP=H (NP=H (NNP ) (PRN (-LRB- ) (NN=H ) (-RRB- )) (NNP=H )) (: ) (S (NP (NNP=H )) (VP=H (VBP=H ) (ADJP (JJ=H )))) (. ))),1,92030,"0,0855061382"
(ROOT (S=H (NP (NNP=H )) (PRN (-LRB- ) (NP=H (NN=H )) (-RRB- )) (NP (JJ ) (NN ) (NNS ) (NNS=H )) (VP=H (VBP=H ) (ADJP (JJ=H ))) (. ))),1,92031,"0,0855070673"
(ROOT (S=H (NP (NNP=H )) (PRN (-LRB- ) (NP=H (NN=H )) (-RRB- )) (NP (NNP ) (NNPS=H )) (VP=H (VBP=H ) (ADJP (JJ=H ))) (. ))),1,92032,"0,0855079964"
(ROOT (S=H (NP (NP (NNP ) (NNP=H )) (PRN (-LRB- ) (NN=H ) (-RRB- )) (NNS=H )) (VP=H (VBP=H ) (ADJP (JJ=H ))) (. ))),1,92033,"0,0855089255"
(ROOT (S=H (NP (NP=H (NP=H (NNP ) (NNP=H )) (PP (IN=H ) (NP (NNPS=H )))) (PRN (-LRB- ) (NP=H (NNP=H )) (-RRB- ))) (VP=H (VBP=H ) (ADJP (JJ=H ))) (. ))),1,92034,"0,0855098546"
(ROOT (S=H (NP (NP=H (NP=H (NNP ) (NNP=H )) (PP (IN=H ) (NP (NP=H (DT ) (NNP ) (NNP=H )) (PP (IN=H ) (NP (NNPS=H )))))) (PRN (-LRB- ) (NP=H (NNP=H )) (-RRB- ))) (VP=H (VBP=H ) (ADJP (JJ=H ))) (. ))),1,92035,"0,0855107837"
(ROOT (S=H (NP (NP=H (NNP ) (NNP=H )) (PRN (-LRB- ) (NP=H (NN=H )) (-RRB- ))) (VP=H (VBP=H ) (SBAR (S=H (NP (JJ ) (NNS=H )) (VP=H (VBP=H ) (ADJP (JJ=H )))))) (. ))),1,92036,"0,0855117128"
"(ROOT (S=H (S (NP (JJ ) (NN=H )) (ADVP (RB=H )) (VP=H (VB=H ))) (, ) (NP (JJ ) (NN ) (NNS=H )) (VP=H (VBP=H ) (ADJP (JJ=H ))) (. )))",1,92037,"0,085512642"
(ROOT (S=H (NP (NP=H (NNP=H )) (PP (IN=H ) (NP (NP=H (NNP ) (NNP=H )) (PRN (-LRB- ) (NP=H (NNP ) (NNPS=H )) (-RRB- ))))) (VP=H (VBP=H ) (ADJP (JJ=H ))) (. ))),1,92038,"0,0855135711"
(ROOT (S=H (NP (NP=H (NNP=H )) (PP (IN=H ) (NP (NNP ) (NNP ) (PRN (-LRB- ) (NP=H (NNP ) (NNPS=H )) (-RRB- )) (NN=H )))) (VP=H (VBP=H ) (ADJP (JJ=H ))) (. ))),1,92039,"0,0855145002"
(ROOT (S=H (NP (NNP=H )) (VP=H (VBD=H ) (SBAR (S=H (NP (NP=H (NNS=H )) (SBAR (WHNP=H (WP=H )) (S (VP=H (VBZ=H ) (NP (DT ) (NNP ) (JJ ) (NN=H )))))) (VP=H (VBP=H ) (ADJP (JJ=H )))))) (. ))),1,92040,"0,0855154293"
"(ROOT (S=H (S (NP=H (JJ ) (NN ) (NN=H )) (ADVP (RB=H ))) (, ) (NP (JJ ) (NN ) (NNS=H )) (VP=H (VBP=H ) (ADJP (JJ=H ))) (. )))",1,92041,"0,0855163584"
(ROOT (NP=H (NP=H (NNP ) (NNP ) (NNP=H )) (: ) (S (NP (JJ ) (NNP ) (NNP ) (NNP ) (NNS=H )) (VP=H (VBP=H ) (ADJP (JJ=H )))) (. ))),1,92042,"0,0855172875"
(ROOT (S=H (NP (NP=H (NN=H )) (PP (IN=H ) (NP (NNP ) (NN ) (NN ) (NNS=H )))) (VP=H (VBP=H ) (ADJP (JJ=H ))) (. ))),1,92043,"0,0855182166"
(ROOT (S=H (NP (NP=H (NNP=H )) (PP (IN=H ) (NP (NP=H (NNP ) (NNPS=H )) (PP (IN=H ) (NP (NP=H (DT ) (NNP=H )) (PP (IN=H ) (NP (NNP=H )))))))) (VP=H (VBP=H ) (ADJP (JJ=H ))) (. ))),1,92044,"0,0855191457"
(ROOT (S=H (NP (NP=H (NN=H )) (PP (IN=H ) (NP (NP=H (JJ ) (NNS=H )) (PP (IN=H ) (NP (DT ) (NNP ) (NNP=H )))))) (VP=H (VBP=H ) (ADJP (JJ=H ))) (. ))),1,92045,"0,0855200748"
(ROOT (S=H (NP (NP=H (NNP ) (NNP=H )) (PP (IN=H ) (NP (NP=H (NNP ) (NNS=H )) (VP (VBG=H ) (NP (NN=H )))))) (VP=H (VBP=H ) (ADJP (JJ=H ))) (. ))),1,92046,"0,085521004"
(ROOT (S=H (NP (NP=H (NNP=H )) (PP (IN=H ) (NP (NP=H (NNP ) (NNS=H )) (PP (IN=H ) (NP (NNP ) (NNP=H )))))) (VP=H (VBP=H ) (ADJP (JJ=H ))) (. ))),1,92047,"0,0855219331"
(ROOT (S=H (NP (NP=H (NNP ) (NNPS ) (NNP=H )) (PP (IN=H ) (NP (NP=H (NNP=H )) (PP (IN=H ) (NP (NN=H )))))) (VP=H (VBP=H ) (ADJP (JJ=H ))) (. ))),1,92048,"0,0855228622"
(ROOT (S=H (SBARQ (WHADVP (WRB=H )) (SQ=H (VBZ=H ) (NP (NNP=H ))) (. )) (NP (NNS=H )) (VP=H (VBP=H ) (ADJP (JJ=H ))) (. ))),1,92049,"0,0855237913"
(ROOT (S=H (NP (NP=H (NNP=H )) (VP (ADVP (RB=H )) (VBN=H ) (PP (IN=H ) (NP (NN ) (CC ) (NN ) (NNS=H ))))) (VP=H (VBP=H ) (ADJP (JJ=H ))) (. ))),1,92050,"0,0855247204"
(ROOT (S=H (NP (NP=H (NNP=H )) (VP (ADVP (RB=H )) (VBN=H ) (PP (IN=H ) (NP (NNS ) (NNS=H ))))) (VP=H (VBP=H ) (ADJP (JJ=H ))) (. ))),1,92051,"0,0855256495"
(ROOT (S=H (NP (NP=H (NNP=H )) (PP (IN=H ) (NP (ADJP (ADVP (RB=H )) (JJ=H )) (NNS=H )))) (VP=H (VBP=H ) (ADJP (JJ=H ))) (. ))),1,92052,"0,0855265786"
(ROOT (S=H (NP (NP=H (NNP=H )) (VP (ADVP (RB=H )) (VBN=H ) (PP (IN=H ) (NP (NNPS=H ) (CC ) (NNPS ))))) (VP=H (VBP=H ) (ADJP (JJ=H ))) (. ))),1,92053,"0,0855275077"
(ROOT (S=H (NP (NP=H (NNP=H )) (PP (IN=H ) (NP (NP=H (JJ ) (NNP ) (NNS=H )) (PP (IN=H ) (NP (NNP=H )))))) (VP=H (VBP=H ) (ADJP (JJ=H ))) (. ))),1,92054,"0,0855284369"
(ROOT (S=H (NP (NP=H (NNP=H )) (VP (ADVP (RB=H )) (VBN=H ) (PP (IN=H ) (NP (NNP ) (NNPS=H )))) (PRN (-LRB- ) (ADJP=H (JJ=H )) (-RRB- ))) (VP=H (VBP=H ) (ADJP (JJ=H ))) (. ))),1,92055,"0,085529366"
(ROOT (S=H (NP (NP=H (NNP=H )) (VP (ADVP (RB=H )) (VBN=H ) (PP (IN=H ) (NP (JJ ) (NNP ) (NNPS=H ))))) (VP=H (VBP=H ) (ADJP (JJ=H ))) (. ))),1,92056,"0,0855302951"
(ROOT (S=H (NP (NP=H (NNP=H )) (VP (ADVP (RB=H )) (VBN=H ) (PP (IN=H ) (NP (NNP ) (NNPS=H )))) (PRN (-LRB- ) (NP=H (NN=H )) (-RRB- ))) (VP=H (VBP=H ) (ADJP (JJ=H ))) (. ))),1,92057,"0,0855312242"
(ROOT (S=H (NP (NP=H (JJ ) (NN=H )) (PP (IN=H ) (NP (NP=H (JJ ) (NNS=H )) (PP (IN=H ) (NP (DT ) (NNPS=H )))))) (VP=H (VBP=H ) (ADJP (JJ=H ))) (. ))),1,92058,"0,0855321533"
(ROOT (S=H (NP (NP=H (NNP=H )) (VP (ADVP (RB=H )) (VBN=H ) (PP (IN=H ) (NP (NP=H (JJ ) (NNS=H )) (PP (IN=H ) (NP (DT ) (NNP ) (NNP=H ))))))) (VP=H (VBP=H ) (ADJP (JJ=H ))) (. ))),1,92059,"0,0855330824"
(ROOT (S=H (NP (NP=H (NNP=H )) (VP (ADVP (RB=H )) (VBN=H ) (PP (IN=H ) (NP (NP (NNPS ) (POS=H )) (NN=H ))))) (VP=H (VBP=H ) (ADJP (JJ=H ))) (. ))),1,92060,"0,0855340115"
(ROOT (S=H (NP (NP=H (NNP=H )) (VP (ADVP (RB=H )) (VBN=H ) (PP (IN=H ) (NP (NNP ) (NNP ) (NNPS=H ))))) (VP=H (VBP=H ) (ADJP (JJ=H ))) (. ))),1,92061,"0,0855349406"
(ROOT (S=H (NP (NP=H (NNP=H )) (VP (ADVP (RB=H )) (VBN=H ) (PP (IN=H ) (NP (NP=H (DT ) (NNP ) (NNP ) (NNP=H )) (PP (IN=H ) (NP (NNS=H ))))))) (VP=H (VBP=H ) (ADJP (JJ=H ))) (. ))),1,92062,"0,0855358697"
(ROOT (S=H (S=H (NP (NNP=H )) (ADVP (RB=H )) (VP=H (VBN=H ) (PP (IN=H ) (NP (NNS=H ))))) (: ) (S (NP (NP=H (DT ) (NN=H )) (PP (IN=H ) (NP (DT ) (NNP ) (NNP=H )))) (VP=H (VBP=H ) (ADJP (JJ=H )))) (. ))),1,92063,"0,0855367989"
(ROOT (S=H (NP (NP=H (NNP=H )) (PP (IN=H ) (NP (NP=H (NP=H (NNP=H )) (PP (IN=H ) (NP (NNP=H )))) (: ) (NP (JJ ) (NNS=H ))))) (VP=H (VBP=H ) (ADJP (JJ=H ))) (. ))),1,92064,"0,085537728"
(ROOT (S=H (S=H (NP (NNP=H )) (ADVP (RB=H )) (VP=H (VBN=H ) (PP (IN=H ) (NP (DT ) (NNP ) (NNPS ) (NNP=H ))))) (CC ) (S (NP (NNP ) (NNP=H )) (VP=H (VBP=H ) (ADJP (JJ=H )))) (. ))),1,92065,"0,0855386571"
(ROOT (NP=H (NP=H (NP=H (NNP ) (NNP ) (NNP ) (NNP=H )) (PP (IN=H ) (NP (NNP=H )))) (: ) (S (NP (NNP ) (NNP=H )) (VP=H (VBP=H ) (ADJP (JJ=H )))) (. ))),1,92066,"0,0855395862"
(ROOT (S=H (NP (NAC (NNP=H ) (PP (IN=H ) (NP (NNP ) (NNP=H )) (: ))) (NNP=H )) (VP=H (VBP=H ) (ADJP (JJ=H ))) (. ))),1,92067,"0,0855405153"
(ROOT (S=H (NP (NP=H (NNP=H )) (VP (VBN=H ) (PP (IN=H ) (NP (NNP ) (CC ) (NNP ) (NNS=H ))))) (VP=H (VBP=H ) (ADJP (JJ=H ))) (. ))),1,92068,"0,0855414444"
(ROOT (S=H (NP (NNP ) (NNP=H )) (VP=H (VBZ=H ) (NP (NP=H (NNS=H )) (SBAR (S=H (NP (NNS=H )) (VP=H (VBP=H ) (ADJP (JJ=H ))))))) (. ))),1,92069,"0,0855423735"
(ROOT (S=H (NP (NP=H (NNP=H )) (PP (IN=H ) (NP (NP=H (NNS=H )) (PP (IN=H ) (NP (NNP=H ))) (S (VP=H (TO=H ) (VP (VB=H ) (ADJP (VBN=H )))))))) (VP=H (VBP=H ) (ADJP (JJ=H ))) (. ))),1,92070,"0,0855433026"
(ROOT (S=H (NP (NP=H (NP=H (NNP=H )) (PRN (-LRB- ) (NN=H ) (-RRB- )) (NP (NNS=H ))) (CC ) (NP (NP=H (NNS=H )) (NP (JJ ) (NNS=H )))) (VP=H (VBP=H ) (ADJP (JJ=H ))) (. ))),1,92071,"0,0855442318"
(ROOT (S=H (NP (NP=H (NN=H )) (PP (IN=H ) (NP (NP=H (DT ) (JJ ) (NNS=H )) (PP (IN=H ) (NP (NN=H )))))) (VP=H (VBP=H ) (ADJP (JJ=H ))) (. ))),1,92072,"0,0855451609"
(ROOT (S=H (NP (NP=H (NP (NNP ) (NNP ) (POS=H )) (NNP=H )) (PP (IN=H ) (NP (NNP ) (CC ) (NNP ) (NNS=H )))) (VP=H (VBP=H ) (ADJP (JJ=H ))) (. ))),1,92073,"0,08554609"
(ROOT (S=H (NP (NNP ) (NNP=H )) (PRN (-LRB- ) (NP=H (NP=H (NNP=H )) (PP (IN=H ) (NP (NNP=H )))) (-RRB- )) (NP (JJ ) (NNS=H )) (VP=H (VBP=H ) (ADJP (JJ=H ))) (. ))),1,92074,"0,0855470191"
"(ROOT (S=H (PP (ADVP (RB=H )) (IN=H ) (NP (NNPS ) (NNP=H ))) (, ) (NP (NNP ) (NNP ) (NNP=H )) (VP=H (VBP=H ) (ADJP (JJ=H ))) (. )))",1,92075,"0,0855479482"
(ROOT (NP=H (NP=H (NNP=H )) (: ) (NP (NP=H (NNP ) (NNPS ) (NNP=H )) (SBAR (S=H (NP (NNP=H ) (CC ) (NNP )) (VP=H (VBP=H ) (ADJP (JJ=H )))))) (. ))),1,92076,"0,0855488773"
(ROOT (S=H (NP (NP=H (NP=H (NNP=H )) (CC ) (NP (NP=H (NNS=H )) (PP (IN=H ) (NP (NNP=H ))))) (PRN (-LRB- ) (NP=H (NN=H )) (-RRB- ))) (VP=H (VBP=H ) (ADJP (JJ=H ))) (. ))),1,92077,"0,0855498064"
"(ROOT (S=H (PP (ADVP (RB=H )) (IN=H ) (NP (NNP ) (NNPS=H ))) (, ) (NP (NP=H (NNP=H )) (PP (IN=H ) (NP (NNP ) (NNS=H )))) (VP=H (VBP=H ) (ADJP (JJ=H ))) (. )))",1,92078,"0,0855507355"
(ROOT (S=H (NP (NNP=H )) (VP=H (VBP=H ) (SBAR (S=H (NP (NP (NNP ) (POS=H )) (NNP ) (NN ) (NNS=H )) (VP=H (VBP=H ) (ADJP (JJ=H )))))) (. ))),1,92079,"0,0855516646"
(ROOT (S=H (NP (NP=H (JJ ) (NNS ) (NNS=H )) (PP (VBN=H ) (PP (IN=H ) (NP (DT ) (NNP ) (NNP=H ))))) (VP=H (VBP=H ) (ADJP (JJ=H ))) (. ))),1,92080,"0,0855525938"
(ROOT (S=H (NP (NNP ) (NNP=H )) (VP=H (VBD=H ) (SBAR (S=H (NP (NP=H (NN ) (NNS=H )) (PP (IN=H ) (NP (DT ) (NNP ) (NNP=H )))) (VP=H (VBP=H ) (ADJP (JJ=H )))))) (. ))),1,92081,"0,0855535229"
(ROOT (NP=H (NP=H (NP=H (NNS=H )) (PP (IN=H ) (NP (JJ ) (NN=H )))) (: ) (NP (NP=H (NNP ) (NNP=H )) (SBAR (S=H (NP (NNP ) (IN ) (NNP ) (NNP=H )) (VP=H (VBP=H ) (ADJP (JJ=H )))))) (. ))),1,92082,"0,085554452"
(ROOT (S=H (NP (NP=H (JJ=H )) (CC ) (NP (JJ ) (ADJP (JJ=H ) (CC ) (JJ )) (NNS=H ))) (VP=H (VBP=H ) (ADJP (JJ=H ))) (. ))),1,92083,"0,0855553811"
(ROOT (FRAG=H (NP (NNP ) (NNP=H )) (: ) (S=H (NP (NNP ) (NNS=H )) (VP=H (VBP=H ) (ADJP (JJ=H )))) (. ))),1,92084,"0,0855563102"
(ROOT (S=H (NP (NP=H (NP (JJ ) (NNS ) (POS=H )) (NNS=H )) (PP (IN=H ) (NP (NNP ) (NNP ) (NNP=H )))) (VP=H (VBP=H ) (ADJP (JJ=H ))) (. ))),1,92085,"0,0855572393"
(ROOT (S=H (NP (NP=H (NN=H )) (PP (IN=H ) (NP (NP=H (NP (NNS ) (POS=H )) (NNS=H )) (PP (IN=H ) (NP (NNP=H )))))) (VP=H (VBP=H ) (ADJP (JJ=H ))) (. ))),1,92086,"0,0855581684"
(ROOT (S=H (NP (NP=H (NNP ) (NN ) (CC ) (JJ ) (NN ) (NNS=H )) (PP (IN=H ) (NP (DT ) (NNP ) (NNPS=H )))) (VP=H (VBP=H ) (ADJP (JJ=H ))) (. ))),1,92087,"0,0855590975"
(ROOT (S=H (NP (NP=H (JJ ) (ADJP (JJ=H ) (PRT (RP=H ))) (NN=H )) (PRN (-LRB- ) (S=H (NP (NNP ) (NNS=H )) (VP=H (VBG=H ) (NP (DT ) (NN ) (NN=H )))) (-RRB- ))) (VP=H (VBP=H ) (SBAR (S=H (VP=H (VBP=H ) (ADJP (JJ=H )))))) (. ))),1,92088,"0,0855600266"
(ROOT (S=H (NP (NP=H (NNP ) (CC ) (NNP ) (NNP ) (NNPS ) (NNP=H )) (NP (NNS=H ))) (VP=H (VBP=H ) (ADJP (JJ=H ))) (. ))),1,92089,"0,0855609558"
(ROOT (S=H (NP (NNP ) (NNP=H ) (CC ) (NNP )) (VP=H (VBD=H ) (SBAR (S=H (NP (NN ) (NNS=H )) (VP=H (VBP=H ) (ADJP (JJ=H )))))) (. ))),1,92090,"0,0855618849"
(ROOT (S=H (NP (NP=H (NNP=H )) (PP (IN=H ) (NP (NP=H (NNP ) (-LRB- ) (NN=H ) (-RRB- )) (PP (IN=H ) (NP (NNS=H )))))) (VP=H (VBP=H ) (ADJP (JJ=H ))) (. ))),1,92091,"0,085562814"
(ROOT (NP=H (NP=H (NNP ) (NNS=H )) (: ) (S (NP (NNS=H )) (VP=H (VBP=H ) (ADJP (JJ=H )))) (. ))),1,92092,"0,0855637431"
(ROOT (FRAG=H (NP (JJ ) (NNS=H )) (: ) (S=H (NP (NP=H (JJ ) (NN=H )) (CC ) (NP (NN=H ))) (VP=H (VBP=H ) (ADJP (JJ=H )))) (. ))),1,92093,"0,0855646722"
(ROOT (FRAG=H (NP (JJ ) (NNS=H )) (: ) (S=H (NP (NP=H (NN=H )) (CC ) (NP (JJ ) (NN=H ))) (VP=H (VBP=H ) (ADJP (JJ=H )))) (. ))),1,92094,"0,0855656013"
(ROOT (S=H (NP (NP=H (NNP ) (NNP=H )) (PP (IN=H ) (NP (NP=H (DT ) (NNP ) (NNPS=H )) (PP (IN=H ) (NP (DT ) (NNP=H )))))) (VP=H (VBP=H ) (ADJP (JJ=H ))) (. ))),1,92095,"0,0855665304"
(ROOT (NP=H (NP=H (NNP=H )) (: ) (S (NP (NP (NNP ) (NNP ) (NNP ) (NNP ) (NNS ) (POS=H )) (NN=H )) (VP=H (VBP=H ) (ADJP (JJ=H )))) (. ))),1,92096,"0,0855674595"
(ROOT (NP=H (NP=H (NNP ) (NN=H )) (: ) (S (NP (ADJP (JJ=H ) (CC ) (JJ )) (JJ ) (NNS=H )) (VP=H (VBP=H ) (ADJP (JJ=H )))) (. ))),1,92097,"0,0855683887"
(ROOT (S=H (NP (NP=H (NNP=H )) (NP (DT ) (NNP ) (NN ) (NN ) (NNS=H ))) (VP=H (VBP=H ) (ADJP (JJ=H ))) (. ))),1,92098,"0,0855693178"
"(ROOT (S=H (S (VP=H (VB=H ) (NP (NN=H )))) (, ) (NP (NNP ) (NNS=H )) (VP=H (VBP=H ) (ADJP (JJ=H ))) (. )))",1,92099,"0,0855702469"
(ROOT (S=H (FRAG (NP=H (CD=H ))) ('' ) (NP (NNP ) ('' ) (NNP=H )) (VP=H (VBP=H ) (ADJP (JJ=H ))) (. ))),1,92100,"0,085571176"
(ROOT (S=H (NP (DT ) (PRN (-LRB- ) (NP=H (NN=H )) (-RRB- )) (NN=H )) (VP=H (VBZ=H ) (SBAR (S=H (VP=H (VBP=H ) (ADJP (JJ=H )))))) (. ))),1,92101,"0,0855721051"
(ROOT (S=H (NP (DT ) (PRN (-LRB- ) (NP=H (NN=H )) (-RRB- )) (NN=H )) (VP=H (VBP=H ) (ADJP (JJ=H ))) (. ))),1,92102,"0,0855730342"
(ROOT (NP=H (NP=H (NNP ) (NNP=H ) (CD )) (: ) (S (NP (CD ) (NN ) (NNS=H )) (VP=H (VBP=H ) (ADJP (JJ=H )))) (. ))),1,92103,"0,0855739633"
(ROOT (S=H (NP (NP=H (NNP ) (NNP=H )) (PP (IN=H ) (NP (NP=H (JJ ) (NN=H )) (PP (IN=H ) (NP (DT ) (NNP ) (NNPS=H )))))) (VP=H (VBP=H ) (ADJP (JJ=H ))) (. ))),1,92104,"0,0855748924"
(ROOT (S=H (NP (NP (NNS=H )) (PRN (-LRB- ) (NP=H (NN ) (NNS=H )) (-RRB- )) (NNS=H )) (VP=H (VBP=H ) (ADJP (JJ=H ))) (. ))),1,92105,"0,0855758215"
(ROOT (S=H (NP (NP=H (NNP ) (NNP=H )) (PRN (-LRB- ) (NP=H (JJ ) (NNS=H )) (-RRB- ))) (VP=H (VBP=H ) (ADJP (JJ=H ))) (. ))),1,92106,"0,0855767507"
(ROOT (S=H (NP (NP=H (NNP=H )) (PP (IN=H ) (NP (NP (NNP ) (NNS ) (POS=H )) (JJ ) (NN ) (NN=H )))) (VP=H (VBP=H ) (ADJP (JJ=H ))) (. ))),1,92107,"0,0855776798"
(ROOT (S=H (NP (DT ) (ADJP (NNP=H ) (NNP )) (NNP ) (NNS=H )) (VP=H (VBP=H ) (ADJP (JJ=H ))) (. ))),1,92108,"0,0855786089"
(ROOT (S=H (NP (NP=H (NNP ) (NNP ) (NNP=H )) (PP (IN=H ) (NP (NNP ) (CD ) (NNS=H )))) (VP=H (VBP=H ) (ADJP (JJ=H ))) (. ))),1,92109,"0,085579538"
(ROOT (S=H (NP (NP=H (NNP ) (NNP ) (NNP=H )) (PP (IN=H ) (NP (ADJP (NNP=H ) (NNP )) (NNS=H )))) (VP=H (VBP=H ) (ADJP (JJ=H ))) (. ))),1,92110,"0,0855804671"
(ROOT (S=H (NP (NP (NNPS ) (NNP ) (NNP=H )) (PRN (-LRB- ) (NP=H (NNP=H )) (-RRB- )) (NNS=H )) (VP=H (VBP=H ) (ADJP (JJ=H ))) (. ))),1,92111,"0,0855813962"
(ROOT (S=H (NP (NNP=H )) (VP=H (VBD=H ) (NP (NP=H (NNS=H )) (SBAR (S=H (NP (NNP ) (NN ) (JJ ) (NNS=H )) (VP=H (VBP=H ) (ADJP (JJ=H ))))))) (. ))),1,92112,"0,0855823253"
(ROOT (S=H (NP (NP=H (NNP ) (-LRB- ) (NN ) (-RRB- ) (NN=H )) (NP (JJ ) (NNS=H ))) (VP=H (VBP=H ) (ADJP (JJ=H ))) (. ))),1,92113,"0,0855832544"
(ROOT (S=H (NP (NP=H (NNP ) (-LRB- ) (NN ) (-RRB- ) (NN=H )) (PP (IN=H ) (NP (NN ) (NNS=H )))) (VP=H (VBP=H ) (ADJP (JJ=H ))) (. ))),1,92114,"0,0855841835"
"(ROOT (S=H (PP (ADVP (RB=H )) (IN=H ) (NP (NP=H (DT ) (NN=H )) (PP (IN=H ) (NP (NNP ) (NNP=H ))))) (, ) (NP (NNP=H )) (VP=H (VBP=H ) (ADJP (JJ=H ))) (. )))",1,92115,"0,0855851127"
(ROOT (S=H (PP (IN=H ) (NP (DT ) (NN=H ))) (NP (NNP=H )) (VP=H (VBP=H ) (ADJP (JJ=H ))) (. ))),1,92116,"0,0855860418"
"(ROOT (S=H (PP (ADVP (RB=H )) (IN=H ) (NP (NNP ) (NNPS ) (NNP ) (NNP=H ))) (, ) (NP (NNP=H )) (VP=H (VBP=H ) (ADJP (JJ=H ))) (. )))",1,92117,"0,0855869709"
(ROOT (S=H (NP (NP (NNP=H )) (PRN (-LRB- ) (NP=H (NP=H (NNS=H )) (CC ) (NP (NNS=H ))) (-RRB- )) (NNS=H )) (PP (IN=H ) (NP (NN=H ))) (VP=H (VBP=H ) (ADJP (JJ=H ))) (. ))),1,92118,"0,0855879"
(ROOT (S=H (ADVP (RB=H )) (PRN (-LRB- ) (S=H (VP=H (VBG=H ) (NP (NNS=H )))) (-RRB- )) (NP (NP=H (NNS=H )) (PP (IN=H ) (NP (NN=H )))) (VP=H (VBP=H ) (ADJP (JJ=H ))) (. ))),1,92119,"0,0855888291"
(ROOT (S=H (NP (NP=H (NNP=H )) (PP (IN=H ) (NP (NP=H (NNPS=H ) (CC ) (NNPS )) (PP (IN=H ) (NP (NNP=H ) (CC ) (NNP )))))) (VP=H (VBP=H ) (ADJP (JJ=H ))) (. ))),1,92120,"0,0855897582"
(ROOT (S=H (NP (NNP ) (NNP ) (NNPS ) (NNPS ) (NNS=H )) (PP (IN=H ) (NP (NNP=H ))) (VP=H (VBP=H ) (ADJP (JJ=H ))) (. ))),1,92121,"0,0855906873"
(ROOT (S=H (NP (NP=H (NNP ) (NNPS ) (NN=H )) (PP (IN=H ) (NP (NN ) (NN ) (NN=H )))) (VP=H (VBP=H ) (ADJP (JJ=H ))) (. ))),1,92122,"0,0855916164"
(ROOT (S=H (NP (NP=H (NNP=H )) (PP (IN=H ) (NP (NP (NNS ) (POS=H )) (NNS=H ) (CC ) (NNS )))) (VP=H (VBP=H ) (ADJP (JJ=H ))) (. ))),1,92123,"0,0855925456"
(ROOT (S=H (NP (NP=H (NNP ) (NNPS ) (NNP=H )) (PP (IN=H ) (NP (NP=H (NNP=H )) (PP (IN=H ) (NP (DT ) (JJ ) (NN=H )))))) (VP=H (VBP=H ) (ADJP (JJ=H ))) (. ))),1,92124,"0,0855934747"
(ROOT (S=H (NP (NP=H (NNP ) (NNPS ) (NNP=H )) (PP (IN=H ) (NP (NP=H (NNP=H )) (PP (IN=H ) (NP (NP=H (DT ) (NNP=H )) (PP (IN=H ) (NP (NNP ) (NNP=H )))))))) (VP=H (VBP=H ) (ADJP (JJ=H ))) (. ))),1,92125,"0,0855944038"
(ROOT (S=H (NP (NP=H (NNP=H )) (VP (ADVP (RB=H )) (VBN=H ) (PP (IN=H ) (NP (NP (NNP ) (POS=H )) (JJ ) (NNS=H ))))) (VP=H (VBP=H ) (ADJP (JJ=H ))) (. ))),1,92126,"0,0855953329"
(ROOT (S=H (NP (NP=H (NNP ) (NNP ) (NNP ) (NNPS ) (JJ ) (NNS=H )) (PP (IN=H ) (NP (NNP ) (NNP=H )))) (VP=H (VBP=H ) (ADJP (JJ=H ))) (. ))),1,92127,"0,085596262"
(ROOT (S=H (NP (NNP ) (NNP ) (NNPS ) (NNPS ) (NNS=H )) (PP (IN=H ) (NP (NNP ) (NNP=H ))) (VP=H (VBP=H ) (ADJP (JJ=H ))) (. ))),1,92128,"0,0855971911"
"(ROOT (S=H (S (NP (NNS=H )) (VP=H (VBN=H ) (PP (IN=H ) (NP (NP=H (NNP=H )) (, ) (NP (NP=H (NNP ) (NN=H )) (, ) (NP (NP=H (NNP ) (NNS=H )) (PP (IN=H ) (NP (DT ) (NNP ) (NNPS=H ))))))))) (, ) (NP (NNP ) (NN=H )) (VP=H (VBP=H ) (ADJP (JJ=H ))) (. )))",1,92129,"0,0855981202"
(ROOT (S=H (NP (NP=H (JJ ) (JJ ) (NN ) (NN=H )) (VP (VBG=H ) (NP (NNS=H )))) (VP=H (VBP=H ) (ADJP (JJ=H ))) (. ))),1,92130,"0,0855990493"
(ROOT (S=H (NP (NP=H (NNP ) (NNP=H )) (CC ) (NP (NP=H (DT ) (NN=H )) (SBAR (S=H (NP (PRP=H )) (VP=H (VBZ=H ) (NP (NN ) (NNS=H ))))))) (VP=H (VBP=H ) (ADJP (JJ=H ))) (. ))),1,92131,"0,0855999784"
(ROOT (S=H (NP (NP=H (NNP ) (NNP ) (NNP ) (NNP=H )) (NP-TMP (CD ) (NNS=H ))) (VP=H (VBP=H ) (ADJP (JJ=H ))) (. ))),1,92132,"0,0856009076"
"(ROOT (S=H (S (NP (NNP=H )) (VP=H (VBZ=H ) (PP (IN=H ) (NP (NNP ) (NNPS ) (NNP ) (NNP=H ))))) (, ) (NP (NNP=H )) (VP=H (VBP=H ) (ADJP (JJ=H ))) (. )))",1,92133,"0,0856018367"
(ROOT (S=H (NP (NP=H (NNP=H )) (PP (IN=H ) (NP (NP=H (NN ) (NNS=H )) (PP (IN=H ) (NP (NNP ) (NNP=H ) (PRP )))))) (VP=H (VBP=H ) (ADJP (JJ=H ))) (. ))),1,92134,"0,0856027658"
(ROOT (S=H (NP (NNP ) (NNP=H )) (SBAR=H (X (SYM=H )) (S=H (NP (JJ ) (NNS=H ) (CC ) (NNS )) (VP=H (VBP=H ) (ADJP (JJ=H ))))) (. ))),1,92135,"0,0856036949"
(ROOT (S=H (NP (NNP=H )) (VP=H (VBZ=H ) (SBAR (S=H (NP (NNP ) (NNP ) (NNP ) (NNS=H )) (VP=H (VBP=H ) (ADJP (JJ=H )))))) (. ))),1,92136,"0,085604624"
(ROOT (S=H (NP (NP (NNPS=H ) (CC ) (NNPS )) (PRN (-LRB- ) (NP=H (NN ) (NN=H )) (-RRB- )) (NNS=H )) (VP=H (VBP=H ) (ADJP (JJ=H ))) (. ))),1,92137,"0,0856055531"
(ROOT (S=H (NP (NP=H (NNP ) (. ) (NNP ) (CC ) (NNP ) (NNP=H )) (PP (IN=H ) (NP (NNP ) (NNS=H )))) (VP=H (VBP=H ) (ADJP (JJ=H ))) (. ))),1,92138,"0,0856064822"
(ROOT (S=H (NP (NP=H (NNP ) (. ) (NNP ) (CC ) (NNP ) (NNP=H )) (PP (IN=H ) (NP (NNP=H )))) (VP=H (VBP=H ) (ADJP (JJ=H ))) (. ))),1,92139,"0,0856074113"
(ROOT (NP=H (NP=H (NNP ) (NNP ) (NNP ) (NNP ) (NNP=H )) (: ) (S (NP (NNP ) (NN ) (NN=H )) (VP=H (VBP=H ) (ADJP (JJ=H )))) (. ))),1,92140,"0,0856083404"
(ROOT (NP=H (NP=H (NNP ) (NNP=H )) (: ) (NP (NP=H (NNP ) (NNP ) (NNPS=H )) (SBAR (S=H (NP (NP (NNS ) (POS=H )) (NN=H )) (VP=H (VBP=H ) (ADJP (JJ=H )))))) (. ))),1,92141,"0,0856092696"
"(ROOT (S=H (NP (NP=H (NNP=H )) (PP (IN=H ) (NP (NN ) (, ) (NN ) (CC ) (NN ) (NNS=H )))) (VP=H (VBP=H ) (ADJP (JJ=H ))) (. )))",1,92142,"0,0856101987"
(ROOT (S=H (NP (NNPS ) (CC ) (NNPS ) (NNS=H )) (VP=H (VBP=H ) (SBAR (S=H (NP (NNS=H )) (VP=H (VBP=H ) (ADJP (JJ=H )))))) (. ))),1,92143,"0,0856111278"
(ROOT (S=H (NP (NP=H (NNP ) (NNP ) (NN=H )) (PP (IN=H ) (NP (NN ) (NNS=H )))) (VP=H (VBP=H ) (ADJP (JJ=H ))) (. ))),1,92144,"0,0856120569"
(ROOT (S=H (NP (NP=H (NNP=H )) (SBAR (S=H (NP (PRP=H )) (VP=H (VBD=H ) (NP (NNS=H )) (PP (IN=H ) (NP (NP=H (DT ) (NN=H )) (PP (IN=H ) (NP (NNP=H ))))))))) (VP=H (VBP=H ) (ADJP (JJ=H ))) (. ))),1,92145,"0,085612986"
(ROOT (S=H (NP (NP=H (NNP ) (NNP=H )) (PP (IN=H ) (NP (NNP ) (NNPS=H )))) (VP=H (VBZ=H ) (SBAR (IN=H ) (S (NP (DT ) (NNP ) (NNP ) (NNP=H )) (VP=H (VBP=H ) (ADJP (JJ=H )))))) (. ))),1,92146,"0,0856139151"
"(ROOT (S=H (S (NP (NNP=H )) (VP=H (VB=H ) (PP (IN=H ) (NP (NNP ) (NNP=H ))))) (, ) (NP (NNP=H )) (VP=H (VBP=H ) (ADJP (JJ=H ))) (. )))",1,92147,"0,0856148442"
(ROOT (S=H (NP (NP=H (NNP ) (NNP=H )) (PP (IN=H ) (NP (NP=H (DT ) (NNP ) (NNPS=H )) (PP (TO=H ) (NP (NNP ) (NNP=H )))))) (VP=H (VBP=H ) (ADJP (JJ=H ))) (. ))),1,92148,"0,0856157733"
(ROOT (S=H (NP (NP (JJ ) (NN ) (NNS ) (POS=H )) (NN ) (NN ) (NN ) (NNS=H )) (VP=H (VBP=H ) (ADJP (JJ=H ))) (. ))),1,92149,"0,0856167025"
(ROOT (S=H (NP (NP (JJ ) (NN ) (NNS ) (POS=H )) (JJ ) (NN ) (NNS=H )) (VP=H (VBP=H ) (ADJP (JJ=H ))) (. ))),1,92150,"0,0856176316"
(ROOT (S=H (NP (NP=H (NNP ) (NNP=H )) (CC ) (NP (JJ ) (JJ ) (NN ) (NN ) (NNS=H ))) (VP=H (VBP=H ) (ADJP (JJ=H ))) (. ))),1,92151,"0,0856185607"
(ROOT (S=H (NP (NP (JJ ) (NNS ) (POS=H )) (JJ ) (NN ) (NN ) (NN ) (NNS=H )) (VP=H (VBP=H ) (ADJP (JJ=H ))) (. ))),1,92152,"0,0856194898"
"(ROOT (S=H (NP (NP=H (NNP ) (NNP=H )) (PP (IN=H ) (NP (NP=H (NNP=H )) (, ) (NP (NNP=H )) (, ) (CC ) (NP (NNP ) (NNP ) (NNS=H ))))) (VP=H (VBP=H ) (ADJP (JJ=H ))) (. )))",1,92153,"0,0856204189"
(ROOT (S=H (NP (NP=H (NNP=H )) (SBAR (WHNP=H (WDT=H )) (S (VP=H (VBZ=H ) (NP (NNS=H )))))) (VP=H (VBP=H ) (ADJP (JJ=H ))) (. ))),1,92154,"0,085621348"
(ROOT (S=H (NP (NP=H (JJ ) (NNS ) (NNS=H )) (PP (IN=H ) (NP (DT ) (JJ ) (NNS=H )))) (VP=H (VBP=H ) (ADJP (JJ=H ))) (. ))),1,92155,"0,0856222771"
(ROOT (S=H (NP (NP=H (JJ ) (NNS ) (NNS=H )) (PP (IN=H ) (NP (NP=H (DT ) (NNP ) (NNPS=H )) (PP (IN=H ) (NP (NNP=H )))))) (VP=H (VBP=H ) (ADJP (JJ=H ))) (. ))),1,92156,"0,0856232062"
"(ROOT (S=H (S (NP (NNS ) (CC ) (NN ) (NNS=H )) (VP=H (VBN=H ) (PP (IN=H ) (NP (NNP=H ))))) (, ) (NP (NNP ) (NNP=H )) (VP=H (VBP=H ) (ADJP (JJ=H ))) (. )))",1,92157,"0,0856241353"
(ROOT (S=H (NP (NP=H (NNP=H )) (PP (IN=H ) (NP (NP=H (NNP ) (NNP ) (NNP=H )) (PP (IN=H ) (NP (DT ) (NNP ) (NNS=H )))))) (VP=H (VBP=H ) (ADJP (JJ=H ))) (. ))),1,92158,"0,0856250645"
(ROOT (S=H (NP (NP=H (JJ ) (NNS ) (NNS=H )) (PP (VBN=H ) (PP (IN=H ) (NP (NNP ) (NNP ) (NNP=H ))))) (VP=H (VBP=H ) (ADJP (JJ=H ))) (. ))),1,92159,"0,0856259936"
"(ROOT (S=H (NP (NP=H (NNP ) (NNPS ) (NNP=H )) (PP (IN=H ) (NP (NP=H (NNPS ) (NNS=H )) (PP (IN=H ) (NP (NP=H (NNP ) (NNP=H )) (, ) (NP (CD=H ))))))) (VP=H (VBP=H ) (ADJP (JJ=H ))) (. )))",1,92160,"0,0856269227"
(ROOT (S=H (NP (NP=H (NNP=H )) (PP (IN=H ) (NP (NP=H (NNS=H )) (PP (IN=H ) (NP (DT ) (NNPS=H )))))) (VP=H (VBP=H ) (ADJP (JJ=H ))) (. ))),1,92161,"0,0856278518"
(ROOT (S=H (NP (NP=H (NNP ) (NNP=H )) (PP (IN=H ) (NP (DT ) (JJ ) (JJ ) (NN ) (NN ) (NNS=H )))) (VP=H (VBP=H ) (ADJP (JJ=H ))) (. ))),1,92162,"0,0856287809"
(ROOT (S=H (NP (NNP=H )) (VP=H (VBD=H ) (NP (NP=H (NNS=H )) (SBAR (S=H (NP (NP=H (DT ) (NN=H )) (PP (IN=H ) (NP (PRP$ ) (NNS=H )))) (VP=H (VBP=H ) (ADJP (JJ=H ))))))) (. ))),1,92163,"0,08562971"
(ROOT (S=H (NP (NNP=H )) (VP=H (VBD=H ) (NP (NP=H (NNS=H )) (SBAR (S=H (NP (NP=H (DT ) (NN=H )) (PP (IN=H ) (NP (PRP$ ) (JJ ) (JJ ) (NN=H )))) (VP=H (VBP=H ) (ADJP (JJ=H ))))))) (. ))),1,92164,"0,0856306391"
(ROOT (S=H (NP (NP=H (NNP ) (NNS ) (NN=H )) (PP (IN=H ) (NP (DT ) (NNP ) (NNPS ) (NNP ) (NNP=H )))) (VP=H (VBP=H ) (ADJP (JJ=H ))) (. ))),1,92165,"0,0856315682"
(ROOT (S=H (NP (NNP ) (NNP=H )) (VP=H (VBD=H ) (SBAR (S=H (NP (`` ) (NNP ) (NNP ) ('' ) (NNS=H )) (VP=H (VBP=H ) (ADJP (JJ=H )))))) (. ))),1,92166,"0,0856324973"
(ROOT (S=H (NP (NP=H (NNP ) (NNPS ) (JJ ) (NNS=H )) (VP (VBN=H ) (PP (IN=H ) (NP (DT ) (NNP ) (NNP ) (NNP=H ))))) (VP=H (VBP=H ) (ADJP (JJ=H ))) (. ))),1,92167,"0,0856334265"
(ROOT (S=H (NP (NP=H (NNP ) (NNP=H )) (PP (IN=H ) (NP (DT ) (NNP ) (NNP ) (NNP ) (NNS=H )))) (VP=H (VBP=H ) (ADJP (JJ=H ))) (. ))),1,92168,"0,0856343556"
(ROOT (S=H (NP (NP=H (JJ ) (ADJP (JJ=H ) (PRT (RP=H ))) (NN=H )) (PRN (-LRB- ) (NP=H (NP=H (NNPS=H )) (VP (VBN=H ) (PP (IN=H ) (NP (NNP=H ))))) (-RRB- ))) (VP=H (VBP=H ) (SBAR (S=H (VP=H (VBP=H ) (ADJP (JJ=H )))))) (. ))),1,92169,"0,0856352847"
(ROOT (S=H (NP (NP=H (JJ ) (ADJP (JJ=H ) (PRT (RP=H ))) (NN=H )) (PRN (-LRB- ) (S=H (NP (NNPS=H )) (VP=H (VBD=H ) (ADVP (RB=H )) (PP (IN=H ) (NP (NNP=H ))))) (-RRB- ))) (VP=H (VBP=H ) (SBAR (S=H (VP=H (VBP=H ) (ADJP (JJ=H )))))) (. ))),1,92170,"0,0856362138"
(ROOT (S=H (NP (NNP ) (NNP=H )) (VP=H (VBD=H ) (SBAR (S=H (NP (DT ) (NN ) (NNS=H )) (VP=H (VBP=H ) (ADJP (JJ=H )))))) (. ))),1,92171,"0,0856371429"
"(ROOT (S=H (NP (NAC (NNP=H ) (PP (IN=H ) (NP (NNP=H ) (CC ) (NNP )))) (, ) (NNP ) (NNP=H )) (VP=H (VBP=H ) (ADJP (JJ=H ))) (. )))",1,92172,"0,085638072"
(ROOT (S=H (NP (NP=H (NNP=H )) (PRN (-LRB- ) (NP=H (NN=H )) (-RRB- ))) (VP=H (VBZ=H ) (SBAR (S=H (NP (NNS=H )) (VP=H (VBP=H ) (ADJP (JJ=H )))))) (. ))),1,92173,"0,0856390011"
(ROOT (S=H (NP (NP=H (NNP ) (NNP=H )) (PP (IN=H ) (NP (NNP ) (NNP ) (NNS ) (NNS=H )))) (VP=H (VBP=H ) (ADJP (JJ=H ))) (. ))),1,92174,"0,0856399302"
(ROOT (S=H (VP=H (VP=H (NNP ) (NP=H (PRP=H ))) (CC ) (VP (VBD=H ) (SBAR (S=H (NP (PRP=H )) (VP=H (VBP=H ) (ADJP (JJ=H ))))))) (. ))),1,92175,"0,0856408594"
(ROOT (S=H (NP (NP=H (NNP=H )) (PP (IN=H ) (NP (NP=H (JJ ) (NNS=H )) (PP (IN=H ) (NP (NNP ) (NNP=H )))))) (VP=H (VBP=H ) (ADJP (JJ=H ))) (. ))),1,92176,"0,0856417885"
(ROOT (S=H (NP (NP (NNP ) (NNP ) (NNPS=H )) (PRN (-LRB- ) (NP=H (NNP ) (NNP ) (NNP=H )) (-RRB- )) (NNS=H )) (VP=H (VBP=H ) (ADJP (JJ=H ))) (. ))),1,92177,"0,0856427176"
(ROOT (S=H (NP (NP=H (NNP ) (NNPS ) (NNP=H )) (SBAR (S=H (NP (NN ) (NN ) (NN ) (NNS=H )) (VP=H (VBZ=H ))))) (VP=H (VBP=H ) (ADJP (JJ=H ))) (. ))),1,92178,"0,0856436467"
(ROOT (S=H (NP (NP=H (NNP=H )) (PP (IN=H ) (NP (NP=H (JJ ) (JJ ) (NN=H )) (PP (IN=H ) (NP (DT ) (NNP ) (NNPS=H )))))) (VP=H (VBP=H ) (ADJP (JJ=H ))) (. ))),1,92179,"0,0856445758"
"(ROOT (S=H (S (VP=H (VBG=H ) (PP (IN=H ) (NP (NNP=H ))))) (, ) (NP (NNPS=H )) (VP=H (VBP=H ) (ADJP (JJ=H ))) (. )))",1,92180,"0,0856455049"
"(ROOT (S=H (S (NP=H (NP=H (NNS=H ) (CC ) (NNS )) (PP (IN=H ) (NP (NNP=H ))))) (, ) (NP (NNPS=H )) (VP=H (VBP=H ) (ADJP (JJ=H ))) (. )))",1,92181,"0,085646434"
(ROOT (S=H (NP (NP=H (CD=H ) (CC )) (RRC (ADVP (RB=H ) (. )) (NP=H (NNS=H )))) (VP=H (VBP=H ) (ADJP (JJ=H ))) (. ))),1,92182,"0,0856473631"
(ROOT (S=H (NP (NP=H (NNP ) (NNP=H )) (PP (IN=H ) (NP (DT ) (ADJP (RB ) (VBN=H )) (JJ ) (NNS=H )))) (VP=H (VBP=H ) (ADJP (JJ=H ))) (. ))),1,92183,"0,0856482922"
(ROOT (S=H (NP (NNP=H ) (-LRB- ) (NP (NNP ) (NNP ) (NNPS ) (NNP=H )) (-RRB- )) (VP=H (VBP=H ) (ADJP (JJ=H ))) (. ))),1,92184,"0,0856492214"
(ROOT (S=H (NP (NP=H (NNP=H )) (PP (IN=H ) (NP (NNP ) (CC ) (NNP ) (NN ) (NNS=H )))) (VP=H (VBP=H ) (ADJP (JJ=H ))) (. ))),1,92185,"0,0856501505"
(ROOT (S=H (NP (NNP=H )) (VP=H (VBZ=H ) (SBAR (S=H (NP (DT ) (NNP ) (NNPS=H )) (VP=H (VBP=H ) (ADJP (JJ=H )))))) (. ))),1,92186,"0,0856510796"
(ROOT (S=H (NP (NP=H (NNP ) (NNP ) (NNPS ) (NNP=H )) (PRN (-LRB- ) (NP=H (NP=H (NN=H )) (CC ) (NP (NN=H ))) (-RRB- ))) (VP=H (VBP=H ) (ADJP (JJ=H ))) (. ))),1,92187,"0,0856520087"
(ROOT (S=H (NP (NNP=H )) (VP=H (VBD=H ) (SBAR (S=H (NP (NP=H (NNS=H )) (PP (IN=H ) (NP (NP=H (NN=H )) (PP (IN=H ) (NP (DT ) (NNP ) (NNPS=H )))))) (VP=H (VBP=H ) (ADJP (JJ=H )))))) (. ))),1,92188,"0,0856529378"
(ROOT (NP=H (NP=H (NN=H )) (: ) (S (NP (NN ) (NN=H )) (VP=H (VBP=H ) (ADJP (JJ=H )))) (. ))),1,92189,"0,0856538669"
(ROOT (S=H (NP (NP (NNP ) (NNP ) (NNP ) (NNP ) (NN ) (NNS ) (POS=H )) (NN ) (NNS=H )) (VP=H (VBP=H ) (ADJP (JJ=H ))) (. ))),1,92190,"0,085654796"
(ROOT (S=H (NP (NP (NNP ) (NNP ) (NNS ) (NN=H )) (PRN (-LRB- ) (NP=H (NN=H )) (-RRB- )) (NNS=H )) (VP=H (VBP=H ) (ADJP (JJ=H ))) (. ))),1,92191,"0,0856557251"
(ROOT (S=H (NP (NP=H (NNP ) (NNP=H )) (PP (IN=H ) (NP (DT ) (CD ) (NNP ) (NNP ) (NNPS ) (NNS=H )))) (VP=H (VBP=H ) (ADJP (JJ=H ))) (. ))),1,92192,"0,0856566543"
(ROOT (S=H (NP (NNP ) (NNPS ) (NNP=H )) (VP=H (VBD=H ) (SBAR (S=H (NP (NNS=H )) (VP=H (VBP=H ) (ADJP (JJ=H )))))) (. ))),1,92193,"0,0856575834"
(ROOT (S=H (NP (ADJP (NNP=H ) (CC ) (NNP )) (NNP ) (NNS=H )) (VP=H (VBP=H ) (ADJP (JJ=H ))) (. ))),1,92194,"0,0856585125"
"(ROOT (S=H (NP (NP=H (NNP ) (NNP=H )) (PP (IN=H ) (NP (NP=H (NNP ) (NNPS=H )) (PP (IN=H ) (NP (NAC (NNP=H ) (, ) (NNP )) (NNP ) (NNP=H )))))) (VP=H (VBP=H ) (ADJP (JJ=H ))) (. )))",1,92195,"0,0856594416"
(ROOT (NP=H (NP=H (NNP ) (NNP=H )) (: ) (NP (NP=H (NNP ) (NNP ) (NNP=H )) (SBAR (S=H (NP (NN=H )) (VP=H (VBP=H ) (ADJP (JJ=H )))))) (. ))),1,92196,"0,0856603707"
(ROOT (S=H (NP (NP=H (NNP ) (NNP=H )) (PP (IN=H ) (NP (NP=H (DT ) (NNP=H )) (PP (IN=H ) (NP (NP=H (NNP ) (NNPS=H )) (PP (IN=H ) (NP (DT ) (NNP ) (NNP ) (NN=H )))))))) (VP=H (VBP=H ) (ADJP (JJ=H ))) (. ))),1,92197,"0,0856612998"
(ROOT (S=H (NP (NP=H (NNP ) (NNP ) (NNP ) (NNPS ) (NNP=H )) (NP (JJ ) (NNS=H ))) (VP=H (VBP=H ) (ADJP (JJ=H ))) (. ))),1,92198,"0,0856622289"
(ROOT (S=H (NP (NP=H (JJ ) (NN ) (NN=H )) (PP (IN=H ) (NP (DT ) (NNP ) (NNP ) (NNPS=H )))) (VP=H (VBP=H ) (ADJP (JJ=H ))) (. ))),1,92199,"0,085663158"
(ROOT (S=H (NP (CD ) (NNP ) (NNP ) (NNPS ) (NNS=H )) (ADVP (RB=H )) (VP=H (VBP=H ) (ADJP (JJ=H ))) (. ))),1,92200,"0,0856640871"
(ROOT (S=H (NP (NP=H (NN=H )) (PP (IN=H ) (NP (NP=H (NN=H )) (PP (IN=H ) (NP (NP=H (DT ) (NN=H )) (PP (IN=H ) (NP (DT ) (NNP ) (NNPS=H )))))))) (VP=H (VBP=H ) (ADJP (JJ=H ))) (. ))),1,92201,"0,0856650163"
"(ROOT (S=H (NP (NP=H (NNP=H )) (, ) (NP (NP=H (NNP ) (NNP ) (NNP ) (NN ) (NNS=H )) (PP (TO=H ) (NP (NNS=H ))))) (VP=H (VBP=H ) (ADJP (JJ=H ))) (. )))",1,92202,"0,0856659454"
(ROOT (S=H (PP (IN=H ) (NP (NN=H ))) (NP (NN ) (NNS=H )) (VP=H (VBP=H ) (ADJP (JJ=H ))) (. ))),1,92203,"0,0856668745"
(ROOT (S=H (NP (NNP=H )) (VP=H (VBD=H ) (SBAR (S=H (NP (NNS=H )) (VP=H (VBD=H ) (SBAR (S=H (NP (NNS=H )) (VP=H (VBD=H ) (SBAR (S=H (NP (NN=H )) (VP=H (VBP=H ) (ADJP (JJ=H )))))))))))) (. ))),1,92204,"0,0856678036"
(ROOT (S=H (NP (NNP=H )) (VP=H (VBD=H ) (SBAR (S=H (NP (NNS=H )) (VP=H (VBD=H ) (SBAR (S=H (NP (NP=H (NNS=H )) (ADJP (JJ ) (JJ=H ))) (VP=H (VBP=H ) (ADJP (JJ=H ))))))))) (. ))),1,92205,"0,0856687327"
(ROOT (S=H (NP (NNP=H )) (VP=H (VBD=H ) (SBAR (S=H (NP (NP=H (NNS=H )) (PP (IN=H ) (NP (NP=H (NNP=H )) (PP (IN=H ) (NP (NN=H )))))) (VP=H (VBP=H ) (ADJP (JJ=H )))))) (. ))),1,92206,"0,0856696618"
"(ROOT (S=H (NP (NP=H (NNP ) (NNP=H )) (PP (IN=H ) (NP (NP=H (NNP=H )) (, ) (NP (NNP=H )) (CC ) (NP (DT ) (NNP ) (NNS=H ))))) (VP=H (VBP=H ) (ADJP (JJ=H ))) (. )))",1,92207,"0,0856705909"
(ROOT (S=H (NP (NNP=H )) (VP=H (VBD=H ) (SBAR (S=H (NP (NP=H (NNS=H )) (PP (IN=H ) (NP (NNP ) (NNP=H ) (CD )))) (VP=H (VBP=H ) (ADJP (JJ=H )))))) (. ))),1,92208,"0,08567152"
(ROOT (S=H (NP (NP=H (NNP ) (NN=H )) (PP (IN=H ) (NP (ADJP (NNP=H ) (NNP )) (NNS=H )))) (VP=H (VBP=H ) (ADJP (JJ=H ))) (. ))),1,92209,"0,0856724491"
(ROOT (S=H (NP (NP=H (JJ ) (ADJP (JJ=H ) (PRT (RP=H ))) (NN=H )) (PRN (-LRB- ) (NP=H (NP=H (JJ ) (NNS=H )) (PP (IN=H ) (NP (NN=H ))) (PP (IN=H ) (NP (NN=H )))) (-RRB- ))) (VP=H (VBP=H ) (SBAR (S=H (VP=H (VBP=H ) (ADJP (JJ=H )))))) (. ))),1,92210,"0,0856733783"
(ROOT (S=H (NP (NP=H (NNP ) (NNP ) (NNPS ) (NNP=H )) (NP (JJ ) (NN=H ))) (VP=H (VBP=H ) (ADJP (JJ=H ))) (. ))),1,92211,"0,0856743074"
(ROOT (S=H (NP (NP=H (NNP ) (NNP ) (NNPS ) (NNP=H )) (NP (NNS=H ) (CC ) (NNS ))) (VP=H (VBP=H ) (ADJP (JJ=H ))) (. ))),1,92212,"0,0856752365"
(ROOT (S=H (NP (NP=H (NP (JJ ) (NN ) (NNS ) (POS=H )) (NNS=H )) (PP (IN=H ) (NP (NNP=H )))) (VP=H (VBP=H ) (ADJP (JJ=H ))) (. ))),1,92213,"0,0856761656"
"(ROOT (S=H (PP (ADVP (RB=H )) (IN=H ) (NP (NNP ) (NNPS ) (NNP=H ))) (, ) (NP (NNP ) (NNP=H )) (VP=H (VBP=H ) (ADJP (JJ=H ))) (. )))",1,92214,"0,0856770947"
(ROOT (S=H (NP (NNP=H ) (CC ) (NNP )) (VP=H (VBZ=H ) (SBAR (S=H (NP (NP (NNS ) (POS=H )) (NN=H )) (VP=H (VBP=H ) (ADJP (JJ=H )))))) (. ))),1,92215,"0,0856780238"
(ROOT (S=H (ADVP (RB=H )) (NP (NP=H (JJ ) (NNS ) (NNS=H )) (PP (IN=H ) (NP (DT ) (NNP ) (NNPS=H )))) (VP=H (VBP=H ) (ADJP (JJ=H ))) (. ))),1,92216,"0,0856789529"
(ROOT (S=H (NP (NP=H (NNP=H )) (PP (IN=H ) (NP (NP=H (DT ) (NNP ) (NNPS=H )) (PP (IN=H ) (NP (NNP ) (NNS=H )))))) (VP=H (VBP=H ) (ADJP (JJ=H ))) (. ))),1,92217,"0,085679882"
(ROOT (S=H (NP (NP=H (NNP ) (NNP ) (NNP=H )) (PP (IN=H ) (NP (NNP ) (NNPS ) (CC ) (NNP ) (NNP ) (NNS=H )))) (VP=H (VBP=H ) (ADJP (JJ=H ))) (. ))),1,92218,"0,0856808112"
(ROOT (S=H (NP (NNP ) (NNPS ) (NNP ) (NN ) (NNP ) (NNP=H )) (ADVP (RB=H )) (VP=H (VBP=H ) (ADJP (JJ=H ))) (. ))),1,92219,"0,0856817403"
(ROOT (S=H (NP (NP=H (NN=H )) (PP (IN=H ) (NP (NP=H (NNS ) (CC ) (NNS ) (NNS=H )) (PP (IN=H ) (NP (NN=H )))))) (VP=H (VBP=H ) (ADJP (JJ=H ))) (. ))),1,92220,"0,0856826694"
(ROOT (S=H (NP (NP (DT ) (NNPS ) (POS=H )) (JJ ) (NNS=H )) (VP=H (VBP=H ) (ADJP (JJ=H ))) (. ))),1,92221,"0,0856835985"
(ROOT (S=H (NP (NP=H (NNP=H )) (PP (IN=H ) (NP (NNP ) (NNP ) (CC ) (NNP ) (NN ) (NNS=H )))) (VP=H (VBP=H ) (ADJP (JJ=H ))) (. ))),1,92222,"0,0856845276"
(ROOT (S=H (NP (NP=H (NNP ) (NNP=H )) (NP (JJ ) (NN ) (NNS=H ) (CC ) (NNS ))) (VP=H (VBP=H ) (ADJP (JJ=H ))) (. ))),1,92223,"0,0856854567"
(ROOT (S=H (NP (NP=H (NNP=H )) (NP (DT ) (NNS=H ))) (VP=H (VBP=H ) (ADJP (JJ=H ))) (. ))),1,92224,"0,0856863858"
(ROOT (S=H (NP (JJ ) (PRN (-LRB- ) (NP=H (NNP ) (NNP=H )) (-RRB- )) (JJ ) (NNS=H )) (VP=H (VBP=H ) (ADJP (JJ=H ))) (. ))),1,92225,"0,0856873149"
(ROOT (S=H (NP (NP=H (NN=H )) (PP (IN=H ) (NP (NP=H (JJ ) (NNS=H )) (PP (IN=H ) (NP (NN=H )))))) (VP=H (VBP=H ) (ADJP (JJ=H ))) (. ))),1,92226,"0,085688244"
(ROOT (S=H (NP (NP=H (NNP=H )) (PP (IN=H ) (NP (NP (NNP ) (POS=H )) (NNS=H )))) (VP=H (VBP=H ) (ADJP (JJ=H ))) (. ))),1,92227,"0,0856891732"
(ROOT (FRAG=H (NP (NNP=H )) (: ) (S=H (NP (NNP ) (NN ) (NNS=H )) (VP=H (VBP=H ) (ADJP (JJ=H )))) (. ))),1,92228,"0,0856901023"
"(ROOT (S=H (NP (NNP=H )) (, ) (ADVP (RB=H )) (, ) (NP (NP=H (JJ ) (NN ) (CC ) (NN ) (NNS=H )) (VP (VBG=H ) (NP (NN=H )))) (VP=H (VBP=H ) (ADJP (JJ=H ))) (. )))",1,92229,"0,0856910314"
(ROOT (S=H (NP (JJ ) (ADJP (ADJP=H (JJ=H )) (CC ) (ADJP (NNP=H ) (NNP ))) (NN ) (NNS=H )) (VP=H (VBP=H ) (ADJP (JJ=H ))) (. ))),1,92230,"0,0856919605"
(ROOT (S=H (NP (NP=H (NNP ) (NNPS ) (NNP=H )) (PP (IN=H ) (NP (NP=H (NNP=H )) (PP (IN=H ) (NP (DT ) (NNP ) (NNPS ) (NNS=H )))))) (VP=H (VBP=H ) (ADJP (JJ=H ))) (. ))),1,92231,"0,0856928896"
(ROOT (S=H (NP (NP=H (JJ ) (JJ ) (NN=H )) (PP (IN=H ) (NP (NP=H (DT ) (NNP ) (NNP=H )) (PP (IN=H ) (NP (DT ) (NNP ) (NNPS=H )))))) (VP=H (VBP=H ) (ADJP (JJ=H ))) (. ))),1,92232,"0,0856938187"
(ROOT (S=H (ADVP (RB=H )) (NP (NP=H (DT ) (NNP ) (NNP ) (NNS ) (NNS=H )) (PP (TO=H ) (NP (NNS=H )))) (VP=H (VBP=H ) (ADJP (JJ=H ))) (. ))),1,92233,"0,0856947478"
(ROOT (S=H (NP (NP=H (NN ) (NN=H )) (VP (VBG=H ) (NP (VBG ) (NNS=H )))) (VP=H (VBP=H ) (ADJP (JJ=H ))) (. ))),1,92234,"0,0856956769"
(ROOT (S=H (NP (NNP=H )) (VP=H (VBD=H ) (SBAR (S=H (NP (NP=H (NNS=H )) (PP (IN=H ) (NP (NP=H (NNS=H )) (PP (IN=H ) (NP (NNP ) (NNP ) (NNP=H )))))) (VP=H (VBP=H ) (ADJP (JJ=H )))))) (. ))),1,92235,"0,085696606"
(ROOT (S=H (NP (NNP=H )) (VP=H (VBD=H ) (SBAR (S=H (NP (NP=H (NNS=H )) (PP (IN=H ) (NP (NP=H (NNS=H )) (PP (IN=H ) (NP (NP=H (DT ) (JJ ) (NN=H )) (PP (IN=H ) (NP (DT ) (NNP=H )))))))) (VP=H (VBP=H ) (ADJP (JJ=H )))))) (. ))),1,92236,"0,0856975352"
(ROOT (S=H (NP (NNP=H )) (VP=H (VBD=H ) (SBAR (S=H (NP (NP=H (NP=H (NNS=H )) (PP (IN=H ) (NP (NP=H (NNS=H )) (PP (IN=H ) (NP (NNP=H )))))) (PRN (-LRB- ) (NP=H (NN=H )) (-RRB- ))) (VP=H (VBP=H ) (ADJP (JJ=H )))))) (. ))),1,92237,"0,0856984643"
"(ROOT (S=H (S (NP=H (NP=H (NNP=H )) (PP (IN=H ) (NP (NNP=H ))))) (, ) (NP (NNP ) (NNS=H )) (VP=H (VBP=H ) (ADJP (JJ=H ))) (. )))",1,92238,"0,0856993934"
(ROOT (S=H (NP (NP=H (JJS=H )) (PP (IN=H ) (NP (NP=H (NN ) (NNS=H )) (PP (IN=H ) (NP (NNP=H )))))) (VP=H (VBP=H ) (ADJP (JJ=H ))) (. ))),1,92239,"0,0857003225"
(ROOT (S=H (NP (NP=H (NNPS ) (NNP=H )) (PRN (-LRB- ) (NP=H (NNP ) (NNP=H )) (-RRB- ))) (VP=H (VBP=H ) (ADJP (JJ=H ))) (. ))),1,92240,"0,0857012516"
(ROOT (S=H (NP (NNP=H )) (VP=H (VBP=H ) (SBAR (S=H (NP (DT ) (NNP ) (NNP ) (NNS=H )) (VP=H (VBP=H ) (ADJP (JJ=H )))))) (. ))),1,92241,"0,0857021807"
(ROOT (S=H (NP (NP=H (NNP ) (NNP ) (NNP=H )) (VP (VBG=H ) (PP (IN=H ) (NP (DT ) (NNP ) (NNPS=H ))))) (VP=H (VBP=H ) (ADJP (JJ=H ))) (. ))),1,92242,"0,0857031098"
"(ROOT (S=H (NP (NNP=H )) (PRN (-LRB- ) (NP=H (CD=H )) (-RRB- )) (, ) (NP (NNP ) (NNP ) (NNS=H )) (VP=H (VBP=H ) (ADJP (JJ=H ))) (. )))",1,92243,"0,0857040389"
(ROOT (NP=H (NP=H (NNP ) (NNP=H )) (: ) (NP (NP=H (NNP ) (NNP=H )) (SBAR (S=H (NP (NP (NNS ) (POS=H )) (NN ) (NNS=H )) (VP=H (VBP=H ) (ADJP (JJ=H )))))) (. ))),1,92244,"0,0857049681"
(ROOT (NP=H (NP=H (NNP ) (NN ) (NNS ) (NNP ) (NNP ) (NNPS ) (NNP=H )) (: ) (S (NP (CD=H )) (VP=H (VBP=H ) (ADJP (JJ=H )))) (. ))),1,92245,"0,0857058972"
(ROOT (S=H (NP (NP=H (NNP ) (NNP ) (NNP ) (NNP ) (NNP=H )) (PP (IN=H ) (NP (NNP ) (NNPS ) (NNS=H )))) (VP=H (VBP=H ) (ADJP (JJ=H ))) (. ))),1,92246,"0,0857068263"
"(ROOT (S=H (S (NP (NNP ) (NNP=H )) (VP=H (VBZ=H ) (PP (IN=H ) (NP (NNP=H ))))) (, ) (NP (NN=H )) (VP=H (VBP=H ) (ADJP (JJ=H ))) (. )))",1,92247,"0,0857077554"
(ROOT (S=H (PP (IN=H ) (NP (NP=H (VBN ) (NN=H )) (PP (IN=H ) (NP (DT ) (NNP=H ))))) (NP (NNPS=H )) (VP=H (VBP=H ) (ADJP (JJ=H ))) (. ))),1,92248,"0,0857086845"
(ROOT (S=H (NP (NP=H (JJ ) (NN ) (CC ) (JJ ) (NN=H )) (PP (IN=H ) (NP (NN ) (NN ) (NNS=H )))) (VP=H (VBP=H ) (ADJP (JJ=H ))) (. ))),1,92249,"0,0857096136"
(ROOT (S=H (NP (NP=H (DT ) (NNP ) (NNP ) (NNP=H )) (PP (IN=H ) (NP (NN ) (NNS=H )))) (VP=H (VBP=H ) (ADJP (JJ=H ))) (. ))),1,92250,"0,0857105427"
(ROOT (S=H (NP (NNP=H )) (VP=H (VBD=H ) (SBAR (S=H (NP (NP=H (NNS=H )) (PP (IN=H ) (NP (DT ) (NNS=H )))) (VP=H (VBP=H ) (ADJP (JJ=H )))))) (. ))),1,92251,"0,0857114718"
(ROOT (S=H (NP (NP=H (NP (NNP ) (NNP ) (POS=H )) (NN=H )) (CC ) (NP (NNS=H ))) (VP=H (VBP=H ) (ADJP (JJ=H ))) (. ))),1,92252,"0,0857124009"
"(ROOT (S=H (NP (NP=H (NNP=H )) (, ) (NP (JJ ) (NNS=H )) (CC ) (NP (NNS ) (NNS=H ))) (VP=H (VBP=H ) (ADJP (JJ=H ))) (. )))",1,92253,"0,0857133301"
(ROOT (FRAG=H (NP (NP=H (NNP=H )) (PP (IN=H ) (NP (NNP=H )))) (: ) (S=H (NP (NNP=H )) (VP=H (VBP=H ) (ADJP (JJ=H )))) (. ))),1,92254,"0,0857142592"
(ROOT (S=H (NP (NNP ) (NNP ) (NNP ) (NNP ) (CC ) (NNP ) (NNP ) (NN ) (NNS=H )) (VP=H (VBP=H ) (ADJP (JJ=H ))) (. ))),1,92255,"0,0857151883"
(ROOT (S=H (NP (NP=H (NP=H (NNP ) (NNP ) (. ) (NNP=H )) (NP (NNS=H ))) (VP (VBG=H ) (NP (NNS=H )))) (VP=H (VBP=H ) (ADJP (JJ=H ))) (. ))),1,92256,"0,0857161174"
(ROOT (S=H (NP (NNP=H )) (VP=H (VBD=H ) (SBAR (S=H (NP (NP=H (NNS=H )) (PP (IN=H ) (NP (NNP ) (NNP ) (. ) (NNP=H )))) (VP=H (VBP=H ) (ADJP (JJ=H )))))) (. ))),1,92257,"0,0857170465"
(ROOT (S=H (NP (DT=H )) (VP=H (VBD=H ) (SBAR (S=H (NP (JJ ) (NNS=H )) (VP=H (VBP=H ) (ADJP (JJ=H )))))) (. ))),1,92258,"0,0857179756"
"(ROOT (S=H (S (VP=H (VBN=H ) (NP (NP=H (NNS=H )) (PP (IN=H ) (NP (NP=H (NNP=H )) (PP (IN=H ) (NP (DT ) (NNP ) (NNP=H )))))))) (, ) (NP (NNP=H )) (VP=H (VBP=H ) (ADJP (JJ=H ))) (. )))",1,92259,"0,0857189047"
"(ROOT (S=H (PP (ADVP (RB=H )) (IN=H ) (NP (NP=H (NNP=H )) (PP (IN=H ) (NP (DT ) (NNP ) (NNP=H ))))) (, ) (NP (NNP=H )) (VP=H (VBP=H ) (ADJP (JJ=H ))) (. )))",1,92260,"0,0857198338"
(ROOT (S=H (NP (NP=H (NNP ) (NNP=H )) (PP (IN=H ) (NP (NP=H (DT ) (NNP ) (NNP=H )) (PP (IN=H ) (NP (DT ) (NNPS=H )))))) (VP=H (VBP=H ) (ADJP (JJ=H ))) (. ))),1,92261,"0,0857207629"
"(ROOT (S=H (NP-TMP (JJ ) (NNP=H )) (, ) (NP (NNP ) (NNP ) (NNS=H )) (VP=H (VBP=H ) (ADJP (JJ=H ))) (. )))",1,92262,"0,0857216921"
(ROOT (S=H (NP (NAC (NNP=H ) (PP (IN=H ) (NP (DT ) (NNP=H )) (: ))) (NNP ) (NNP ) (NNP ) (NNP=H )) (VP=H (VBP=H ) (ADJP (JJ=H ))) (. ))),1,92263,"0,0857226212"
(ROOT (S=H (NP (NP=H (NNP=H )) (PP (IN=H ) (NP (NNP ) (PRN (-LRB- ) (NNP ) (NN=H ) (-RRB- )) (NN=H )))) (VP=H (VBP=H ) (SBAR (S=H (NP (NNS=H )) (VP=H (VBP=H ) (ADJP (JJ=H )))))) (. ))),1,92264,"0,0857235503"
"(ROOT (S=H (S (ADJP=H (NNP=H ))) (, ) (NP (NNP ) (JJ ) (NNS=H )) (VP=H (VBP=H ) (ADJP (JJ=H ))) (. )))",1,92265,"0,0857244794"
(ROOT (S=H (NP (NP=H (NNP ) (PRN (-LRB- ) (NNP ) (NN=H ) (-RRB- )) (NNP=H )) (PP (IN=H ) (NP (NNS=H )))) (VP=H (VBP=H ) (ADJP (JJ=H ))) (. ))),1,92266,"0,0857254085"
(ROOT (S=H (NP (NP (NNP=H )) (PRN (-LRB- ) (NNP ) (NN=H ) (-RRB- )) (NNS=H )) (VP=H (VBD=H ) (SBAR (S=H (NP (NNS=H )) (VP=H (VBP=H ) (ADJP (JJ=H )))))) (. ))),1,92267,"0,0857263376"
"(ROOT (S=H (S (NP (NNS=H )) (VP=H (VBN=H ) (PP (IN=H ) (NP (NNP ) (NNPS ) (NNP ) (NNP=H ))))) (, ) (NP (NNP=H )) (VP=H (VBP=H ) (ADJP (JJ=H ))) (. )))",1,92268,"0,0857272667"
"(ROOT (S=H (S (NP (NNS=H )) (VP=H (VBN=H ) (PP (IN=H ) (NP (NP (NNS ) (POS=H )) (NNP=H ))))) (, ) (NP (NNP=H )) (VP=H (VBP=H ) (ADJP (JJ=H ))) (. )))",1,92269,"0,0857281958"
"(ROOT (S=H (S (NP (NNS=H )) (VP=H (VBN=H ) (PP (IN=H ) (NP (NP=H (PRP$ ) (NN=H )) (CC ) (NP (NP (NNP ) (NNP ) (POS=H )) (NNP=H )))))) (, ) (NP (NNP=H )) (VP=H (VBP=H ) (ADJP (JJ=H ))) (. )))",1,92270,"0,085729125"
(ROOT (S=H (S (VP=H (VBN=H ) (PP (TO=H ) (NP (NNP ) (NNP=H ))))) (NP (PRP=H )) (VP=H (VBP=H ) (ADJP (JJ=H ))) (. ))),1,92271,"0,0857300541"
(ROOT (S=H (NP (NP=H (NNP ) (NNP ) (NNP ) (NNP=H )) (PP (IN=H ) (NP (JJS ) (NNP ) (NNP ) (NNS=H )))) (VP=H (VBP=H ) (ADJP (JJ=H ))) (. ))),1,92272,"0,0857309832"
(ROOT (S=H (NP (NP=H (NNP=H )) (PP (IN=H ) (NP (NP=H (DT ) (NNP ) (NNS=H )) (PP (IN=H ) (NP (NNP ) (NN=H )))))) (VP=H (VBP=H ) (ADJP (JJ=H ))) (. ))),1,92273,"0,0857319123"
"(ROOT (S=H (S (NP (NNS=H )) (VP=H (VBN=H ) (PP (IN=H ) (NP (NNP ) (NNP ) (NNP ) (NNP ) (NNP ) (NNP=H ))))) (, ) (NP (NNP=H )) (VP=H (VBP=H ) (ADJP (JJ=H ))) (. )))",1,92274,"0,0857328414"
(ROOT (NP=H (NP=H (NNP ) (CC ) (NNP ) (NNP=H )) (: ) (S (NP (DT ) (NNP ) (NNP ) (NNS=H )) (VP=H (VBP=H ) (ADJP (JJ=H )))) (. ))),1,92275,"0,0857337705"
(ROOT (S=H (NP (NP=H (NNP ) (PRN (-LRB- ) (NP=H (NN=H )) (-RRB- )) (NNP=H )) (PP (IN=H ) (NP (NNS=H )))) (VP=H (VBP=H ) (ADJP (JJ=H ))) (. ))),1,92276,"0,0857346996"
(ROOT (S=H (NP (NP=H (NN=H )) (PP (IN=H ) (NP (NNP ) (NNP ) (NNPS=H )))) (VP=H (VBP=H ) (ADJP (JJ=H ))) (. ))),1,92277,"0,0857356287"
(ROOT (S=H (NP (NP=H (NNP ) (IN ) (NNP ) (NNP=H )) (NP (CD ) (NNS=H ))) (VP=H (VBP=H ) (ADJP (JJ=H ))) (. ))),1,92278,"0,0857365578"
(ROOT (S=H (VP=H (VB=H ) (NP (NNS=H )) (SBAR (S=H (NP (NNP ) (NNP=H )) (VP=H (VBP=H ) (ADJP (JJ=H )))))) (. ))),1,92279,"0,085737487"
(ROOT (S=H (NP (NP=H (NNP ) (NNP=H )) (PP (IN=H ) (NP (NP=H (DT ) (NNP ) (NNS=H )) (PP (TO=H ) (NP (DT ) (NNPS=H )))))) (VP=H (VBP=H ) (ADJP (JJ=H ))) (. ))),1,92280,"0,0857384161"
(ROOT (S=H (NP (NP=H (NNP ) (NNP=H )) (PP (IN=H ) (NP (NP=H (DT ) (NNP ) (NNS=H )) (PP (TO=H ) (NP (DT ) (NNP ) (NNP=H )))))) (VP=H (VBP=H ) (ADJP (JJ=H ))) (. ))),1,92281,"0,0857393452"
(ROOT (S=H (NP (NP=H (NNP ) (NNP=H )) (PP (IN=H ) (NP (NP=H (DT ) (NNP ) (NNS=H )) (PP (TO=H ) (NP (DT ) (NNP ) (NNPS=H )))))) (VP=H (VBP=H ) (ADJP (JJ=H ))) (. ))),1,92282,"0,0857402743"
(ROOT (S=H (NP (NP=H (NNP=H )) (PP (IN=H ) (NP (NP=H (NNP ) (NNP ) (NNS=H )) (PP (TO=H ) (NP (DT ) (NNP ) (NNPS=H )))))) (VP=H (VBP=H ) (ADJP (JJ=H ))) (. ))),1,92283,"0,0857412034"
(ROOT (S=H (NP (NP=H (NNP=H )) (VP (VBG=H ) (NP (NNS=H )) (PP (IN=H ) (NP (NP=H (JJ ) (NNS=H ) (CC ) (NNS )) (PP (IN=H ) (NP (NNP=H ))))))) (VP=H (VBP=H ) (ADJP (JJ=H ))) (. ))),1,92284,"0,0857421325"
(ROOT (S=H (NP (NP=H (NNP ) (NNP=H )) (PP (IN=H ) (NP (NP=H (DT ) (NNP=H )) (PP (IN=H ) (NP (NNP ) (JJ ) (NNS=H )))))) (VP=H (VBP=H ) (ADJP (JJ=H ))) (. ))),1,92285,"0,0857430616"
(ROOT (S=H (NP (NP (NP (JJ ) (NNS ) (POS=H )) (NNP ) (PRN (-LRB- ) (NP=H (NNP=H )) (-RRB- )) (NN=H )) (NNS=H )) (VP=H (VBP=H ) (ADJP (JJ=H ))) (. ))),1,92286,"0,0857439907"
(ROOT (S=H (NP (NNP=H )) (VP=H (VBD=H ) (SBAR (S=H (NP (NP=H (NNS=H )) (PP (IN=H ) (NP (JJ ) (NNS ) (NN ) (NNS=H )))) (VP=H (VBP=H ) (ADJP (JJ=H )))))) (. ))),1,92287,"0,0857449199"
(ROOT (S=H (NP (NNP=H )) (VP=H (VBD=H ) (SBAR (S=H (NP (NP=H (NNS=H )) (PP (IN=H ) (NP (NN ) (NNS ) (NNS=H )))) (VP=H (VBP=H ) (ADJP (JJ=H )))))) (. ))),1,92288,"0,085745849"
"(ROOT (S=H (S (NP (NNP=H )) (VP=H (VBZ=H ) (PP (IN=H ) (NP (NP=H (NNP=H )) (PP (IN=H ) (NP (DT ) (NNP ) (NNP=H ))))))) (, ) (NP (NNP=H )) (VP=H (VBP=H ) (ADJP (JJ=H ))) (. )))",1,92289,"0,0857467781"
(ROOT (NP=H (NP=H (NNP=H )) (: ) (NP (NP=H (NNP ) (NNP ) (NNS ) (NN=H )) (SBAR (S=H (VP=H (VBP=H ) (ADJP (JJ=H )))))) (. ))),1,92290,"0,0857477072"
(ROOT (S=H (NP (NP=H (JJ ) (NNP ) (NNP ) (NN=H )) (PP (IN=H ) (NP (JJS ) (NNP ) (NNP ) (NNP ) (NNS=H )))) (VP=H (VBP=H ) (ADJP (JJ=H ))) (. ))),1,92291,"0,0857486363"
(ROOT (S=H (NP (NP=H (JJ ) (ADJP (JJ=H ) (PRT (RP=H ))) (NN=H )) (PRN (-LRB- ) (NP=H (NP=H (NNPS=H )) (PP (IN=H ) (NP (NP=H (NNS=H )) (VP (VBG=H ) (NP (NN=H )))))) (-RRB- ))) (VP=H (VBP=H ) (SBAR (S=H (VP=H (VBP=H ) (ADJP (JJ=H )))))) (. ))),1,92292,"0,0857495654"
(ROOT (S=H (NP (NP=H (NNP ) (NNPS ) (NNP=H )) (PP (IN=H ) (NP (NP=H (NNS=H )) (PRN (-LRB- ) (NP=H (NP=H (NN=H )) (CC ) (NP (NN=H ))) (-RRB- ))))) (VP=H (VBP=H ) (ADJP (JJ=H ))) (. ))),1,92293,"0,0857504945"
(ROOT (S=H (NP (NNP=H )) (VP=H (VBZ=H ) (S (VP=H (VBG=H ) (SBAR (S=H (NP (NN ) (NN ) (NNS=H )) (VP=H (VBP=H ) (ADJP (JJ=H )))))))) (. ))),1,92294,"0,0857514236"
(ROOT (S=H (NP (NP=H (NNP ) (NNP=H )) (PP (IN=H ) (NP (NNP=H ) (CC ) (NNP ))) (PP (IN=H ) (NP (NNP ) (NNS=H )))) (VP=H (VBP=H ) (ADJP (JJ=H ))) (. ))),1,92295,"0,0857523527"
(ROOT (S=H (NP (NP=H (NNP ) (NNP ) (NNP ) (JJ ) (NN=H )) (VP (VBN=H ) (PP (IN=H ) (NP (DT ) (NNP ) (NNPS=H ))))) (VP=H (VBP=H ) (ADJP (JJ=H ))) (. ))),1,92296,"0,0857532819"
(ROOT (S=H (NP (NP=H (NNP=H )) (PRN (-LRB- ) (NP=H (NNP=H )) (-RRB- ))) (VP=H (VBP=H ) (SBAR (S=H (NP (NP=H (JJ ) (NNS=H )) (PP (IN=H ) (NP (NN=H )))) (VP=H (VBP=H ) (ADJP (JJ=H )))))) (. ))),1,92297,"0,085754211"
"(ROOT (S=H (NP (NP (NNP ) (NNP=H )) (PRN (-LRB- ) (NP=H (NP=H (NN=H )) (, ) (NP (CD ) (: ) (CD=H ))) (-RRB- )) (NNS=H )) (VP=H (VBP=H ) (ADJP (JJ=H ))) (. )))",1,92298,"0,0857551401"
(ROOT (S=H (NP (NP=H (JJ ) (NN ) (NN=H )) (SBAR (S=H (NP (NN ) (NNS=H )) (VP=H (VBD=H ) (PP (IN=H ) (NP (DT ) (NNPS=H ))))))) (VP=H (VBP=H ) (ADJP (JJ=H ))) (. ))),1,92299,"0,0857560692"
(ROOT (S=H (NP (NNP=H )) (VP=H (VBP=H ) (SBAR (S=H (NP (NP=H (JJ ) (NNS=H )) (PP (IN=H ) (NP (NN=H )))) (VP=H (VBP=H ) (ADJP (JJ=H )))))) (. ))),1,92300,"0,0857569983"
(ROOT (NP=H (NP=H (NP=H (NNP=H )) (PP (IN=H ) (NP (DT ) (CD ) (NNPS ) (NNPS=H )))) (: ) (S (NP (NNP=H )) (VP=H (VBP=H ) (ADJP (JJ=H )))) (. ))),1,92301,"0,0857579274"
(ROOT (S=H (NP (NP=H (NP (NNS ) (POS=H )) (NNP=H )) (PP (IN=H ) (NP (NNP ) (CC ) (NNP ) (NN ) (NNS=H )))) (VP=H (VBP=H ) (ADJP (JJ=H ))) (. ))),1,92302,"0,0857588565"
(ROOT (S=H (NP (NP=H (JJ ) (ADJP (JJ=H ) (PRT (RP=H ))) (NN=H )) (PRN (-LRB- ) (VP=H (VBN=H ) (CC ) (VBN ) (NP (NNS=H ) (CC ) (NNS )) (PP (IN=H ) (NP (NP=H (NN=H )) (VP (VBN=H ))))) (-RRB- ))) (VP=H (VBP=H ) (SBAR (S=H (VP=H (VBP=H ) (ADJP (JJ=H )))))) (. ))),1,92303,"0,0857597856"
(ROOT (S=H (NP (NP=H (JJ ) (ADJP (JJ=H ) (PRT (RP=H ))) (NN=H )) (PRN (-LRB- ) (NP=H (NP=H (NNP ) (NN ) (NNS=H )) (PP (IN=H ) (NP (DT ) (NN=H )))) (-RRB- ))) (VP=H (VBP=H ) (SBAR (S=H (VP=H (VBP=H ) (ADJP (JJ=H )))))) (. ))),1,92304,"0,0857607147"
(ROOT (S=H (NP (NP=H (JJS=H )) (VP (VBN=H ) (NP (NP=H (NNP ) (NNS=H )) (PP (IN=H ) (NP (NNP=H )))))) (VP=H (VBP=H ) (ADJP (JJ=H ))) (. ))),1,92305,"0,0857616439"
(ROOT (FRAG=H (NP (NNP ) (NNP=H )) (: ) (S=H (NP (NNP ) (NNP ) (NNS=H )) (VP=H (VBP=H ) (ADJP (JJ=H )))) (. ))),1,92306,"0,085762573"
(ROOT (S=H (NP (NP=H (NNP ) (NNPS ) (NNP ) (CC ) (NNP ) (NNP=H )) (PP (IN=H ) (NP (NP=H (NNP ) (NNP=H )) (PP (IN=H ) (NP (DT ) (NNP ) (NNP ) (NNS=H )))))) (VP=H (VBP=H ) (ADJP (JJ=H ))) (. ))),1,92307,"0,0857635021"
(ROOT (S=H (NP (NP=H (NNP ) (NNS ) (NN=H )) (PRN (-LRB- ) (NP=H (NNP ) (NNP ) (NNP=H )) (-RRB- ))) (VP=H (VBP=H ) (ADJP (JJ=H ))) (. ))),1,92308,"0,0857644312"
(ROOT (S=H (NP (NP=H (NP (JJ ) (NNS=H )) (NN ) (NNS=H )) (PP (IN=H ) (NP (DT ) (JJ ) (NNP ) (NNP=H )))) (VP=H (VBP=H ) (ADJP (JJ=H ))) (. ))),1,92309,"0,0857653603"
(ROOT (S=H (NP (NP=H (NNP=H )) (CC ) (NP (NNS=H ))) (VP=H (VBN=H ) (PRT (RP=H )) (SBAR (IN=H ) (S (NP (PRP=H )) (PP (IN=H ) (NP (PRP=H ))) (VP=H (VBP=H ) (ADJP (JJ=H )))))) (. ))),1,92310,"0,0857662894"
(ROOT (S=H (NP (NP=H (NNP=H )) (PP (IN=H ) (NP (NP (NNP ) (NNP ) (POS=H )) (NP (NNPS ) (POS=H )) (NNP=H )))) (VP=H (VBP=H ) (ADJP (JJ=H ))) (. ))),1,92311,"0,0857672185"
(ROOT (S=H (NP (NP=H (NNP ) (NNP ) (NNPS ) (NNP=H )) (PP (IN=H ) (NP (DT ) (NNP ) (NNP ) (NNP=H )))) (VP=H (VBP=H ) (ADJP (JJ=H ))) (. ))),1,92312,"0,0857681476"
(ROOT (S=H (NP (NP=H (NNP ) (NNP ) (NNPS ) (NNP=H )) (PP (IN=H ) (NP (NNP ) (NNP=H ) (CC ) (NNP )))) (VP=H (VBP=H ) (ADJP (JJ=H ))) (. ))),1,92313,"0,0857690768"
(ROOT (S=H (NP (NNP=H )) (VP=H (VBD=H ) (SBAR (S=H (NP (NP=H (NNS=H )) (SBAR (S=H (NP (PRP=H )) (VP=H (MD=H ) (VP (VB=H ) (NP (JJ ) (NN=H ))))))) (VP=H (VBP=H ) (ADJP (JJ=H )))))) (. ))),1,92314,"0,0857700059"
(ROOT (S=H (NP (NNP=H )) (VP=H (VBD=H ) (SBAR (S=H (NP (NP=H (NNS=H )) (SBAR (S=H (NP (PRP=H )) (VP=H (MD=H ) (VP (VB=H )))))) (VP=H (VBP=H ) (ADJP (JJ=H )))))) (. ))),1,92315,"0,085770935"
(ROOT (S=H (NP (NP=H (NN=H )) (VP (VBG=H ) (NP (NP=H (NNS=H )) (PP (IN=H ) (NP (NNP ) (NNP=H )))))) (VP=H (VBP=H ) (ADJP (JJ=H ))) (. ))),1,92316,"0,0857718641"
"(ROOT (S=H (NP-TMP (NNP=H ) (CD )) (, ) (NP (CD=H )) (-RRB- ) (VP=H (VBP=H ) (ADJP (JJ=H ))) (. )))",1,92317,"0,0857727932"
(ROOT (S=H (NP (NNP ) (. ) (NNP=H )) (VP=H (VBP=H ) (SBAR (S=H (NP (NN ) (NNS=H )) (VP=H (VBP=H ) (ADJP (JJ=H )))))) (. ))),1,92318,"0,0857737223"
(ROOT (S=H (NP (NP=H (NNP ) (NNP ) (NNP ) (NNPS ) (NN=H )) (CC ) (NP (NN=H ))) (VP=H (VBP=H ) (ADJP (JJ=H ))) (. ))),1,92319,"0,0857746514"
(ROOT (NP=H (NP=H (NNP=H )) (: ) (S (NP (NP=H (JJ ) (NN ) (NNS=H )) (PP (IN=H ) (NP (DT ) (NNP ) (NNP=H )))) (VP=H (VBP=H ) (ADJP (JJ=H )))) (. ))),1,92320,"0,0857755805"
(ROOT (S=H (NP (NP=H (NP (NNP ) (NNS ) (POS=H )) (NNS=H )) (VP (RB ) (VBN=H ) (PP (TO=H ) (NP (NNP=H ))))) (VP=H (VBP=H ) (ADJP (JJ=H ))) (. ))),1,92321,"0,0857765096"
(ROOT (S=H (NP (NP (JJ ) (NNS ) (POS=H )) (JJ ) (NN ) (NN=H )) (VP=H (VBP=H ) (ADJP (JJ=H ))) (. ))),1,92322,"0,0857774388"
(ROOT (S=H (NP (NP=H (NNP=H )) (PP (IN=H ) (NP (JJ ) (NN ) (NN ) (NNS=H )))) (VP=H (VBP=H ) (ADJP (JJ=H ))) (. ))),1,92323,"0,0857783679"
(ROOT (S=H (NP (NNP=H )) (VP=H (VBD=H ) (SBAR (S=H (NP (NP=H (NNS=H )) (PP (IN=H ) (NP (NP=H (NNP=H )) (PP (IN=H ) (NP (DT ) (NNP=H )))))) (VP=H (VBP=H ) (ADJP (JJ=H )))))) (. ))),1,92324,"0,085779297"
(ROOT (NP=H (NP=H (NP=H (NNS=H )) (PP (IN=H ) (NP (DT ) (NNP=H )))) (: ) (NP (NP=H (NNP ) (NN=H )) (VP (VBG=H ) (SBAR (S=H (NP (NNP=H )) (VP=H (VBP=H ) (ADJP (JJ=H ))))))) (. ))),1,92325,"0,0857802261"
(ROOT (S=H (NP (NP=H (NN=H )) (PP (IN=H ) (NP (NP (NNP ) (POS=H )) (NNP ) (NNPS ) (NNP ) (NNP ) (NNP ) (CD ) (NNS=H )))) (VP=H (VBP=H ) (ADJP (JJ=H ))) (. ))),1,92326,"0,0857811552"
(ROOT (S=H (NP (NP=H (NNP ) (NNP ) (NNPS ) (NNP=H )) (PP (IN=H ) (NP (NNP ) (NNP ) (CC ) (DT ) (NNPS=H )))) (VP=H (VBP=H ) (ADJP (JJ=H ))) (. ))),1,92327,"0,0857820843"
(ROOT (S=H (NP (NNP ) (NNP ) (NNP=H )) (PRN (-LRB- ) (NP=H (NNP ) (NNP ) (NNP=H )) (-RRB- )) (NP (NN ) (NNS=H )) (VP=H (VBP=H ) (ADJP (JJ=H ))) (. ))),1,92328,"0,0857830134"
(ROOT (S=H (NP (NP=H (JJS=H )) (PP (IN=H ) (NP (NP=H (NN ) (NNS=H )) (PP (IN=H ) (NP (DT ) (NNP ) (NNP ) (NNP ) (NNP ) (NNP=H )))))) (VP=H (VBP=H ) (ADJP (JJ=H ))) (. ))),1,92329,"0,0857839425"
(ROOT (S=H (NP (NP=H (NNP ) (NNP ) (NNP ) (NNP=H )) (PP (IN=H ) (NP (NNP=H )))) (VP=H (VBZ=H ) (SBAR (S=H (NP (JJ ) (NNS=H )) (VP=H (VBP=H ) (ADJP (JJ=H )))))) (. ))),1,92330,"0,0857848716"
(ROOT (S=H (NP (ADJP (NNP ) (JJ=H )) (NNS ) (NN=H )) (VP=H (VBP=H ) (SBAR (S=H (NP (NNS=H )) (VP=H (VBP=H ) (ADJP (JJ=H )))))) (. ))),1,92331,"0,0857858008"
(ROOT (S=H (NP (NP=H (NP=H (NN ) (NN=H )) (PP (IN=H ) (NP (DT ) (NNP ) (NNPS=H )))) (PRN (-LRB- ) (NP=H (NN=H )) (-RRB- ))) (VP=H (VBP=H ) (ADJP (JJ=H ))) (. ))),1,92332,"0,0857867299"
(ROOT (S=H (NP (NP=H (NNP ) (NNP ) (NNPS ) (NNP=H )) (PRN (-LRB- ) (NP=H (NNP=H )) (-RRB- ))) (VP=H (VBP=H ) (ADJP (JJ=H ))) (. ))),1,92333,"0,085787659"
(ROOT (NP=H (NP=H (NNP=H )) (PP (IN=H ) (NP (NP=H (NNP=H )) (SBAR (WHNP=H (WP=H ) (NNS )) (S (VP=H (VBP=H ) (ADJP (JJ=H ))))))) (. ))),1,92334,"0,0857885881"
(ROOT (S=H (NP (NP (NNP ) (NNP ) (NNPS ) (NNP ) (POS=H )) (NN ) (NN=H )) (VP=H (VBP=H ) (ADJP (JJ=H ))) (. ))),1,92335,"0,0857895172"
(ROOT (S=H (NP (NNP ) (NNP=H )) (VP=H (VBP=H ) (VP (VBG=H ) (NP (NP=H (CD ) (NNS=H )) (SBAR (S=H (VP=H (VBP=H ) (ADJP (JJ=H )))))))) (. ))),1,92336,"0,0857904463"
"(ROOT (S=H (S (NP (NNS=H )) (VP=H (VBD=H ) (PP (IN=H ) (NP (DT ) (NNP ) (NNP=H ))))) (, ) (NP (NNP=H )) (VP=H (VBP=H ) (ADJP (JJ=H ))) (. )))",1,92337,"0,0857913754"
(ROOT (S=H (NP (ADJP (NNP ) (JJ=H )) (JJ ) (NNS ) (NN ) (NN=H )) (VP=H (VBP=H ) (ADJP (JJ=H ))) (. ))),1,92338,"0,0857923045"
(ROOT (S=H (NP (NP=H (NNP ) (NNP=H )) (PP (IN=H ) (NP (NP=H (NNP=H )) (CC ) (NP (NNP ) (NNP ) (NNPS=H ))))) (VP=H (VBP=H ) (ADJP (JJ=H ))) (. ))),1,92339,"0,0857932337"
(ROOT (S=H (NP (NP=H (NNP=H )) (PP (IN=H ) (NP (NP=H (DT ) (NNP ) (NNP=H )) (PP (IN=H ) (NP (NP=H (NNP=H )) (CC ) (NP (NNP ) (NNP ) (NNPS=H ))))))) (VP=H (VBP=H ) (ADJP (JJ=H ))) (. ))),1,92340,"0,0857941628"
(ROOT (S=H (NP (NAC (NNPS=H ) (PP (IN=H ) (NP (NNP=H )) (. ))) (NNP ) (NNP=H )) (VP=H (VBP=H ) (ADJP (JJ=H ))) (. ))),1,92341,"0,0857950919"
"(ROOT (S=H (S (NP (NNS=H )) (VP=H (VBN=H ) (PP (IN=H ) (NP (NP (PRP$ ) (NN ) (POS=H )) (NNP ) (NNP=H ))))) (, ) (NP (NNP=H )) (VP=H (VBP=H ) (ADJP (JJ=H ))) (. )))",1,92342,"0,085796021"
"(ROOT (S=H (S (NP (NNS=H )) (VP=H (VBN=H ) (PP (IN=H ) (NP (NP (PRP$ ) (NN ) (POS=H )) (NNP=H ))))) (, ) (NP (NNP=H )) (VP=H (VBP=H ) (ADJP (JJ=H ))) (. )))",1,92343,"0,0857969501"
(ROOT (NP=H (NP=H (NNP=H )) (: ) (NP (NP=H (NNP=H )) (SBAR (WHNP=H (WP$=H ) (NN ) (NN )) (S (VP=H (VBP=H ) (ADJP (JJ=H )))))) (. ))),1,92344,"0,0857978792"
"(ROOT (S=H (S (NP=H (NP=H (NNP=H )) (PP (IN=H ) (NP (NP (NNP ) (NNP ) (POS=H )) (NN=H ))))) (, ) (NP (NNP=H )) (VP=H (VBP=H ) (ADJP (JJ=H ))) (. )))",1,92345,"0,0857988083"
(ROOT (S=H (NP (NP=H (NP=H (NNP=H )) (PP (IN=H ) (NP (DT ) (NNP=H )))) (PRN (-LRB- ) (NP=H (NNP ) (NNPS=H )) (-RRB- ))) (VP=H (VBP=H ) (ADJP (JJ=H ))) (. ))),1,92346,"0,0857997374"
(ROOT (S=H (NP (NP=H (NNP=H )) (PP (IN=H ) (NP (DT ) (NNP ) (PRN (-LRB- ) (NP=H (NNP ) (NNPS=H )) (-RRB- )) (NN=H )))) (VP=H (VBP=H ) (ADJP (JJ=H ))) (. ))),1,92347,"0,0858006665"
(ROOT (S=H (NP (NP (NNP ) (NNP ) (NNP=H )) (PRN (-LRB- ) (NNP=H ) (-RRB- )) (NNS=H )) (VP=H (VBP=H ) (ADJP (JJ=H ))) (. ))),1,92348,"0,0858015957"
(ROOT (S=H (NP (NP=H (JJ ) (NN ) (NN=H )) (CC ) (NP (NN ) (NN ) (NN ) (NNS=H ))) (VP=H (VBP=H ) (ADJP (JJ=H ))) (. ))),1,92349,"0,0858025248"
(ROOT (S=H (S (NP=H (NNP ) (POS=H ))) (NP (DT ) (NNS=H )) (VP=H (VBP=H ) (ADJP (JJ=H ))) (. ))),1,92350,"0,0858034539"
(ROOT (S=H (NP (NP=H (NNP ) (NNP ) (NNP=H )) (PP (IN=H ) (NP (DT ) (NNP ) (NNP ) (NN ) (NNS=H )))) (VP=H (VBP=H ) (ADJP (JJ=H ))) (. ))),1,92351,"0,085804383"
(ROOT (S=H (NP (NP=H (NNP ) (NNP ) (NNP=H )) (PP (IN=H ) (NP (DT ) (NNP ) (NN ) (NNS=H )))) (VP=H (VBP=H ) (ADJP (JJ=H ))) (. ))),1,92352,"0,0858053121"
(ROOT (S=H (S (VP=H (VBG=H ) (NP (NNS ) (NNS=H )) (PP (IN=H ) (NP (JJ ) (NN=H ))))) (VP=H (VBP=H ) (ADJP (JJ=H ))) (. ))),1,92353,"0,0858062412"
(ROOT (S=H (NP (NP=H (NNP=H )) (VP (VBG=H ) (NP (NNS=H )) (S (VP=H (VBG=H ) (NP (NN ) (NN=H )))))) (VP=H (VBP=H ) (ADJP (JJ=H ))) (. ))),1,92354,"0,0858071703"
(ROOT (S=H (NP (NP=H (NNP=H )) (VP (VBG=H ) (NP (NNS=H )) (S (VP=H (VBG=H ) (NP (DT ) (NN=H )))))) (VP=H (VBP=H ) (ADJP (JJ=H ))) (. ))),1,92355,"0,0858080994"
(ROOT (S=H (NP (NAC (NNPS=H ) (PP (IN=H ) (NP (DT ) (NNP ) (NNP ) (NNP=H )))) (NN=H )) (VP=H (VBP=H ) (ADJP (JJ=H ))) (. ))),1,92356,"0,0858090285"
"(ROOT (S=H (S (NP (NNS=H )) (ADJP=H (VBN=H ) (PP (IN=H ) (NP (NNP ) (NNP ) (POS=H ))))) (, ) (NP (NNP=H )) (VP=H (VBP=H ) (ADJP (JJ=H ))) (. )))",1,92357,"0,0858099577"
(ROOT (S=H (NP (NP=H (NNP ) (NNP ) (NNP ) (NNPS ) (NNP=H )) (PP (IN=H ) (NP (NN=H )))) (VP=H (VBP=H ) (ADJP (JJ=H ))) (. ))),1,92358,"0,0858108868"
(ROOT (NP=H (NP=H (NNS=H )) (: ) (S (NP (NNP ) (NNP ) (NNP ) (NNP=H )) (VP=H (VBP=H ) (ADJP (JJ=H )))) (. ))),1,92359,"0,0858118159"
(ROOT (S=H (NP (NP=H (NNP ) (NNP=H )) (PRN (-LRB- ) (NP=H (NNP=H )) (-RRB- ))) (VP=H (VBD=H ) (SBAR (S=H (NP (NN ) (NNS=H )) (VP=H (VBP=H ) (ADJP (JJ=H )))))) (. ))),1,92360,"0,085812745"
(ROOT (S=H (NP (NP=H (NNP ) (NNP ) (NNP ) (CC ) (NNP ) (NNP=H )) (PP (IN=H ) (NP (CD=H )))) (VP=H (VBP=H ) (ADJP (JJ=H ))) (. ))),1,92361,"0,0858136741"
(ROOT (S=H (NP (NP=H (NNP ) (NNPS ) (NNP=H )) (VP (VBG=H ) (NP (NN ) (NNS=H )) (PP (IN=H ) (NP (NN ) (NNS=H ))))) (VP=H (VBP=H ) (ADJP (JJ=H ))) (. ))),1,92362,"0,0858146032"
(ROOT (S=H (NP (NP=H (JJ ) (ADJP (JJ=H ) (PRT (RP=H ))) (NN=H )) (PRN (-LRB- ) (NP=H (NP=H (NNP=H )) (PP (IN=H ) (NP (JJ ) (NNS=H )))) (-RRB- ))) (VP=H (VBP=H ) (SBAR (S=H (VP=H (VBP=H ) (ADJP (JJ=H )))))) (. ))),1,92363,"0,0858155323"
(ROOT (S=H (NP (NNP ) (NN=H ) (CC ) (NN )) (VP=H (VBP=H ) (SBAR (S=H (NP (NP=H (NNS=H )) (PP (VBN=H ) (PP (IN=H ) (NP (NNP=H ))))) (VP=H (VBP=H ) (ADJP (JJ=H )))))) (. ))),1,92364,"0,0858164614"
(ROOT (S=H (NP (NP=H (NP (NNP ) (POS=H )) (NNP=H )) (PP (IN=H ) (NP (JJ ) (NNS=H )))) (VP=H (VBP=H ) (ADJP (JJ=H ))) (. ))),1,92365,"0,0858173906"
(ROOT (S=H (NP (NP=H (NNP ) (NNPS ) (NNP ) (NNP ) (NNS=H )) (PP (IN=H ) (NP (JJ ) (CC ) (JJ ) (NN=H )))) (VP=H (VBP=H ) (ADJP (JJ=H ))) (. ))),1,92366,"0,0858183197"
(ROOT (S=H (SBAR (WHADVP=H (WRB=H )) (S (NP (PRP=H )) (VP=H (VBD=H ) (VP (VBN=H ))))) (VP=H (VBP=H ) (ADJP (JJ=H ))) (. ))),1,92367,"0,0858192488"
(ROOT (S=H (NP (ADJP (JJ=H ) (PP (IN=H ) (NP (NP=H (NNP=H )) (PRN (-LRB- ) (NP=H (NN ) (NN=H )) (-RRB- ))))) (NN ) (NNS=H )) (VP=H (VBP=H ) (ADJP (JJ=H ))) (. ))),1,92368,"0,0858201779"
(ROOT (S=H (NP (NNP=H )) (VP=H (VBP=H ) (SBAR (S=H (NP (JJ ) (NNP ) (NNP ) (NNS=H )) (VP=H (VBP=H ) (ADJP (JJ=H )))))) (. ))),1,92369,"0,085821107"
(ROOT (S=H (NP (NNP ) (NNP=H )) (VP=H (VBZ=H ) (SBAR (S=H (NP (NNP ) (NNP ) (NNS=H )) (VP=H (VBP=H ) (ADJP (JJ=H )))))) (. ))),1,92370,"0,0858220361"
(ROOT (NP=H (NP=H (NNP=H )) (: ) (S (NP (ADJP (JJ=H )) (NN ) (NNS=H )) (VP=H (VBP=H ) (ADJP (JJ=H )))) (. ))),1,92371,"0,0858229652"
"(ROOT (S=H (NP (NP=H (NP=H (NNP=H )) (PRN (-LRB- ) (NNP ) (NN=H ) (-RRB- )) (NP (NN ) (NNS=H ))) (, ) (NP (CD=H ))) (VP=H (VBP=H ) (ADJP (JJ=H ))) (. )))",1,92372,"0,0858238943"
(ROOT (S=H (NP (NP (DT ) (NNP=H )) (PRN (-LRB- ) (NP=H (NNP ) (NNP=H )) (-RRB- )) (NNS=H )) (VP=H (VBP=H ) (ADJP (JJ=H ))) (. ))),1,92373,"0,0858248234"
(ROOT (S=H (NP (NP=H (NNP ) (NNP=H )) (CC ) (NP (DT ) (NNP ) (NNPS=H ))) (VP=H (VBP=H ) (ADJP (JJ=H ))) (. ))),1,92374,"0,0858257526"
(ROOT (S=H (NP (NP=H (NNP ) (NNP=H )) (CC ) (NP (NP (DT ) (NNP ) (NNS ) (POS=H )) (NN ) (NNS=H ))) (VP=H (VBP=H ) (ADJP (JJ=H ))) (. ))),1,92375,"0,0858266817"
(ROOT (S=H (NP (NP=H (CD=H )) (PP (IN=H ) (NP (NNP ) (NNPS ) (NNP ) (NNP=H )))) (VP=H (VBP=H ) (ADJP (JJ=H ))) (. ))),1,92376,"0,0858276108"
"(ROOT (S=H (FRAG (NP=H (ADJP (JJ ) (JJ=H )) (JJ ) (NN=H ))) (, ) (NP (NNP ) (NNP=H )) (VP=H (VBP=H ) (ADJP (JJ=H ))) (. )))",1,92377,"0,0858285399"
"(ROOT (S=H (NP (NP=H (JJ ) (NN ) (CC ) (NN ) (NNS=H )) (, ) (NP (NNP ) (NNP=H ))) (VP=H (VBP=H ) (ADJP (JJ=H ))) (. )))",1,92378,"0,085829469"
(ROOT (S=H (NP (NNP=H )) (VP=H (VBZ=H ) (SBAR (S=H (NP (NNP ) (CD ) (NNS=H )) (VP=H (VBP=H ) (ADJP (JJ=H )))))) (. ))),1,92379,"0,0858303981"
(ROOT (S=H (NP (NP=H (JJ ) (JJ ) (NN=H )) (CC ) (NP (JJ ) (NNS=H ))) (VP=H (VBP=H ) (ADJP (JJ=H ))) (. ))),1,92380,"0,0858313272"
"(ROOT (NP=H (NP=H (NNS=H ) (CC ) (NNS )) (: ) (S (NP (NNP ) (, ) (NNP ) (, ) (CC ) (NNP=H )) (VP=H (VBP=H ) (ADJP (JJ=H )))) (. )))",1,92381,"0,0858322563"
(ROOT (S=H (NP (NP=H (JJ ) (NNP ) (NNP=H )) (PRN (-LRB- ) (NP=H (NNP ) (NNPS=H )) (-RRB- ))) (VP=H (VBP=H ) (ADJP (JJ=H ))) (. ))),1,92382,"0,0858331854"
"(ROOT (S=H (NP (NP=H (NNP ) (NNP=H )) (, ) (NP (NNS=H ))) (VP=H (VBP=H ) (ADJP (JJ=H ))) (. )))",1,92383,"0,0858341146"
(ROOT (S=H (NP (ADJP (JJ=H ) (PP (IN=H ) (NP (NNP=H ) (CC ) (NNP )))) (JJ ) (NNS=H )) (VP=H (VBP=H ) (ADJP (JJ=H ))) (. ))),1,92384,"0,0858350437"
(ROOT (S=H (NP (NP (NNP=H )) (PRN (-LRB- ) (NP=H (NNP=H )) (-RRB- )) (NNS=H )) (PP (IN=H ) (NP (NN=H ))) (VP=H (VBP=H ) (ADJP (JJ=H ))) (. ))),1,92385,"0,0858359728"
(ROOT (S=H (NP (NNP=H )) (VP=H (VBD=H ) (SBAR (S=H (NP (NP=H (NNS=H )) (PP (IN=H ) (NP (NP=H (NN=H )) (PP (IN=H ) (NP (NN ) (NNS=H )))))) (VP=H (VBP=H ) (ADJP (JJ=H )))))) (. ))),1,92386,"0,0858369019"
(ROOT (S=H (NP (NP=H (NNP=H )) (PP (IN=H ) (NP (NP (NNP ) (POS=H )) (NNPS ) (NNP ) (NNP=H )))) (VP=H (VBP=H ) (ADJP (JJ=H ))) (. ))),1,92387,"0,085837831"
(ROOT (S=H (NP (NP=H (NNP=H )) (PP (IN=H ) (NP (NP (NN ) (POS=H )) (NNS=H )))) (VP=H (VBP=H ) (ADJP (JJ=H ))) (. ))),1,92388,"0,0858387601"
"(ROOT (S=H (NP (JJ ) (, ) (NN ) (, ) (CC ) (JJ ) (NNS=H )) (VP=H (VBP=H ) (ADJP (JJ=H ))) (. )))",1,92389,"0,0858396892"
(ROOT (S=H (NP-TMP (NN=H )) (PRN (-LRB- ) (NP=H (NN=H )) (-RRB- )) (NP (NNS=H )) (VP=H (VBP=H ) (ADJP (JJ=H ))) (. ))),1,92390,"0,0858406183"
(ROOT (S=H (NP (NP (NNP ) (NNP=H )) (PRN (-LRB- ) (NP=H (NNP ) (NNP ) (NNP ) (NNP=H )) (-RRB- )) (NNS=H )) (VP=H (VBP=H ) (ADJP (JJ=H ))) (. ))),1,92391,"0,0858415475"
(ROOT (S=H (NP (NNP ) (NNP ) (PRN (-LRB- ) (NP=H (NNP ) (NNP ) (NNP ) (NNP=H )) (-RRB- )) (NNP=H )) (VP=H (VBP=H ) (ADJP (JJ=H ))) (. ))),1,92392,"0,0858424766"
(ROOT (S=H (NP (NP=H (NNP=H )) (CC ) (NP (NP=H (JJ ) (JJ ) (NNS=H )) (PP (IN=H ) (NP (NP=H (NNP=H )) (PP (IN=H ) (NP (NN=H ) (CC ) (NN ))))))) (VP=H (VBP=H ) (ADJP (JJ=H ))) (. ))),1,92393,"0,0858434057"
(ROOT (S=H (NP (NP=H (NNP=H )) (PP (IN=H ) (NP (NNP ) (NNPS ) (NNP=H ) (CC ) (NNP )))) (VP=H (VBP=H ) (ADJP (JJ=H ))) (. ))),1,92394,"0,0858443348"
(ROOT (NP=H (NP=H (JJ=H )) (: ) (S (NP (JJ ) (NN=H )) (VP=H (VBP=H ) (ADJP (JJ=H )))) (. ))),1,92395,"0,0858452639"
(ROOT (S=H (NP (NP=H (NNP=H )) (PP (IN=H ) (NP (NNP=H )))) (VP=H (VBP=H ) (SBAR (S=H (NP (NNS=H )) (VP=H (VBP=H ) (ADJP (JJ=H )))))) (. ))),1,92396,"0,085846193"
(ROOT (S=H (NP (NNP=H )) (VP=H (VBP=H ) (SBAR (S=H (NP (NNP ) (NNP ) (NNP ) (NNP ) (NNS=H )) (VP=H (VBP=H ) (ADJP (JJ=H )))))) (. ))),1,92397,"0,0858471221"
(ROOT (NP=H (NP=H (JJ ) (NN=H )) (VP (VBG=H ) (NP (JJ ) (NNS=H )) (SBAR (WHADVP=H (WRB=H )) (S (NP (JJ=H )) (VP=H (VBP=H ) (ADJP (JJ=H )))))) (. ))),1,92398,"0,0858480512"
(ROOT (NP=H (NP=H (NNP=H )) (: ) (S (NP (NP=H (NNP ) (NNP ) (NNP=H )) (PP (IN=H ) (NP (NP=H (DT ) (NNP=H )) (PP (IN=H ) (NP (NNP=H )))))) (VP=H (VBP=H ) (ADJP (JJ=H )))) (. ))),1,92399,"0,0858489803"
(ROOT (S=H (S=H (NP (NNP=H )) (VP=H (VBG=H ) (NP (NP=H (NNS=H )) (PP (IN=H ) (NP (DT ) (NN=H )))))) (: ) (S (NP (NNP ) (NNP ) (NN=H )) (VP=H (VBP=H ) (ADJP (JJ=H )))) (. ))),1,92400,"0,0858499095"
(ROOT (NP=H (NP=H (NP=H (JJ ) (NNS ) (NNS=H )) (PP (IN=H ) (NP (DT ) (NN=H )))) (: ) (NP (NP=H (NNP ) (NNP=H )) (SBAR (S=H (NP (NN=H )) (VP=H (VBP=H ) (ADJP (JJ=H )))))) (. ))),1,92401,"0,0858508386"
(ROOT (S=H (S=H (ADVP (RB=H )) (VP=H (VBG=H ) (NP (NP=H (NNS=H )) (PP (IN=H ) (NP (DT ) (NN=H )))))) (: ) (S (NP (NNP ) (NNP ) (NN=H )) (VP=H (VBP=H ) (ADJP (JJ=H )))) (. ))),1,92402,"0,0858517677"
(ROOT (NP=H (NP=H (NNP=H )) (: ) (NP (NP=H (NNP ) (NNP=H )) (SBAR (S=H (NP (NP=H (JJ ) (NN ) (NNS=H )) (PP (IN=H ) (NP (DT ) (NNP ) (NNPS=H )))) (VP=H (VBP=H ) (ADJP (JJ=H )))))) (. ))),1,92403,"0,0858526968"
(ROOT (NP=H (NP=H (NNP=H )) (: ) (S (NP (NP=H (NN ) (NN ) (NNS=H )) (PP (IN=H ) (NP (NN=H )))) (VP=H (VBP=H ) (ADJP (JJ=H )))) (. ))),1,92404,"0,0858536259"
(ROOT (NP=H (NP=H (NNP=H )) (: ) (S (NP (NP=H (NN ) (NN ) (NNS=H )) (PP (IN=H ) (NP (DT ) (NNP ) (NNPS=H )))) (VP=H (VBP=H ) (ADJP (JJ=H )))) (. ))),1,92405,"0,085854555"
(ROOT (NP=H (NP=H (NNP=H )) (: ) (S (NP (NP=H (JJ ) (NN ) (NNS=H )) (PP (IN=H ) (NP (NN=H )))) (VP=H (VBP=H ) (ADJP (JJ=H )))) (. ))),1,92406,"0,0858554841"
(ROOT (NP=H (NP=H (NNP=H )) (: ) (NP (NP=H (JJ ) (NNS=H )) (SBAR (S=H (NP (NN=H )) (VP=H (VBP=H ) (ADJP (JJ=H )))))) (. ))),1,92407,"0,0858564132"
(ROOT (NP=H (NP=H (NNP=H )) (: ) (S (NP (JJ ) (NNS ) (NNS=H )) (VP=H (VBP=H ) (ADJP (JJ=H )))) (. ))),1,92408,"0,0858573424"
(ROOT (NP=H (NP=H (NNP=H )) (: ) (S (NP (NP=H (JJ ) (NNS ) (NNS=H )) (PP (IN=H ) (NP (NN=H )))) (VP=H (VBP=H ) (ADJP (JJ=H )))) (. ))),1,92409,"0,0858582715"
(ROOT (NP=H (NP=H (NNP ) (NNP ) (NNP=H )) (: ) (S (NP (JJ ) (NNS ) (NNS=H )) (VP=H (VBP=H ) (ADJP (JJ=H )))) (. ))),1,92410,"0,0858592006"
(ROOT (NP=H (NP=H (NN ) (NNS=H )) (: ) (S (NP (JJ ) (NNS ) (NNS=H )) (VP=H (VBP=H ) (ADJP (JJ=H )))) (. ))),1,92411,"0,0858601297"
(ROOT (S=H (NP (NNP ) (NNP ) (NNP ) (NNP ) (NNPS ) (NNP ) (NN=H )) (VP=H (VBP=H ) (ADJP (JJ=H ))) (. ))),1,92412,"0,0858610588"
(ROOT (S=H (NP (JJ ) (ADJP (JJ=H ) (PP (IN=H ) (NP (DT ) (NNP ) (NNP ) (NNP=H )))) (NNS=H )) (VP=H (VBP=H ) (ADJP (JJ=H ))) (. ))),1,92413,"0,0858619879"
(ROOT (S=H (NP (NNP=H )) (VP=H (VBD=H ) (SBAR (S=H (NP (NP=H (JJ ) (NNS=H )) (PP (IN=H ) (NP (NNP ) (NNP=H )))) (VP=H (VBP=H ) (ADJP (JJ=H )))))) (. ))),1,92414,"0,085862917"
(ROOT (S=H (NP (NP=H (CD=H )) (PP (IN=H ) (NP (NP (NNP ) (NNS ) (POS=H )) (NN=H )))) (VP=H (VBP=H ) (ADJP (JJ=H ))) (. ))),1,92415,"0,0858638461"
(ROOT (S=H (NP (NP=H (JJ ) (NN=H )) (PP (IN=H ) (NP (NP=H (JJ ) (NNS=H )) (VP (VBN=H ) (PP (IN=H ) (NP (NN=H ))))))) (VP=H (VBP=H ) (ADJP (JJ=H ))) (. ))),1,92416,"0,0858647752"
(ROOT (S=H (PP (VBN=H ) (NP (NNP=H ) (CC ) (NNP ))) (: ) (NP (NN ) (NNS=H )) (VP=H (VBP=H ) (ADJP (JJ=H ))) (. ))),1,92417,"0,0858657044"
"(ROOT (S=H (S (NP (NNS=H )) (VP=H (VBN=H ) (PP (IN=H ) (NP (NP=H (NNP=H )) (PP (IN=H ) (NP (NNP=H ))))))) (, ) (NP (NNP=H )) (VP=H (VBP=H ) (ADJP (JJ=H ))) (. )))",1,92418,"0,0858666335"
(ROOT (S=H (NP (NP=H (NP=H (NNP=H )) (PP (TO=H ) (NP (NNP ) (NNPS=H )))) (PRN (-LRB- ) (ADJP=H (JJ=H )) (-RRB- ))) (VP=H (VBP=H ) (ADJP (JJ=H ))) (. ))),1,92419,"0,0858675626"
(ROOT (S=H (NP (NP=H (NN=H ) (CC ) (NN )) (PP (VBN=H ) (PP (IN=H ) (NP (NNS=H ))))) (VP=H (VBP=H ) (ADJP (JJ=H ))) (. ))),1,92420,"0,0858684917"
(ROOT (S=H (NP (NP=H (NP (NNP ) (POS=H )) (NNP=H )) (PP (IN=H ) (NP (NNP ) (NNPS ) (NN=H ) (NP (NNS=H )))) (PP (TO=H ) (NP (NNS=H )))) (VP=H (VBP=H ) (ADJP (JJ=H ))) (. ))),1,92421,"0,0858694208"
(ROOT (S=H (PP (IN=H ) (NP (NNP=H ))) (PRN (-LRB- ) (VP=H (VB=H )) (-RRB- )) (NP (NNS=H )) (VP=H (VBP=H ) (ADJP (JJ=H ))) (. ))),1,92422,"0,0858703499"
(ROOT (S=H (PP (IN=H ) (NP (NNP=H ))) (PRN (-LRB- ) (VP=H (VB=H )) (-RRB- )) (NP (NNP=H )) (VP=H (VBP=H ) (ADJP (JJ=H ))) (. ))),1,92423,"0,085871279"
(ROOT (S=H (NP (NP=H (NNP ) (NNP=H )) (PP (IN=H ) (NP (DT ) (NNP ) (NNPS ) (NNP ) (NNP=H ))) (PP (IN=H ) (NP (NP=H (NNP ) (NNP=H )) (CC ) (NP (DT ) (NNP=H ))))) (VP=H (VBP=H ) (ADJP (JJ=H ))) (. ))),1,92424,"0,0858722081"
(ROOT (FRAG=H (NP (PRP$ ) (JJ ) (NN=H )) (: ) (S=H (NP (NNP ) (NNP ) (NNP=H )) (VP=H (VBP=H ) (ADJP (JJ=H )))) (. ))),1,92425,"0,0858731372"
(ROOT (S=H (NP (NP=H (NNP=H )) (CC ) (NP (NNS=H ))) (VP=H (VBP=H ) (SBAR (S=H (NP (VBN ) (NNS=H )) (VP=H (VBP=H ) (ADJP (JJ=H )))))) (. ))),1,92426,"0,0858740664"
(ROOT (S=H (NP (NP=H (NP=H (NNP ) (NNPS ) (JJ ) (NNS=H )) (NP (NNS=H ))) (VP (VBG=H ) (NP (NNS=H )))) (VP=H (VBP=H ) (ADJP (JJ=H ))) (. ))),1,92427,"0,0858749955"
(ROOT (S=H (NP (NNP ) (NNP ) (NNP ) (CC ) (NNP ) (NN ) (NNS=H )) (VP=H (VBP=H ) (ADJP (JJ=H ))) (. ))),1,92428,"0,0858759246"
(ROOT (S=H (NP (NNP=H ) (CD )) (VP=H (VBD=H ) (SBAR (S=H (NP (JJ ) (NNS=H )) (VP=H (VBP=H ) (ADJP (JJ=H )))))) (. ))),1,92429,"0,0858768537"
(ROOT (S=H (NP (JJ ) (ADJP (ADJP=H (JJR=H )) (PRN (-LRB- ) (NP=H (NN=H )) (-RRB- ))) (NNS=H )) (VP=H (VBP=H ) (ADJP (JJ=H ))) (. ))),1,92430,"0,0858777828"
(ROOT (S=H (NP (NP=H (NNP=H )) (NP (`` ) (JJ ) ('' ) (NNS=H ))) (VP=H (VBP=H ) (ADJP (JJ=H ))) (. ))),1,92431,"0,0858787119"
(ROOT (S=H (NP (NP=H (NNP=H )) (NP (`` ) (NN ) ('' ) (NNS=H ))) (VP=H (VBP=H ) (ADJP (JJ=H ))) (. ))),1,92432,"0,085879641"
(ROOT (S=H (NP (NP=H (NNP=H )) (CC ) (NP (NP=H (NN ) (NNS=H )) (VP (VBN=H ) (PP (IN=H ) (NP (DT ) (NNP ) (NNP ) (NNPS=H )))))) (VP=H (VBP=H ) (ADJP (JJ=H ))) (. ))),1,92433,"0,0858805701"
(ROOT (S=H (NP (NP=H (NNP=H )) (CC ) (NP (NP=H (NN ) (NNS=H )) (VP (VBN=H ) (PP (IN=H ) (NP (DT ) (NNP ) (NNP=H )))))) (VP=H (VBP=H ) (ADJP (JJ=H ))) (. ))),1,92434,"0,0858814993"
(ROOT (S=H (NP (NP=H (NNP ) (NNP=H )) (CC ) (NP (DT ) (JJ ) (JJ ) (NNS=H ))) (VP=H (VBP=H ) (ADJP (JJ=H ))) (. ))),1,92435,"0,0858824284"
"(ROOT (S=H (S (NP (NNS=H )) (VP=H (VBN=H ) (PP (IN=H ) (NP (NP (NNP ) (NNP ) (NNP ) (POS=H )) (NNP ) (NNP=H ))))) (, ) (NP (NNP=H )) (VP=H (VBP=H ) (ADJP (JJ=H ))) (. )))",1,92436,"0,0858833575"
"(ROOT (S=H (S (NP (NNS=H )) (VP=H (VBN=H ) (PP (IN=H ) (NP (NP (DT ) (NN ) (POS=H )) (NNP=H ))))) (, ) (NP (NNP=H )) (VP=H (VBP=H ) (ADJP (JJ=H ))) (. )))",1,92437,"0,0858842866"
"(ROOT (S=H (S (NP (NNS=H )) (VP=H (VBN=H ) (PP (IN=H ) (NP (NP (NNP ) (NNP ) (POS=H )) (NNP ) (NNP=H ))))) (, ) (NP (NNP ) (NNP=H )) (VP=H (VBP=H ) (ADJP (JJ=H ))) (. )))",1,92438,"0,0858852157"
(ROOT (S=H (ADVP (RB=H ) (PP (TO=H ) (NP (NNP=H )))) (NP (NNS=H )) (VP=H (VBP=H ) (ADJP (JJ=H ))) (. ))),1,92439,"0,0858861448"
(ROOT (S=H (NP (NP=H (JJ ) (NN=H )) (VP (VBG=H ) (NP (NNS=H )) (PP (IN=H ) (NP (NN=H ))))) (VP=H (VBP=H ) (ADJP (JJ=H ))) (. ))),1,92440,"0,0858870739"
"(ROOT (NP=H (NP=H (NNP ) (NNP=H )) (: ) (NP (NP=H (NNPS ) (, ) (NNPS=H ) (CC ) (NNPS )) (SBAR (S=H (VP=H (VBP=H ) (ADJP (JJ=H )))))) (. )))",1,92441,"0,085888003"
(ROOT (S=H (NP (NP (NNP ) (NNP ) (NNP ) (JJ ) (NNS ) (POS=H )) (JJ ) (NNS=H )) (VP=H (VBP=H ) (ADJP (JJ=H ))) (. ))),1,92442,"0,0858889321"
(ROOT (S=H (S=H (NP (PRP=H )) (VP=H (MD=H ) (VP (VB=H )))) (: ) (S (NP (NNP ) (NNP ) (NNP=H ) (. )) (VP=H (VBP=H ) (ADJP (JJ=H )))) (. ))),1,92443,"0,0858898613"
(ROOT (S=H (NP (NP=H (CD ) (JJ ) (NN ) (NN=H )) (PP (IN=H ) (NP (NNS=H )))) (VP=H (VBP=H ) (ADJP (JJ=H ))) (. ))),1,92444,"0,0858907904"
(ROOT (S=H (NP (NNP ) (NNP=H )) (SBAR=H (X (SYM=H )) (S=H (NP (NP=H (VBN ) (NNS=H )) (PP (IN=H ) (NP (NP=H (DT ) (NN=H )) (PP (IN=H ) (NP (NNP=H )))))) (VP=H (VBP=H ) (ADJP (JJ=H ))))) (. ))),1,92445,"0,0858917195"
(ROOT (S=H (NP (NNP ) (NNP ) (NNP ) (NNPS ) (NNP ) (NNP ) (NNP=H )) (VP=H (VBP=H ) (ADJP (JJ=H ))) (. ))),1,92446,"0,0858926486"
(ROOT (S=H (NP (NP=H (NNP ) (NNPS ) (NNP=H )) (PP (IN=H ) (NP (NP=H (NNP ) (NNP=H )) (: ) (NP (NNP ) (NNP ) (NNP=H ))))) (VP=H (VBP=H ) (ADJP (JJ=H ))) (. ))),1,92447,"0,0858935777"
(ROOT (S=H (NP (NP=H (NNP ) (NNPS ) (NNP=H )) (PP (IN=H ) (NP (NN=H ) (CD )))) (VP=H (VBP=H ) (ADJP (JJ=H ))) (. ))),1,92448,"0,0858945068"
(ROOT (S=H (NP (NP=H (NNP ) (NN ) (CC ) (VBN ) (NNS=H )) (PP (IN=H ) (NP (NNP=H )))) (VP=H (VBP=H ) (ADJP (JJ=H ))) (. ))),1,92449,"0,0858954359"
(ROOT (S=H (NP (NP (NNP ) (NNP ) (POS=H )) (NNP ) (NNP ) (NNPS ) (NN=H )) (VP=H (VBP=H ) (ADJP (JJ=H ))) (. ))),1,92450,"0,085896365"
(ROOT (S=H (NP (NP=H (NN=H )) (PP (IN=H ) (NP (NP=H (NNS=H )) (PP (IN=H ) (NP (NP=H (NNS ) (NNS=H )) (PP (TO=H ) (NP (DT ) (NNPS=H )))))))) (VP=H (VBP=H ) (ADJP (JJ=H ))) (. ))),1,92451,"0,0858972941"
(ROOT (S=H (NP (NP=H (JJ ) (JJ ) (CC ) (NN ) (NNS=H )) (PP (IN=H ) (NP (NNP=H )))) (VP=H (VBP=H ) (ADJP (JJ=H ))) (. ))),1,92452,"0,0858982233"
(ROOT (S=H (NP (NP=H (NNP ) (NNP=H )) (PP (IN=H ) (NP (NP=H (NP (DT ) (NNS ) (POS=H )) (NNP=H )) (PP (IN=H ) (NP (NNP=H ) (CC ) (NNP )))))) (VP=H (VBP=H ) (ADJP (JJ=H ))) (. ))),1,92453,"0,0858991524"
(ROOT (S=H (S (NP (NNP=H )) (VP=H (VBD=H ) (NP (NNS=H )) (ADVP (RB=H )))) (NP (PRP=H )) (VP=H (VBD=H ) (SBAR (S=H (-LRB- ) (NP (NNP ) (NNP=H )) (-RRB- ) (VP=H (VBP=H ) (ADJP (JJ=H )))))) (. ))),1,92454,"0,0859000815"
(ROOT (S=H (NP (NNP=H )) (VP=H (VBD=H ) (NP (NP=H (NNS=H )) (ADVP (RB=H )) (SBAR (S=H (NP (PRP=H )) (VP=H (VB=H ) (NP (NP=H (PRN (-LRB- ) (NP=H (NNP ) (NN=H )) (-RRB- )) (JJ ) (NN=H )) (SBAR (S=H (VP=H (VBP=H ) (ADJP (JJ=H ))))))))))) (. ))),1,92455,"0,0859010106"
(ROOT (S=H (NP (NP (NNP=H ) (CD )) (PRN (-LRB- ) (NP=H (NN ) (NN=H )) (-RRB- )) (NNS=H )) (VP=H (VBP=H ) (ADJP (JJ=H ))) (. ))),1,92456,"0,0859019397"
(ROOT (S=H (NP (NP=H (NNP ) (NN=H )) (PP (IN=H ) (NP (DT ) (NNP ) (NNPS ) (NNP=H )))) (VP=H (VBP=H ) (ADJP (JJ=H ))) (. ))),1,92457,"0,0859028688"
(ROOT (S=H (NP (NP=H (NNP=H ) (CD )) (PRN (-LRB- ) (NP=H (NN ) (NN=H )) (-RRB- ))) (VP=H (VBD=H ) (SBAR (S=H (NP (NNS=H )) (VP=H (VBP=H ) (ADJP (JJ=H )))))) (. ))),1,92458,"0,0859037979"
(ROOT (S=H (NP (NP=H (NNP ) (NNP=H )) (PP (IN=H ) (NP (NP=H (DT ) (NNP=H )) (PP (IN=H ) (NP (DT ) (NNS=H )))))) (VP=H (VBP=H ) (ADJP (JJ=H ))) (. ))),1,92459,"0,085904727"
"(ROOT (S=H (S (NP (NNS=H )) (VP=H (VBN=H ) (PP (IN=H ) (NP (NP=H (NNP ) (NNP ) (NNP ) (NNP ) (NNP=H )) (PP (IN=H ) (NP (NNP=H ))))))) (, ) (NP (NNP=H )) (VP=H (VBP=H ) (ADJP (JJ=H ))) (. )))",1,92460,"0,0859056562"
"(ROOT (S=H (S (NP (NNS=H )) (VP=H (VBN=H ) (PP (IN=H ) (NP (NNP ) (NNP ) (NNP=H ))))) (, ) (NP (NNP ) (NNP=H )) (VP=H (VBP=H ) (ADJP (JJ=H ))) (. )))",1,92461,"0,0859065853"
"(ROOT (S=H (S (NP (NNS=H )) (VP=H (VBN=H ) (PP (IN=H ) (NP (NNP ) (NNPS ) (NNP=H ))))) (, ) (NP (NNP=H )) (VP=H (VBP=H ) (ADJP (JJ=H ))) (. )))",1,92462,"0,0859075144"
"(ROOT (S=H (S (NP (NNS=H )) (VP=H (VBN=H ) (PP (IN=H ) (NP (NP (NNP ) (NNP ) (POS=H )) (NP (NNP ) (NNP ) (POS=H )) (NNP ) (NNP=H ))))) (, ) (NP (NNP=H )) (VP=H (VBP=H ) (ADJP (JJ=H ))) (. )))",1,92463,"0,0859084435"
(ROOT (S=H (NP (NP (CD=H )) (PRN (-LRB- ) (NP=H (NNP ) (NNP=H )) (-RRB- )) (NNS=H )) (VP=H (VBP=H ) (ADJP (JJ=H ))) (. ))),1,92464,"0,0859093726"
(ROOT (S=H (VP=H (VB=H ) (NP (PRP$ ) (JJ ) (NN=H )) (SBAR (S=H (NP (NN ) (NNS=H )) (VP=H (VBP=H ) (ADJP (JJ=H )))))) (. ))),1,92465,"0,0859103017"
(ROOT (S=H (NP (NP=H (NNP=H )) (PP (IN=H ) (NP (NNP ) (NNP ) (NN ) (NN ) (NNS ) (NNS=H )))) (VP=H (VBP=H ) (ADJP (JJ=H ))) (. ))),1,92466,"0,0859112308"
(ROOT (S=H (NP (NP=H (JJ ) (NN=H )) (NP (JJ ) (NN ) (NN ) (NN ) (NNS=H ))) (VP=H (VBP=H ) (ADJP (JJ=H ))) (. ))),1,92467,"0,0859121599"
(ROOT (S=H (NP (NP (NNP=H ) (CD )) (PRN (-LRB- ) (NP=H (NP=H (NNP ) (NNP=H )) (NP (NN=H ))) (-RRB- )) (NNS=H )) (VP=H (VBP=H ) (ADJP (JJ=H ))) (. ))),1,92468,"0,085913089"
(ROOT (S=H (NP (NP=H (NNP=H )) (VP (VBN=H ) (ADJP (JJ=H )) (PP (IN=H ) (NP (JJ ) (NNS=H ))))) (VP=H (VBP=H ) (ADJP (JJ=H ))) (. ))),1,92469,"0,0859140182"
(ROOT (S=H (NP (NP=H (JJ ) (NN=H )) (VP (VBN=H ) (PP (IN=H ) (NP (NNS=H ))))) (VP=H (VBP=H ) (ADJP (JJ=H ))) (. ))),1,92470,"0,0859149473"
(ROOT (S=H (NP (NNP ) (NNP=H )) (PRN (-LRB- ) (NP=H (CD ) (NN ) (NN=H )) (-RRB- )) (NP (NN ) (NNS=H )) (VP=H (VBP=H ) (ADJP (JJ=H ))) (. ))),1,92471,"0,0859158764"
(ROOT (S=H (NP (NP=H (NNP=H )) (VP (VBN=H ) (PP (IN=H ) (NP (DT ) (NNP ) (NNPS=H ))) (PP (IN=H ) (NP (NNP=H ))))) (VP=H (VBP=H ) (ADJP (JJ=H ))) (. ))),1,92472,"0,0859168055"
(ROOT (S=H (NP (NP (NNP ) (CC ) (NNP ) (NNP ) (NNS ) (POS=H )) (NNS=H )) (VP=H (VBP=H ) (ADJP (JJ=H ))) (. ))),1,92473,"0,0859177346"
(ROOT (S=H (NP (NP=H (NNP=H )) (PP (IN=H ) (NP (DT ) (NNP ) (NNPS ) (CC ) (NNP ) (NNP ) (NN=H )))) (VP=H (VBP=H ) (ADJP (JJ=H ))) (. ))),1,92474,"0,0859186637"
(ROOT (S=H (NP (NNP=H )) (VP=H (VBD=H ) (SBAR (S=H (NP (NP=H (NP=H (NNS=H )) (PP (IN=H ) (NP (NNP ) (NNP ) (NN ) (NNS=H )))) (PRN (-LRB- ) (NP=H (NNP ) (NNP=H )) (-RRB- ))) (VP=H (VBP=H ) (ADJP (JJ=H )))))) (. ))),1,92475,"0,0859195928"
"(ROOT (S=H (NP (NP=H (NNP ) (NNP ) (NNP=H )) (, ) (NP (ADJP (NNP=H )) (NNS=H ))) (VP=H (VBP=H ) (ADJP (JJ=H ))) (. )))",1,92476,"0,0859205219"
(ROOT (S=H (NP (NP=H (NNP=H )) (NP (RB ) (CD ) (NNS=H ))) (VP=H (VBP=H ) (ADJP (JJ=H ))) (. ))),1,92477,"0,085921451"
(ROOT (S=H (NP (NNP ) (NNP ) (NNP=H )) (SBAR=H (IN=H ) (S (NP (NNS=H )) (VP=H (VBP=H ) (ADJP (JJ=H ))))) (. ))),1,92478,"0,0859223802"
(ROOT (S=H (NP (NP=H (NNP=H )) (PP (IN=H ) (NP (NNP ) (NNP ) (NNP ) (NNP ) (CC ) (NNP ) (NNS=H )))) (VP=H (VBP=H ) (ADJP (JJ=H ))) (. ))),1,92479,"0,0859233093"
"(ROOT (S=H (NP (NP (NNP ) (NNP ) (POS=H )) (NNP ) (PRN (-LRB- ) (NP=H (NNP=H )) (, ) (NP (NNP ) (NNP=H )) (-RRB- )) (NNP=H )) (VP=H (VBP=H ) (ADJP (JJ=H ))) (. )))",1,92480,"0,0859242384"
(ROOT (S=H (NP (NNP ) (NNPS ) (NNS=H )) (PP (IN=H ) (NP (JJ ) (NN=H ))) (VP=H (VBP=H ) (ADJP (JJ=H ))) (. ))),1,92481,"0,0859251675"
(ROOT (S=H (NP (NP=H (NNP ) (JJ ) (NNS ) (NNS=H )) (PP (IN=H ) (NP (NNP ) (NNP ) (JJ ) (NN ) (NNS=H )))) (VP=H (VBP=H ) (ADJP (JJ=H ))) (. ))),1,92482,"0,0859260966"
(ROOT (S=H (NP (NP=H (NNP ) (JJ ) (NNS ) (NNS=H )) (PP (IN=H ) (NP (NNP ) (NNP ) (JJ ) (NN ) (NNS=H )))) (VP=H (VBD=H ) (SBAR (S=H (NP (NN=H )) (VP=H (VBP=H ) (ADJP (JJ=H )))))) (. ))),1,92483,"0,0859270257"
(ROOT (FRAG=H (NP (NNP=H )) (: ) (S=H (NP (DT ) (VBG ) (JJ ) (NNS=H )) (VP=H (VBP=H ) (ADJP (JJ=H )))) (. ))),1,92484,"0,0859279548"
(ROOT (S=H (NP (NP=H (NNP ) (NNP ) (NNP=H )) (VP (VBG=H ) (PP (IN=H ) (NP (NN ) (NN ) (NNS=H ))))) (VP=H (VBP=H ) (ADJP (JJ=H ))) (. ))),1,92485,"0,0859288839"
(ROOT (S=H (NP (NP=H (NNP ) (NNP ) (NN ) (NN=H )) (PP (IN=H ) (NP (NN ) (NN ) (NNS=H )))) (VP=H (VBP=H ) (ADJP (JJ=H ))) (. ))),1,92486,"0,0859298131"
(ROOT (S=H (NP (NP=H (NNP=H )) (CC ) (NP (DT ) (NNP ) (NNP ) (JJ ) (NNS=H ))) (VP=H (VBP=H ) (ADJP (JJ=H ))) (. ))),1,92487,"0,0859307422"
(ROOT (S=H (NP (NP=H (NNP=H )) (CC ) (NP (DT ) (NNP ) (NNP ) (NN ) (NNS=H ))) (VP=H (VBP=H ) (ADJP (JJ=H ))) (. ))),1,92488,"0,0859316713"
(ROOT (NP=H (NP=H (NNP=H )) (: ) (S (NP (NP=H (JJ ) (NN=H )) (PP (IN=H ) (NP (NNP=H )))) (VP=H (VBP=H ) (ADJP (JJ=H )))) (. ))),1,92489,"0,0859326004"
(ROOT (S=H (NP (NP=H (NP=H (NNP=H )) (PP (IN=H ) (NP (DT ) (NNP ) (NNPS=H )))) (PRN (-LRB- ) (NP=H (NN=H )) (-RRB- )) (PP (IN=H ) (NP (NN=H )))) (VP=H (VBP=H ) (ADJP (JJ=H ))) (. ))),1,92490,"0,0859335295"
(ROOT (S=H (NP (NP=H (NP=H (NP (NNPS ) (POS=H )) (NNS=H )) (PP (IN=H ) (NP (DT ) (NNP ) (NNPS=H )))) (PRN (-LRB- ) (NP=H (NN=H )) (-RRB- ))) (VP=H (VBP=H ) (ADJP (JJ=H ))) (. ))),1,92491,"0,0859344586"
(ROOT (NP=H (NP=H (NNP=H ) (CC ) (NNP )) (: ) (S (NP (NP=H (DT ) (NNP ) (NNP=H )) (PP (IN=H ) (NP (NNP=H )))) (VP=H (VBP=H ) (ADJP (JJ=H )))) (. ))),1,92492,"0,0859353877"
(ROOT (S=H (NP (NP=H (NNP ) (NNP=H )) (PP (IN=H ) (NP (NP=H (DT ) (NN=H )) (PP (IN=H ) (NP (DT ) (JJ ) (NNP ) (NNS=H )))))) (VP=H (VBP=H ) (ADJP (JJ=H ))) (. ))),1,92493,"0,0859363168"
(ROOT (S=H (NP (NP=H (NNP=H )) (SBAR (S=H (NP (PRP=H )) (VP=H (VBD=H ) (NP (NNS=H )) (PP (IN=H ) (NP (NN=H ))))))) (VP=H (VBP=H ) (ADJP (JJ=H ))) (. ))),1,92494,"0,0859372459"
(ROOT (NP=H (NP=H (NP=H (NNP ) (NNS=H )) (PP (IN=H ) (NP (DT ) (JJ=H )))) (: ) (S (NP (NNP ) (NNP=H )) (VP=H (VBP=H ) (ADJP (JJ=H )))) (. ))),1,92495,"0,0859381751"
(ROOT (NP=H (NP=H (JJ=H )) (: ) (S (NP (NNP ) (NNP=H )) (VP=H (VBP=H ) (ADJP (JJ=H )))) (. ))),1,92496,"0,0859391042"
(ROOT (NP=H (NP=H (NP=H (NNS=H )) (PP (IN=H ) (NP (DT ) (JJ=H )))) (: ) (S (NP (NNP ) (NNP=H )) (VP=H (VBP=H ) (ADJP (JJ=H )))) (. ))),1,92497,"0,0859400333"
(ROOT (S=H (NP (NP (NNPS=H )) (PRN (-LRB- ) (NP=H (NNP=H )) (-RRB- )) (NNS=H )) (VP=H (VBP=H ) (ADJP (JJ=H ))) (. ))),1,92498,"0,0859409624"
(ROOT (S=H (NP (NP=H (NP (NNPS ) (POS=H )) (NNS=H )) (PP (IN=H ) (NP (NP=H (DT ) (NNP ) (NNP=H )) (PP (IN=H ) (NP (NNP=H )))))) (VP=H (VBP=H ) (ADJP (JJ=H ))) (. ))),1,92499,"0,0859418915"
(ROOT (S=H (NP (NP=H (NP (NNPS ) (POS=H )) (NNS=H )) (PP (IN=H ) (NP (NNP=H ) (CC ) (NNP )))) (VP=H (VBP=H ) (ADJP (JJ=H ))) (. ))),1,92500,"0,0859428206"
"(ROOT (S=H (NP (NP=H (NNP ) (, ) (NNP ) (NNP=H ) (CC ) (NNP )) (NP (NNS=H ))) (VP=H (VBP=H ) (ADJP (JJ=H ))) (. )))",1,92501,"0,0859437497"
(ROOT (S=H (NP (NP=H (NNP ) (NN=H )) (PP (IN=H ) (NP (NNP ) (NNP ) (NNPS=H )))) (VP=H (VBP=H ) (ADJP (JJ=H ))) (. ))),1,92502,"0,0859446788"
(ROOT (S=H (NP (NP=H (JJ ) (NN=H )) (PP (IN=H ) (NP (JJS ) (JJ ) (NNS=H ))) (PP (IN=H ) (NP (NNP=H )))) (VP=H (VBP=H ) (ADJP (JJ=H ))) (. ))),1,92503,"0,085945608"
(ROOT (S=H (NP (NP (NNP ) (NNP ) (NNPS ) (POS=H )) (NNP ) (NN ) (NNS=H )) (VP=H (VBP=H ) (ADJP (JJ=H ))) (. ))),1,92504,"0,0859465371"
(ROOT (S=H (NP (NP=H (NNP=H )) (PP (IN=H ) (NP (DT ) (NNP ) (NNPS ) (CC ) (NNP ) (NN ) (NN ) (NNS=H )))) (VP=H (VBP=H ) (ADJP (JJ=H ))) (. ))),1,92505,"0,0859474662"
(ROOT (S=H (NP (NP (DT ) (NNP ) (NNPS=H )) (PRN (-LRB- ) (NP=H (NNP ) (NNP=H )) (-RRB- )) (NNS=H )) (VP=H (VBP=H ) (ADJP (JJ=H ))) (. ))),1,92506,"0,0859483953"
(ROOT (S=H (NP (NP=H (NNP=H )) (PP (TO=H ) (NP (NNP ) (NNPS ) (NNP ) (NNP=H )))) (VP=H (VBP=H ) (ADJP (JJ=H ))) (. ))),1,92507,"0,0859493244"
(ROOT (S=H (NP (NNP ) (NNP ) (NNP ) (NNP ) (NN=H )) (VP=H (VBD=H ) (SBAR (S=H (NP (NNS=H )) (VP=H (VBP=H ) (ADJP (JJ=H )))))) (. ))),1,92508,"0,0859502535"
(ROOT (S=H (NP (NP=H (NNP ) (NNP=H )) (PP (IN=H ) (NP (NP=H (NNPS=H )) (PP (IN=H ) (NP (NP=H (NNP ) (NNP=H )) (CC ) (NP (NNP ) (NNP=H ))))))) (VP=H (VBP=H ) (ADJP (JJ=H ))) (. ))),1,92509,"0,0859511826"
(ROOT (S=H (NP (NP=H (NNP ) (NNPS ) (NNP=H )) (PRN (-LRB- ) (NP=H (ADVP (JJ=H )) (NNP=H )) (-RRB- ))) (VP=H (VBP=H ) (ADJP (JJ=H ))) (. ))),1,92510,"0,0859521117"
(ROOT (S=H (NP (NP=H (NNP=H )) (PP (IN=H ) (NP (NP (DT ) (NNPS ) (POS=H )) (NNP=H )))) (VP=H (VBP=H ) (ADJP (JJ=H ))) (. ))),1,92511,"0,0859530408"
(ROOT (S=H (NP (NP=H (NNP=H )) (PP (IN=H ) (NP (NP=H (NNP ) (NNP=H )) (PP (IN=H ) (NP (NNP ) (CC ) (NNP ) (NNP ) (NNS=H )))))) (VP=H (VBP=H ) (ADJP (JJ=H ))) (. ))),1,92512,"0,08595397"
(ROOT (S=H (NP (NP=H (NNP=H )) (PP (IN=H ) (NP (NP=H (NNP ) (NNP=H )) (PP (IN=H ) (NP (JJ ) (NN ) (NNS=H )))))) (VP=H (VBP=H ) (ADJP (JJ=H ))) (. ))),1,92513,"0,0859548991"
(ROOT (S=H (NP (NP (ADJP (JJ ) (JJ=H )) (NNS ) (POS=H )) (NNS=H )) (VP=H (VBP=H ) (ADJP (JJ=H ))) (. ))),1,92514,"0,0859558282"
(ROOT (S=H (NP (NP=H (NNP=H )) (PP (IN=H ) (NP (NP (NNP ) (NNS ) (POS=H )) (NN ) (NNS=H )))) (VP=H (VBP=H ) (ADJP (JJ=H ))) (. ))),1,92515,"0,0859567573"
(ROOT (S=H (NP (NP=H (NNP ) (NNPS ) (CC ) (NNP ) (NNS=H )) (PP (TO=H ) (NP (DT ) (NNP ) (NNP=H )))) (VP=H (VBP=H ) (ADJP (JJ=H ))) (. ))),1,92516,"0,0859576864"
(ROOT (S=H (NP (NP=H (NNP ) (CC ) (NNP ) (NNP ) (NNP=H )) (PP (IN=H ) (NP (NNP ) (NNP ) (NNS=H )))) (VP=H (VBP=H ) (ADJP (JJ=H ))) (. ))),1,92517,"0,0859586155"
(ROOT (S=H (NP (NP=H (NNP=H )) (CC ) (NP (NP=H (NN ) (NNS ) (NNS=H )) (VP (VBG=H ) (NP (NN ) (NN=H ))))) (VP=H (VBP=H ) (ADJP (JJ=H ))) (. ))),1,92518,"0,0859595446"
(ROOT (S=H (NP (NP=H (JJ ) (JJ ) (CC ) (NNP ) (NNS=H )) (ADJP (JJ=H ) (PP (TO=H ) (NP (NNP=H ))))) (PP (IN=H ) (NP (NNP=H ))) (VP=H (VBP=H ) (ADJP (JJ=H ))) (. ))),1,92519,"0,0859604737"
"(ROOT (S=H (NP (NP=H (JJ ) (JJ ) (NN ) (NNS ) (, ) (NNS=H ) (CC ) (NNS )) (PP (IN=H ) (NP (NNP ) (NNP=H )))) (VP=H (VBP=H ) (ADJP (JJ=H ))) (. )))",1,92520,"0,0859614028"
(ROOT (S=H (NP (NP=H (NNP=H )) (VP (VBG=H ) (PP (IN=H ) (NP (NP=H (NN=H )) (PP (IN=H ) (NP (DT ) (NNP ) (NNPS=H ))))))) (VP=H (VBP=H ) (ADJP (JJ=H ))) (. ))),1,92521,"0,085962332"
(ROOT (S=H (NP (NP=H (NNP ) (NNP ) (NNP ) (NNP ) (NNS ) (NNS=H )) (PP (TO=H ) (NP (NNS=H )))) (VP=H (VBP=H ) (ADJP (JJ=H ))) (. ))),1,92522,"0,0859632611"
(ROOT (S=H (NP (NP=H (DT ) (NNP ) (NNP ) (NNS ) (NNS=H )) (PP (TO=H ) (NP (NNS=H )))) (VP=H (VBP=H ) (ADJP (JJ=H ))) (. ))),1,92523,"0,0859641902"
(ROOT (S=H (NP (NP=H (NNP ) (NNP ) (NNS ) (NN=H )) (PP (TO=H ) (NP (NNS=H )))) (VP=H (VBP=H ) (ADJP (JJ=H ))) (. ))),1,92524,"0,0859651193"
(ROOT (NP=H (NP=H (NNP ) (NNP=H )) (: ) (S (NP (NNP ) (NNP ) (NNP ) (NN ) (NNS=H )) (VP=H (VBP=H ) (ADJP (JJ=H )))) (. ))),1,92525,"0,0859660484"
(ROOT (NP=H (NP=H (NP=H (NNS=H )) (PP (IN=H ) (NP (JJ ) (NN=H )))) (: ) (NP (NP=H (NNP ) (NNP ) (NNP ) (NNP=H )) (SBAR (S=H (NP (NNP ) (NNP=H )) (VP=H (VBP=H ) (ADJP (JJ=H )))))) (. ))),1,92526,"0,0859669775"
(ROOT (S=H (NP (NAC (NNPS=H ) (PP (IN=H ) (NP (DT ) (NN=H )))) (NNP ) (NNP=H )) (VP=H (VBP=H ) (ADJP (JJ=H ))) (. ))),1,92527,"0,0859679066"
(ROOT (S=H (NP (NP (DT ) (JJ ) (NNS=H )) (PRN (-LRB- ) (NP=H (NN=H )) (-RRB- )) (NNS=H )) (VP=H (VBP=H ) (ADJP (JJ=H ))) (. ))),1,92528,"0,0859688357"
(ROOT (S=H (NP (NP=H (NP (NNS ) (POS=H )) (NNP=H )) (PRN (-LRB- ) (NP=H (NNP=H )) (-RRB- ))) (VP=H (VBP=H ) (ADJP (JJ=H ))) (. ))),1,92529,"0,0859697649"
"(ROOT (NP=H (NP=H (CD ) (NNS=H )) (: ) (S (S (VP=H (ADVP (RB=H )) (VBN=H ) (PP (IN=H ) (NP (NNP ) (NNP ) (NNPS=H ))))) (, ) (NP (NNP ) (NNP=H )) (VP=H (VBP=H ) (ADJP (JJ=H )))) (. )))",1,92530,"0,085970694"
"(ROOT (S=H (NP (NP=H (NNPS ) (NNP=H )) (, ) (NP (NNP ) (NNP ) (NNP ) (NNP ) (NN ) (NNS=H ))) (VP=H (VBP=H ) (ADJP (JJ=H ))) (. )))",1,92531,"0,0859716231"
"(ROOT (S=H (NP (NNP ) (NNP ) (NNP ) (NNP=H )) (, ) (NP (NNP ) (NN ) (NNS=H )) (VP=H (VBP=H ) (ADJP (JJ=H ))) (. )))",1,92532,"0,0859725522"
(ROOT (S=H (NP (NNP ) (NN ) (CC ) (NN ) (NN ) (NN ) (NNS=H )) (VP=H (VBP=H ) (ADJP (JJ=H ))) (. ))),1,92533,"0,0859734813"
(ROOT (S=H (NP (NNP=H )) (VP=H (VBD=H ) (SBAR (IN=H ) (S (NP (NNS=H )) (VP=H (VBP=H ) (ADJP (JJ=H )))))) (. ))),1,92534,"0,0859744104"
(ROOT (S=H (NP-TMP (NNP=H )) (NP (NP=H (NNS=H )) (VP (VBN=H ) (PP (IN=H ) (NP (DT ) (NNP ) (NNP=H ))))) (VP=H (VBP=H ) (ADJP (JJ=H ))) (. ))),1,92535,"0,0859753395"
(ROOT (S=H (NP (NP (DT ) (NNP ) (NNP ) (NNS ) (POS=H )) (NN=H )) (VP=H (VBZ=H ) (SBAR (S=H (NP (NNS=H )) (VP=H (VBP=H ) (ADJP (JJ=H )))))) (. ))),1,92536,"0,0859762686"
(ROOT (S=H (NP (NP=H (NNP=H )) (PP (IN=H ) (NP (NP=H (NNPS=H )) (PP (IN=H ) (NP (NN=H )))))) (VP=H (VBP=H ) (ADJP (JJ=H ))) (. ))),1,92537,"0,0859771977"
(ROOT (NP=H (NP=H (NNP ) (NNPS ) (CC ) (NNPS ) (NN=H )) (: ) (S (NP (NNS=H )) (VP=H (VBP=H ) (ADJP (JJ=H )))) (. ))),1,92538,"0,0859781269"
(ROOT (NP=H (NP=H (ADJP (NNP ) (JJ=H )) (NN=H )) (: ) (NP (NP=H (NNS=H )) (SBAR (S=H (VP=H (VBP=H ) (ADJP (JJ=H )))))) (. ))),1,92539,"0,085979056"
(ROOT (S=H (S=H (NP (NNP=H ) (CC ) (NNP )) (VP=H (VBP=H ))) (: ) (S (NP (NNS=H )) (VP=H (VBP=H ) (ADJP (JJ=H )))) (. ))),1,92540,"0,0859799851"
(ROOT (NP=H (NP=H (NNP=H )) (: ) (S (NP (NNS=H )) (VP=H (VBP=H ) (ADJP (JJ=H )))) (. ))),1,92541,"0,0859809142"
(ROOT (NP=H (NP=H (NNP=H )) (: ) (S (NP (NP=H (NNS=H )) (PP (IN=H ) (NP (NN=H )))) (VP=H (VBP=H ) (ADJP (JJ=H )))) (. ))),1,92542,"0,0859818433"
(ROOT (NP=H (NP=H (NNP ) (NNP=H )) (: ) (S (NP (NNS=H )) (VP=H (VBP=H ) (ADJP (JJ=H )))) (. ))),1,92543,"0,0859827724"
(ROOT (S=H (NP (NP=H (JJR ) (NNP ) (NN=H )) (CC ) (NP (NN ) (NNS=H ))) (VP=H (VBP=H ) (ADJP (JJ=H ))) (. ))),1,92544,"0,0859837015"
(ROOT (NP=H (NP=H (NNP=H )) (: ) (NP (NP=H (DT ) (JJ ) (NNP ) (NN=H )) (SBAR (S=H (NP (NN ) (NNS=H )) (VP=H (VBP=H ) (ADJP (JJ=H )))))) (. ))),1,92545,"0,0859846306"
"(ROOT (S=H (S (NP=H (NP=H (NNS=H )) (PP (IN=H ) (NP (NP (DT ) (NNP ) (POS=H )) (NN=H ))))) (, ) (NP (NNP=H )) (VP=H (VBP=H ) (ADJP (JJ=H ))) (. )))",1,92546,"0,0859855597"
"(ROOT (S=H (NP-TMP (NP=H (NNS=H )) (PP (IN=H ) (NP (NP (NNP ) (NNP ) (POS=H )) (NN=H )))) (, ) (NP (NP=H (NNP=H )) (PRN (-LRB- ) (NP=H (NP=H (NNP=H )) (PP (IN=H ) (NP (NNP=H )))) (-RRB- ))) (VP=H (VBP=H ) (ADJP (JJ=H ))) (. )))",1,92547,"0,0859864889"
(ROOT (S=H (NP (NP=H (NP=H (NNP=H )) (PP (IN=H ) (NP (NNP=H )))) (CC ) (NP (NP=H (DT ) (NN=H )) (PP (IN=H ) (NP (DT ) (NNPS=H ))))) (VP=H (VBP=H ) (ADJP (JJ=H ))) (. ))),1,92548,"0,085987418"
(ROOT (FRAG=H (NP (NNP=H )) (: ) (S=H (NP (DT ) (JJ ) (NN ) (NNS=H ) (CC ) (NNS )) (VP=H (VBP=H ) (ADJP (JJ=H )))) (. ))),1,92549,"0,0859883471"
(ROOT (NP=H (NP=H (NNP ) (NNP ) (NN=H )) (: ) (S (NP (NNS=H )) (VP=H (VBP=H ) (ADJP (JJ=H )))) (. ))),1,92550,"0,0859892762"
(ROOT (S=H (NP (NP=H (NNP=H )) (VP (VBG=H ) (PP (IN=H ) (NP (DT ) (NNP ) (NNP ) (NNP ) (NNPS=H ))))) (VP=H (VBP=H ) (ADJP (JJ=H ))) (. ))),1,92551,"0,0859902053"
"(ROOT (S=H (NP (NP=H (NNP ) (NNP=H )) (, ) (NP (NP=H (NNP ) (NNS=H )) (PP (IN=H ) (NP (NN=H ))))) (VP=H (VBP=H ) (ADJP (JJ=H ))) (. )))",1,92552,"0,0859911344"
(ROOT (S=H (NP (NP=H (NNPS ) (CC ) (NNP ) (NNP=H )) (PP (IN=H ) (NP (NP=H (DT ) (NNP ) (NNP=H )) (PP (TO=H ) (NP (NNP ) (NNP=H )))))) (VP=H (VBP=H ) (ADJP (JJ=H ))) (. ))),1,92553,"0,0859920635"
(ROOT (S=H (NP (NP=H (NNP=H )) (PP (IN=H ) (NP (NP=H (DT ) (JJ ) (JJ ) (NNS=H )) (PP (IN=H ) (NP (NN=H )))))) (VP=H (VBP=H ) (ADJP (JJ=H ))) (. ))),1,92554,"0,0859929926"
(ROOT (S=H (NP (NP=H (NP=H (NNP=H )) (PP (IN=H ) (NP (DT ) (NNPS=H )))) (PRN (-LRB- ) (NP=H (NNP ) (NNP=H )) (-RRB- ))) (VP=H (VBP=H ) (ADJP (JJ=H ))) (. ))),1,92555,"0,0859939218"
(ROOT (S=H (NP (NP (NNP ) (FW ) (NNP=H )) (PRN (-LRB- ) (NP=H (NNP ) (NNP=H )) (-RRB- )) (NNS=H )) (VP=H (VBP=H ) (ADJP (JJ=H ))) (. ))),1,92556,"0,0859948509"
(ROOT (S=H (NP (NP=H (NNP ) (FW ) (FW ) (NNP=H )) (NP (JJ ) (NNS=H ))) (VP=H (VBP=H ) (ADJP (JJ=H ))) (. ))),1,92557,"0,08599578"
(ROOT (S=H (NP (NP=H (NNP ) (NNP=H )) (PRN (-LRB- ) (NP=H (NP (NNS ) (POS=H )) (JJ ) (NN=H )) (-RRB- ))) (VP=H (VBP=H ) (ADJP (JJ=H ))) (. ))),1,92558,"0,0859967091"
"(ROOT (S=H (ADVP (RB=H )) (PP (IN=H ) (NP (NNP ) (NNP=H ))) (NP (DT ) (NNP ) (NNP ) (, ) (NNP=H )) (VP=H (VBP=H ) (ADJP (JJ=H ))) (. )))",1,92559,"0,0859976382"
(ROOT (S=H (NP (NNP=H )) (VP=H (VBD=H ) (SBAR (S=H (NP (NNS=H )) (VP=H (VBD=H ) (SBAR (S=H (NP (NNS=H )) (VP=H (VBP=H ) (ADJP (JJ=H ))))))))) (. ))),1,92560,"0,0859985673"
(ROOT (NP=H (NP=H (NNP=H )) (: ) (S (NP (NP=H (NNP=H )) (PP (IN=H ) (NP (NNP ) (NNP=H )))) (VP=H (VBP=H ) (ADJP (JJ=H )))) (. ))),1,92561,"0,0859994964"
"(ROOT (S=H (S (VP=H (VBN=H ) (S (NP=H (NP=H (NNS=H )) (PP (IN=H ) (NP (NNP ) (NNP=H )))) (NP (DT ) (NNP ) (NNP=H ))))) (, ) (NP (NNP=H )) (VP=H (VBP=H ) (ADJP (JJ=H ))) (. )))",1,92562,"0,0860004255"
(ROOT (S=H (NP (NP=H (NNP=H )) (VP (VBN=H ) (PP (IN=H ) (NP (NP=H (DT ) (NNP ) (NNP=H )) (PP (IN=H ) (NP (NNP ) (NNPS=H ))))))) (VP=H (VBP=H ) (ADJP (JJ=H ))) (. ))),1,92563,"0,0860013546"
(ROOT (S=H (NP (NNP ) (NNP ) (CC ) (NNP ) (NNP=H )) (VP=H (VBP=H ) (SBAR (S=H (NP (NNS=H )) (VP=H (VBP=H ) (ADJP (JJ=H )))))) (. ))),1,92564,"0,0860022838"
(ROOT (S=H (NP (NP=H (NNP=H )) (PP (IN=H ) (NP (NP=H (JJ ) (NN=H )) (PP (IN=H ) (NP (NP=H (DT ) (NNP ) (NNP=H )) (PP (IN=H ) (NP (NP=H (NNP ) (NNPS=H )) (PP (IN=H ) (NP (NN=H )))))))))) (VP=H (VBP=H ) (ADJP (JJ=H ))) (. ))),1,92565,"0,0860032129"
(ROOT (S=H (NP (NP=H (CD=H )) (CC ) (NP (NP=H (DT ) (NN ) (NN=H )) (VP (VBN=H ) (NP (NN ) (NNS=H ))))) (VP=H (VBP=H ) (ADJP (JJ=H ))) (. ))),1,92566,"0,086004142"
(ROOT (S=H (NP (NP=H (CD=H )) (PP (IN=H ) (NP (NP=H (NNPS=H )) (CC ) (NP (NNP ) (NNP=H ))))) (VP=H (VBP=H ) (ADJP (JJ=H ))) (. ))),1,92567,"0,0860050711"
"(ROOT (S=H (ADVP (RB=H )) (, ) (NP (NAC (NNP=H ) (, ) (NNP ) (, )) (NNP=H )) (VP=H (VBP=H ) (ADJP (JJ=H ))) (. )))",1,92568,"0,0860060002"
(ROOT (S=H (NP (NNP=H )) (VP=H (VBZ=H ) (SBAR (S=H (NP (NP=H (NNS=H ) (CC ) (NNS )) (PP (IN=H ) (NP (DT ) (NNP ) (NNPS=H )))) (VP=H (VBP=H ) (ADJP (JJ=H )))))) (. ))),1,92569,"0,0860069293"
(ROOT (S=H (NP (NP=H (NNP=H )) (PP (IN=H ) (NP (NNP ) (NNPS ) (NN=H ) (NP (CD ) (: ) (CD=H ))))) (VP=H (VBP=H ) (ADJP (JJ=H ))) (. ))),1,92570,"0,0860078584"
(ROOT (S=H (NP (NP=H (NNP=H )) (PP (IN=H ) (NP (NN ) (NNS ) (CC ) (NN ) (NNS=H )))) (VP=H (VBP=H ) (ADJP (JJ=H ))) (. ))),1,92571,"0,0860087875"
(ROOT (S=H (NP (NP=H (NNP=H )) (PP (IN=H ) (NP (VBG ) (NNS=H )))) (VP=H (VBP=H ) (ADJP (JJ=H ))) (. ))),1,92572,"0,0860097166"
(ROOT (S=H (NP (NN ) (NN=H )) (VP=H (VBD=H ) (SBAR (S=H (NP (JJ ) (NNS=H )) (VP=H (VBP=H ) (ADJP (JJ=H )))))) (. ))),1,92573,"0,0860106458"
(ROOT (S=H (NP (NP=H (NP (NNP ) (NNP ) (POS=H )) (NNP=H )) (PP (IN=H ) (NP (NNP ) (NN ) (NN ) (NNS=H )))) (VP=H (VBP=H ) (ADJP (JJ=H ))) (. ))),1,92574,"0,0860115749"
(ROOT (FRAG=H (NP (NNP=H )) (: ) (S=H (NP (NNP ) (CC ) (NN ) (NNS ) (NNS=H )) (VP=H (VBP=H ) (ADJP (JJ=H )))) (. ))),1,92575,"0,086012504"
(ROOT (S=H (NP (NP (NNP=H )) (PRN (-LRB- ) (NP=H (JJ ) (NNS=H )) (-RRB- )) (NNS=H )) (VP=H (VBP=H ) (ADJP (JJ=H ))) (. ))),1,92576,"0,0860134331"
(ROOT (S=H (NP (NP (NNP=H )) (PRN (-LRB- ) (NP=H (NP=H (NNS=H )) (PP (IN=H ) (NP (NNP=H )))) (-RRB- )) (NNS=H )) (VP=H (VBP=H ) (ADJP (JJ=H ))) (. ))),1,92577,"0,0860143622"
(ROOT (S=H (NP (NP (NNP=H )) (PRN (-LRB- ) (NP=H (NP=H (NNS=H )) (CC ) (NP (NNS=H ))) (-RRB- )) (NNS=H )) (VP=H (VBP=H ) (ADJP (JJ=H ))) (. ))),1,92578,"0,0860152913"
(ROOT (S=H (NP (NNP=H )) (VP=H (VBD=H ) (SBAR (S=H (NP (NNP ) (NNPS ) (NNPS ) (NNS=H )) (VP=H (VBP=H ) (ADJP (JJ=H )))))) (. ))),1,92579,"0,0860162204"
(ROOT (S=H (NP (NNP=H )) (VP=H (VBD=H ) (SBAR (S=H (NP (NNS=H )) (VP=H (VBD=H ) (SBAR (S=H (NP (NNP ) (NN ) (NNS=H )) (VP=H (VBP=H ) (ADJP (JJ=H ))))))))) (. ))),1,92580,"0,0860171495"
(ROOT (S=H (NP (NNP=H )) (VP=H (VBD=H ) (NP (NP=H (NNS=H )) (SBAR (S=H (NP (NNP ) (NNP ) (NNPS=H )) (VP=H (VBP=H ) (ADJP (JJ=H ))))))) (. ))),1,92581,"0,0860180787"
(ROOT (S=H (NP (NNP=H )) (VP=H (VBD=H ) (SBAR (S=H (NP (NNP ) (NNPS ) (NNPS ) (NNS=H )) (VP=H (VBD=H ) (SBAR (S=H (NP (NN=H )) (VP=H (VBP=H ) (ADJP (JJ=H ))))))))) (. ))),1,92582,"0,0860190078"
(ROOT (S=H (S (VP=H (VB=H ) (VP (VB=H ) (ADJP (JJ=H ) (PP (IN=H ) (S (VP=H (VBG=H )))))))) (VP=H (VBP=H ) (ADJP (JJ=H ))) (. ))),1,92583,"0,0860199369"
(ROOT (S=H (NP (NP (JJ ) (NNP ) (NNP ) (NNPS ) (NNP=H )) (PRN (-LRB- ) (NP=H (NNP ) (NNPS=H )) (-RRB- )) (NNS=H )) (VP=H (VBP=H ) (ADJP (JJ=H ))) (. ))),1,92584,"0,086020866"
(ROOT (S=H (NP (ADJP (JJ=H ) (PP (TO=H ) (NP (NNPS=H )))) (NNS=H )) (VP=H (VBP=H ) (ADJP (JJ=H ))) (. ))),1,92585,"0,0860217951"
(ROOT (S=H (NP (NP (NNP ) (NNP ) (NNP ) (NNP ) (NNP ) (NNP ) (NNS ) (POS=H )) (NN ) (NNS=H )) (VP=H (VBP=H ) (ADJP (JJ=H ))) (. ))),1,92586,"0,0860227242"
(ROOT (S=H (NP (NP (NNP ) (NNP ) (NNP ) (NNP ) (NNP ) (NNP ) (NNS ) (POS=H )) (NN=H )) (VP=H (VBP=H ) (ADJP (JJ=H ))) (. ))),1,92587,"0,0860236533"
(ROOT (S=H (NP (NP=H (JJ ) (ADJP (JJ=H ) (PRT (RP=H ))) (NN=H )) (PRN (-LRB- ) (NP=H (NP=H (NNP=H )) (PP (IN=H ) (NP (NNS=H )))) (-RRB- ))) (VP=H (VBP=H ) (SBAR (S=H (VP=H (VBP=H ) (ADJP (JJ=H )))))) (. ))),1,92588,"0,0860245824"
(ROOT (S=H (NP (NP (NNP ) (NNP ) (NNP ) (NNP ) (NN ) (NNS ) (POS=H )) (NN=H )) (VP=H (VBP=H ) (ADJP (JJ=H ))) (. ))),1,92589,"0,0860255115"
(ROOT (S=H (S (VP=H (VBG=H ) (PP (IN=H ) (NP (NP=H (NN=H )) (PP (IN=H ) (NP (NNP ) (NNP=H ))))))) (NP (PRP=H )) (VP=H (VBP=H ) (ADJP (JJ=H ))) (. ))),1,92590,"0,0860264407"
(ROOT (S=H (NP (NP=H (NNP=H )) (PP (VBN=H ) (PP (IN=H ) (NP (NP=H (NNP=H )) (PP (IN=H ) (NP (DT ) (CD ) (NNS=H ))))))) (VP=H (VBP=H ) (ADJP (JJ=H ))) (. ))),1,92591,"0,0860273698"
(ROOT (S=H (NP (NP=H (JJ ) (VBG ) (NN=H )) (PP (IN=H ) (NP (DT ) (NNP ) (NNPS=H )))) (VP=H (VBP=H ) (ADJP (JJ=H ))) (. ))),1,92592,"0,0860282989"
(ROOT (S=H (NP (NP=H (NNP=H )) (PP (IN=H ) (NP (NP=H (DT ) (NNP ) (NNPS=H )) (PP (IN=H ) (NP (NP=H (NNP=H )) (PP (TO=H ) (NP (NNP=H )))))))) (VP=H (VBP=H ) (ADJP (JJ=H ))) (. ))),1,92593,"0,086029228"
(ROOT (S=H (NP (NP=H (NNP ) (NNPS ) (NNP ) (NNP ) (NNP ) (NNP=H )) (PP (IN=H ) (NP (NNP ) (NN ) (NN=H )))) (VP=H (VBP=H ) (ADJP (JJ=H ))) (. ))),1,92594,"0,0860301571"
(ROOT (S=H (NP (NP=H (NNP ) (NNPS ) (NNP=H )) (PP (IN=H ) (NP (NNP ) (NNP ) (NN ) (NN=H )))) (VP=H (VBP=H ) (ADJP (JJ=H ))) (. ))),1,92595,"0,0860310862"
(ROOT (S=H (NP (NP=H (JJ ) (ADJP (JJ=H ) (PRT (RP=H ))) (NN=H )) (PRN (-LRB- ) (NP=H (NP=H (NNP ) (NNS=H )) (PP (IN=H ) (NP (NN ) (NNS=H )))) (-RRB- ))) (VP=H (VBP=H ) (SBAR (S=H (VP=H (VBP=H ) (ADJP (JJ=H )))))) (. ))),1,92596,"0,0860320153"
(ROOT (NP=H (NP=H (NNP ) (NNP=H )) (: ) (S (NP (NNP ) (NNP ) (NNPS=H )) (VP=H (VBP=H ) (ADJP (JJ=H )))) (. ))),1,92597,"0,0860329444"
(ROOT (S=H (S=H (NP (NNP=H )) (VP=H (VBZ=H ))) (CC ) (S (NP (DT ) (NNP ) (NNP ) (NNS=H )) (VP=H (VBP=H ) (ADJP (JJ=H )))) (. ))),1,92598,"0,0860338735"
(ROOT (S=H (NP (NP=H (NNP ) (NNPS ) (NN=H )) (SBAR (S=H (VP=H (TO=H ) (VP (VB=H ) (NP (NN ) (NN=H ))))))) (VP=H (VBP=H ) (ADJP (JJ=H ))) (. ))),1,92599,"0,0860348027"
(ROOT (S=H (NP (NP=H (JJ ) (ADJP (JJ=H ) (PRT (RP=H ))) (NN=H )) (PRN (-LRB- ) (NP=H (NP=H (NNPS=H )) (SBAR (WHNP=H (WDT=H )) (S (VP=H (VBP=H ) (NP (NP=H (NNS=H )) (PP (IN=H ) (NP (NN=H )))))))) (-RRB- ))) (VP=H (VBP=H ) (SBAR (S=H (VP=H (VBP=H ) (ADJP (JJ=H )))))) (. ))),1,92600,"0,0860357318"
(ROOT (S=H (NP (NP=H (JJ ) (ADJP (JJ=H ) (PRT (RP=H ))) (NN=H )) (PRN (-LRB- ) (NP=H (NP=H (NNP ) (NNS=H )) (SBAR (WHNP=H (WDT=H )) (S (VP=H (VBP=H ) (NP (NP=H (NNS=H )) (PP (IN=H ) (NP (NN=H )))))))) (-RRB- ))) (VP=H (VBP=H ) (SBAR (S=H (VP=H (VBP=H ) (ADJP (JJ=H )))))) (. ))),1,92601,"0,0860366609"
(ROOT (S=H (NP (NP=H (JJ ) (ADJP (JJ=H ) (PRT (RP=H ))) (NN=H )) (PRN (-LRB- ) (NP=H (NP=H (NNP=H )) (SBAR (WHNP=H (WDT=H )) (S (VP=H (VBP=H ) (NP (NP=H (NNS=H )) (PP (IN=H ) (NP (NN=H )))))))) (-RRB- ))) (VP=H (VBP=H ) (SBAR (S=H (VP=H (VBP=H ) (ADJP (JJ=H )))))) (. ))),1,92602,"0,08603759"
(ROOT (S=H (NP (CD ) (ADJP (NP (CD ) (NNS=H )) (JJ=H )) (NN ) (NNS=H )) (VP=H (VBP=H ) (ADJP (JJ=H ))) (. ))),1,92603,"0,0860385191"
(ROOT (S=H (NP (NP=H (JJ ) (NN=H )) (VP (VBN=H ) (PP (IN=H ) (NP (VBG ) (NNS=H ))))) (VP=H (VBP=H ) (ADJP (JJ=H ))) (. ))),1,92604,"0,0860394482"
"(ROOT (S=H (S (NP (NNP=H )) (VP=H (VBP=H ) (PP (IN=H ) (NP (NNP=H ))))) (, ) (NP (NNP ) (NNP=H )) (VP=H (VBP=H ) (ADJP (JJ=H ))) (. )))",1,92605,"0,0860403773"
(ROOT (S=H (NP (NP=H (JJ ) (NNS ) (NNS=H )) (PP (IN=H ) (NP (NP=H (NN=H )) (PP (IN=H ) (NP (DT ) (NNP ) (NNP=H )))))) (VP=H (VBP=H ) (ADJP (JJ=H ))) (. ))),1,92606,"0,0860413064"
(ROOT (S=H (NP (NP=H (JJS=H )) (PP (IN=H ) (NP (NN ) (NNS=H )))) (VP=H (VBP=H ) (ADJP (JJ=H ))) (. ))),1,92607,"0,0860422356"
(ROOT (S=H (NP (NP=H (NNP=H )) (PP (IN=H ) (NP (NP=H (DT ) (JJ ) (NN=H )) (PP (IN=H ) (NP (NNPS=H )))))) (VP=H (VBP=H ) (ADJP (JJ=H ))) (. ))),1,92608,"0,0860431647"
(ROOT (S=H (NP (NP=H (JJ ) (NN ) (CC ) (NN ) (NNS=H )) (PP (IN=H ) (NP (NP=H (NN=H )) (PP (IN=H ) (NP (DT ) (NNP ) (NNP=H )))))) (VP=H (VBP=H ) (ADJP (JJ=H ))) (. ))),1,92609,"0,0860440938"
(ROOT (S=H (NP (NP=H (NNP ) (NNP ) (FW ) (NNP ) (FW ) (NNP=H )) (NP (NN ) (NNS=H ))) (VP=H (VBP=H ) (ADJP (JJ=H ))) (. ))),1,92610,"0,0860450229"
(ROOT (S=H (NP-TMP (NNP=H ) (CD )) (NP (NNP ) (NNP=H )) (VP=H (VBP=H ) (ADJP (JJ=H ))) (. ))),1,92611,"0,086045952"
(ROOT (S=H (NP-TMP (NNP=H ) (CD )) (NP (NNP ) (NNP ) (NNS=H )) (VP=H (VBP=H ) (ADJP (JJ=H ))) (. ))),1,92612,"0,0860468811"
(ROOT (S=H (NP (NP=H (NNP ) (RB ) (JJ ) (NN ) (NN=H )) (PP (IN=H ) (NP (DT ) (NNP ) (NNPS=H )))) (VP=H (VBP=H ) (ADJP (JJ=H ))) (. ))),1,92613,"0,0860478102"
(ROOT (S=H (NP (NNP ) (NNP ) (NNP ) (NNPS ) (CC ) (JJ ) (NN ) (NNS=H )) (VP=H (VBP=H ) (SBAR (S=H (NP (NNS=H )) (VP=H (VBP=H ) (ADJP (JJ=H )))))) (. ))),1,92614,"0,0860487393"
(ROOT (S=H (NP (NP=H (NNP=H )) (PP (IN=H ) (NP (NP=H (NNP ) (NNP=H )) (CC ) (NP (NP=H (NNP ) (NNPS=H )) (PP (IN=H ) (NP (NNP=H ))))))) (VP=H (VBP=H ) (ADJP (JJ=H ))) (. ))),1,92615,"0,0860496684"
(ROOT (S=H (NP (NP=H (NNP ) (NNP ) (NNP=H )) (CC ) (NP (NP=H (JJ ) (NNS=H )) (VP (VBG=H ) (NP (NNS=H ))))) (VP=H (VBP=H ) (ADJP (JJ=H ))) (. ))),1,92616,"0,0860505976"
(ROOT (S=H (NP (NP (NNP ) (NNPS ) (NNP ) (POS=H )) (NNS=H ) (CC ) (NNS )) (VP=H (VBP=H ) (ADJP (JJ=H ))) (. ))),1,92617,"0,0860515267"
(ROOT (S=H (NP (NNP ) (NNP=H )) (PRN (-LRB- ) (NP=H (NNS=H )) (-RRB- )) (NP (NN ) (NN ) (NN ) (NNS=H )) (VP=H (VBP=H ) (ADJP (JJ=H ))) (. ))),1,92618,"0,0860524558"
(ROOT (S=H (NP (NP (DT ) (NNP ) (NNPS ) (NNP ) (POS=H )) (NNP ) (NNS=H )) (VP=H (VBP=H ) (ADJP (JJ=H ))) (. ))),1,92619,"0,0860533849"
(ROOT (S=H (NP (NNP ) (NNP ) (NNP ) (NNP=H )) (PRN (-LRB- ) (NP=H (NNP=H )) (-RRB- )) (NP (NN ) (NN ) (NNS=H )) (VP=H (VBP=H ) (ADJP (JJ=H ))) (. ))),1,92620,"0,086054314"
(ROOT (S=H (NP (NP (JJ ) (NNS ) (POS=H )) (NN=H )) (VP=H (VBZ=H ) (SBAR (S=H (NP (NNS=H )) (VP=H (VBP=H ) (ADJP (JJ=H )))))) (. ))),1,92621,"0,0860552431"
(ROOT (S=H (NP (NP=H (NNP ) (NN=H )) (PP (IN=H ) (NP (NNP ) (NNPS=H )))) (VP=H (VBP=H ) (ADJP (JJ=H ))) (. ))),1,92622,"0,0860561722"
(ROOT (NP=H (NP=H (NP=H (NNP=H )) (PP (IN=H ) (NP (NNP=H )))) (: ) (NP (NP=H (NNP ) (NNP=H )) (SBAR (S=H (NP (NN=H )) (VP=H (VBP=H ) (ADJP (JJ=H )))))) (. ))),1,92623,"0,0860571013"
(ROOT (S=H (NP (NP=H (NNP=H )) (CC ) (NP (NNP ) (JJ ) (NNPS=H ))) (VP=H (VBP=H ) (ADJP (JJ=H ))) (. ))),1,92624,"0,0860580305"
(ROOT (NP=H (NP=H (NNP ) (NNP=H )) (: ) (NP (NP=H (NNP ) (NNPS=H )) (SBAR (S=H (NP (JJ ) (NNS=H )) (VP=H (VBP=H ) (ADJP (JJ=H )))))) (. ))),1,92625,"0,0860589596"
(ROOT (NP=H (NP=H (NN=H )) (: ) (S (NP (NNP ) (NNPS ) (NNS=H )) (VP=H (VBP=H ) (ADJP (JJ=H )))) (. ))),1,92626,"0,0860598887"
(ROOT (NP=H (NP=H (NP=H (NNP ) (NNP=H )) (PP (IN=H ) (NP (DT ) (NNP=H )))) (: ) (NP (NP=H (NNP ) (NNPS=H )) (SBAR (S=H (NP (NNS=H )) (VP=H (VBP=H ) (ADJP (JJ=H )))))) (. ))),1,92627,"0,0860608178"
(ROOT (NP=H (NP=H (NP=H (NNP=H )) (PP (IN=H ) (NP (DT ) (NNP=H )))) (: ) (NP (NP=H (NNP ) (NNPS=H )) (SBAR (S=H (NP (NNS=H )) (VP=H (VBP=H ) (ADJP (JJ=H )))))) (. ))),1,92628,"0,0860617469"
(ROOT (NP=H (NP=H (DT ) (NNP=H )) (: ) (S (NP (NNP ) (NNPS ) (NNS=H )) (VP=H (VBP=H ) (ADJP (JJ=H )))) (. ))),1,92629,"0,086062676"
(ROOT (NP=H (NP=H (NNP=H )) (PRN (-LRB- ) (NP=H (NN=H )) (-RRB- )) (: ) (NP (NP=H (NNP ) (NNPS=H )) (SBAR (S=H (NP (NNS=H )) (VP=H (VBP=H ) (ADJP (JJ=H )))))) (. ))),1,92630,"0,0860636051"
(ROOT (NP=H (NP=H (NP=H (NNP=H )) (PP (IN=H ) (NP (NNP=H )))) (: ) (NP (NP=H (NNP ) (NNPS=H )) (SBAR (S=H (NP (NNS=H )) (VP=H (VBP=H ) (ADJP (JJ=H )))))) (. ))),1,92631,"0,0860645342"
(ROOT (NP=H (NP=H (NP=H (NNP ) (NNPS=H )) (PP (IN=H ) (NP (NNP=H )))) (: ) (NP (NP=H (NNP ) (NNPS=H )) (SBAR (S=H (NP (NNS=H )) (VP=H (VBP=H ) (ADJP (JJ=H )))))) (. ))),1,92632,"0,0860654633"
(ROOT (S=H (ADVP (RB=H )) (: ) (NP (NNP ) (NNPS ) (NNS=H )) (VP=H (VBP=H ) (ADJP (JJ=H ))) (. ))),1,92633,"0,0860663925"
(ROOT (NP=H (NP=H (NNP ) (NNPS=H ) (CC ) (NNPS )) (: ) (S (NP (NNP ) (NNPS ) (NNS=H )) (VP=H (VBP=H ) (ADJP (JJ=H )))) (. ))),1,92634,"0,0860673216"
(ROOT (NP=H (NP=H (NP=H (NNP ) (NNP=H )) (CC ) (NP (DT ) (NNPS=H ))) (: ) (NP (NP=H (NNP ) (NNPS=H )) (SBAR (S=H (NP (NNS=H )) (VP=H (VBP=H ) (ADJP (JJ=H )))))) (. ))),1,92635,"0,0860682507"
(ROOT (NP=H (NP=H (NNP ) (NNP=H ) (CC ) (NNP )) (: ) (S (NP (NNP ) (NNPS ) (NNS=H )) (VP=H (VBP=H ) (ADJP (JJ=H )))) (. ))),1,92636,"0,0860691798"
(ROOT (NP=H (NP=H (NNP ) (NNP ) (NNPS=H )) (: ) (S (NP (NNP ) (NNPS ) (NNS=H )) (VP=H (VBP=H ) (ADJP (JJ=H )))) (. ))),1,92637,"0,0860701089"
(ROOT (S=H (NP (NP=H (NNP ) (NNP=H )) (PP (IN=H ) (NP (NP=H (DT ) (NNP=H )) (: ) (NP (NP=H (NNP=H )) (PP (IN=H ) (NP (DT ) (NNP ) (NNS=H ))))))) (VP=H (VBP=H ) (ADJP (JJ=H ))) (. ))),1,92638,"0,086071038"
(ROOT (NP=H (NP=H (NNP ) (NNP ) (NNPS=H )) (: ) (S (NP (NNP ) (NNP ) (NNS=H )) (VP=H (VBP=H ) (ADJP (JJ=H )))) (. ))),1,92639,"0,0860719671"
(ROOT (S=H (NP (NP=H (NNP ) (NNPS ) (NNP=H )) (PRN (-LRB- ) (NP=H (JJ ) (NNS=H )) (-RRB- ))) (VP=H (VBP=H ) (ADJP (JJ=H ))) (. ))),1,92640,"0,0860728962"
(ROOT (S=H (NP (NP=H (NNP ) (NN=H )) (PP (IN=H ) (NP (DT ) (NN ) (NN ) (NNS=H )))) (VP=H (VBP=H ) (ADJP (JJ=H ))) (. ))),1,92641,"0,0860738253"
(ROOT (S=H (NP (NP=H (NP (NNP ) (NNPS ) (POS=H )) (NNP=H )) (PP (IN=H ) (NP (DT ) (NNP ) (NNS=H )))) (VP=H (VBP=H ) (ADJP (JJ=H ))) (. ))),1,92642,"0,0860747545"
(ROOT (S=H (NP (NP (NNP ) (NNP ) (POS=H )) (NP (NNPS ) (POS=H )) (NNP=H )) (VP=H (VBP=H ) (ADJP (JJ=H ))) (. ))),1,92643,"0,0860756836"
"(ROOT (S=H (S (VP=H (VBN=H ) (PP (IN=H ) (NP (NNP=H ))))) (, ) (NP (NNP ) (NNP ) (NNP=H )) (VP=H (VBP=H ) (ADJP (JJ=H ))) (. )))",1,92644,"0,0860766127"
"(ROOT (S=H (S (VP=H (VBN=H ) (PP (IN=H ) (NP (NNP=H ))))) (, ) (NP (NNP ) (NNP=H )) (VP=H (VBP=H ) (ADJP (JJ=H ))) (. )))",1,92645,"0,0860775418"
(ROOT (NP=H (NP=H (NNP ) (NNP ) (NNP=H )) (: ) (S (NP (NP=H (NNP=H )) (PP (IN=H ) (NP (DT ) (NNP ) (NNS=H )))) (VP=H (VBP=H ) (ADJP (JJ=H )))) (. ))),1,92646,"0,0860784709"
(ROOT (NP=H (NP=H (NNP ) (NNP ) (NNP=H )) (: ) (S (NP (NP=H (NNP ) (NNP=H )) (PP (IN=H ) (NP (DT ) (NNP ) (NNS=H )))) (VP=H (VBP=H ) (ADJP (JJ=H )))) (. ))),1,92647,"0,0860794"
(ROOT (NP=H (NP=H (NNP=H )) (: ) (S (NP (NP=H (NNP=H )) (PP (IN=H ) (NP (NNP ) (NNP ) (NN=H )))) (VP=H (VBP=H ) (ADJP (JJ=H )))) (. ))),1,92648,"0,0860803291"
(ROOT (NP=H (NP=H (NP=H (NNP=H )) (PP (IN=H ) (NP (NNP ) (NNP=H )))) (: ) (NP (NP=H (NNP ) (NNP=H )) (SBAR (S=H (NP (NN=H )) (VP=H (VBP=H ) (ADJP (JJ=H )))))) (. ))),1,92649,"0,0860812582"
(ROOT (NP=H (NP=H (NNP=H )) (: ) (S (NP (NP=H (NNP ) (NNP=H )) (CC ) (NP (DT ) (NNP ) (NN=H ))) (VP=H (VBP=H ) (ADJP (JJ=H )))) (. ))),1,92650,"0,0860821874"
(ROOT (NP=H (NP=H (NNP ) (NNP=H )) (: ) (S (NP (NP=H (NNP ) (NNP=H )) (CC ) (NP (JJ ) (NN=H ))) (VP=H (VBP=H ) (ADJP (JJ=H )))) (. ))),1,92651,"0,0860831165"
(ROOT (NP=H (NP=H (NNP ) (NNP=H )) (: ) (NP (NP=H (NNPS=H ) (CC ) (NNPS )) (SBAR (S=H (NP (NNP ) (NN=H )) (VP=H (VBP=H ) (ADJP (JJ=H )))))) (. ))),1,92652,"0,0860840456"
(ROOT (NP=H (NP=H (NNP ) (NNP=H )) (: ) (S (NP (NNP ) (NNP ) (NNPS ) (NNP=H )) (VP=H (VBP=H ) (ADJP (JJ=H )))) (. ))),1,92653,"0,0860849747"
(ROOT (NP=H (NP=H (NNP ) (NNP ) (NNP=H )) (: ) (S (NP (NNP ) (NNPS ) (NNP ) (NNP ) (NN=H )) (VP=H (VBP=H ) (ADJP (JJ=H )))) (. ))),1,92654,"0,0860859038"
(ROOT (NP=H (NP=H (NNP=H )) (: ) (S (NP (NNP ) (NNPS ) (NNP ) (NNP ) (NN=H )) (VP=H (VBP=H ) (ADJP (JJ=H )))) (. ))),1,92655,"0,0860868329"
(ROOT (NP=H (NP=H (NP=H (NNP=H )) (PP (IN=H ) (NP (NNP=H )))) (: ) (NP (NP=H (NNP ) (NNP=H )) (SBAR (S=H (NP (NN ) (NNS=H )) (VP=H (VBP=H ) (ADJP (JJ=H )))))) (. ))),1,92656,"0,086087762"
(ROOT (NP=H (NP=H (NNPS=H )) (: ) (S (NP (NNP ) (NNPS ) (NNP=H )) (VP=H (VBP=H ) (ADJP (JJ=H )))) (. ))),1,92657,"0,0860886911"
(ROOT (NP=H (NP=H (NNP ) (NNP=H )) (: ) (S (NP (NP=H (NNP ) (NNPS=H )) (PP (IN=H ) (NP (NNP ) (NN=H )))) (VP=H (VBP=H ) (ADJP (JJ=H )))) (. ))),1,92658,"0,0860896202"
(ROOT (NP=H (NP=H (NNP=H )) (: ) (S (NP (NP=H (NNP=H )) (PP (IN=H ) (NP (DT ) (NNP ) (NN ) (NNS=H )))) (VP=H (VBP=H ) (ADJP (JJ=H )))) (. ))),1,92659,"0,0860905494"
(ROOT (NP=H (NP=H (NNP ) (NNP ) (NNP=H )) (: ) (S (NP (NP=H (NNP=H )) (PP (IN=H ) (NP (DT ) (NNP ) (NN=H )))) (VP=H (VBP=H ) (ADJP (JJ=H )))) (. ))),1,92660,"0,0860914785"
(ROOT (NP=H (NP=H (NNP ) (NNP ) (NNP=H )) (: ) (S (NP (NP=H (NNP=H )) (PP (IN=H ) (NP (DT ) (NNP ) (NN ) (NNS=H )))) (VP=H (VBP=H ) (ADJP (JJ=H )))) (. ))),1,92661,"0,0860924076"
(ROOT (S=H (NP (NP=H (NNP ) (NNP=H )) (PP (IN=H ) (NP (NP=H (DT ) (NNP=H )) (: ) (NP (NP=H (NNP=H )) (PP (IN=H ) (NP (DT ) (NNP ) (NN ) (NNS=H ))))))) (VP=H (VBP=H ) (ADJP (JJ=H ))) (. ))),1,92662,"0,0860933367"
(ROOT (NP=H (NP=H (NNP ) (NNP ) (NNP=H )) (: ) (S (NP (NP=H (NNP ) (NNP=H )) (PP (IN=H ) (NP (DT ) (NNP ) (NN=H )))) (VP=H (VBP=H ) (ADJP (JJ=H )))) (. ))),1,92663,"0,0860942658"
(ROOT (NP=H (NP=H (NP=H (NNP ) (NNP=H )) (PP (IN=H ) (NP (DT ) (NNP=H )))) (: ) (NP (NP=H (NNP ) (NNP=H )) (SBAR (S=H (NP (NN=H )) (VP=H (VBP=H ) (ADJP (JJ=H )))))) (. ))),1,92664,"0,0860951949"
(ROOT (NP=H (NP=H (NP=H (NNP ) (NNP=H )) (PP (IN=H ) (NP (DT ) (NNP=H )))) (: ) (NP (NP=H (NNP ) (NNP=H )) (SBAR (S=H (NP (NN ) (NNS=H )) (VP=H (VBP=H ) (ADJP (JJ=H )))))) (. ))),1,92665,"0,086096124"
(ROOT (NP=H (NP=H (NP=H (NNP=H )) (PP (IN=H ) (NP (NNP=H )))) (: ) (S (NP (NNP ) (NN ) (NNS=H )) (VP=H (VBP=H ) (ADJP (JJ=H )))) (. ))),1,92666,"0,0860970531"
(ROOT (NP=H (NP=H (NP=H (NNP=H )) (PP (IN=H ) (NP (DT ) (NNP=H )))) (: ) (S (NP (NNP ) (NN ) (NNS=H )) (VP=H (VBP=H ) (ADJP (JJ=H )))) (. ))),1,92667,"0,0860979822"
(ROOT (NP=H (NP=H (NNP=H )) (: ) (S (NP (NP=H (NNP ) (NNP=H )) (PP (IN=H ) (NP (DT ) (NNP ) (NN ) (NNS=H )))) (VP=H (VBP=H ) (ADJP (JJ=H )))) (. ))),1,92668,"0,0860989114"
(ROOT (NP=H (NP=H (NNP ) (NNP ) (NNP=H )) (: ) (S (NP (NP=H (NNP ) (NNP=H )) (PP (IN=H ) (NP (DT ) (NNP ) (NN ) (NNS=H )))) (VP=H (VBP=H ) (ADJP (JJ=H )))) (. ))),1,92669,"0,0860998405"
(ROOT (NP=H (NP=H (NNP ) (NNP=H )) (: ) (S (NP (NP=H (NNP ) (NNP=H )) (CC ) (NP (DT ) (NNP ) (NN=H ))) (VP=H (VBP=H ) (ADJP (JJ=H )))) (. ))),1,92670,"0,0861007696"
(ROOT (S=H (NP (NP=H (NN ) (NN=H )) (VP (VBN=H ) (PP (IN=H ) (NP (NP=H (DT ) (CD ) (NNS=H )) (CC ) (NP (CD ) (NNS=H )))))) (VP=H (VBP=H ) (ADJP (JJ=H ))) (. ))),1,92671,"0,0861016987"
"(ROOT (S=H (NP (NNP ) (NNP ) (NNP ) (, ) (NNP ) (NNPS ) (NNP ) (NNP ) (NN=H )) (VP=H (VBP=H ) (ADJP (JJ=H ))) (. )))",1,92672,"0,0861026278"
"(ROOT (S=H (NP (NP=H (NNP ) (NNP ) (NNP=H )) (, ) (NP (NNP ) (NNP ) (NNP ) (NNP ) (NNS=H ))) (VP=H (VBP=H ) (ADJP (JJ=H ))) (. )))",1,92673,"0,0861035569"
(ROOT (S=H (NP (NAC (NNP=H ) (NNP ) (PP (IN=H ) (NP (NNP=H )) (: ))) (NNP ) (NNP=H )) (VP=H (VBP=H ) (ADJP (JJ=H ))) (. ))),1,92674,"0,086104486"
(ROOT (NP=H (NP=H (NP=H (JJ ) (NNS=H )) (PP (IN=H ) (NP (NNP=H )))) (: ) (S (NP (NNP ) (NNP=H )) (VP=H (VBP=H ) (ADJP (JJ=H )))) (. ))),1,92675,"0,0861054151"
(ROOT (NP=H (NP=H (NP=H (NNP ) (NNP ) (NNP=H )) (PP (IN=H ) (NP (NNP=H )))) (: ) (S (NP (NNP ) (NNP=H )) (VP=H (VBP=H ) (ADJP (JJ=H )))) (. ))),1,92676,"0,0861063443"
(ROOT (NP=H (NP=H (NP=H (NNP ) (NNS=H )) (PP (IN=H ) (NP (NNP=H )))) (: ) (S (NP (NNP ) (NNP=H )) (VP=H (VBP=H ) (ADJP (JJ=H )))) (. ))),1,92677,"0,0861072734"
(ROOT (S=H (NP (NP=H (NNP ) (NNP ) (NNP=H )) (CC ) (NP (NP=H (DT ) (NN=H )) (PP (IN=H ) (NP (NNPS=H ))))) (VP=H (VBP=H ) (ADJP (JJ=H ))) (. ))),1,92678,"0,0861082025"
(ROOT (S=H (NP (NP=H (DT ) (NNP=H )) (CC ) (NP (NP=H (DT ) (NN=H )) (PP (IN=H ) (NP (NNPS=H ))))) (VP=H (VBP=H ) (ADJP (JJ=H ))) (. ))),1,92679,"0,0861091316"
(ROOT (S=H (NP (ADJP (JJ ) (JJ ) (NN=H )) (NN=H )) (VP=H (VBP=H ) (ADJP (JJ=H ))) (. ))),1,92680,"0,0861100607"
(ROOT (S=H (NP (NP=H (NNP ) (NNP=H )) (PP (TO=H ) (NP (NNP ) (NNP ) (CC ) (DT ) (NNPS=H )))) (VP=H (VBP=H ) (ADJP (JJ=H ))) (. ))),1,92681,"0,0861109898"
(ROOT (S=H (NP (NP=H (NP=H (NNP ) (NNP=H )) (CC ) (NP (DT ) (NNPS=H ))) (CC ) (NP (NP=H (DT ) (NN=H )) (PP (IN=H ) (NP (NNPS=H ))))) (VP=H (VBP=H ) (ADJP (JJ=H ))) (. ))),1,92682,"0,0861119189"
(ROOT (S=H (NP (NP=H (JJ ) (NNS ) (NNS=H )) (PP (IN=H ) (NP (NNP ) (NNPS=H )))) (VP=H (VBP=H ) (ADJP (JJ=H ))) (. ))),1,92683,"0,086112848"
(ROOT (S=H (NP (NP=H (NP (JJ ) (NNS ) (POS=H )) (NNS=H ) (CC ) (NNS )) (PP (IN=H ) (NP (DT ) (NNP ) (NNP=H )))) (VP=H (VBP=H ) (ADJP (JJ=H ))) (. ))),1,92684,"0,0861137771"
(ROOT (S=H (NP (NP=H (NNP ) (NNP=H )) (PP (IN=H ) (NP (NP=H (NNP=H )) (PP (TO=H ) (NP (DT ) (NNP ) (NNPS=H )))))) (VP=H (VBP=H ) (ADJP (JJ=H ))) (. ))),1,92685,"0,0861147063"
(ROOT (S=H (NP (NP=H (NNP ) (NNP=H )) (PP (IN=H ) (NP (NP=H (NNP=H )) (PP (TO=H ) (NP (NNP ) (NNP ) (CC ) (DT ) (NNPS=H )))))) (VP=H (VBP=H ) (ADJP (JJ=H ))) (. ))),1,92686,"0,0861156354"
(ROOT (S=H (NP (NP=H (NN=H )) (PP (IN=H ) (NP (NP=H (DT ) (NN ) (NN=H )) (PP (IN=H ) (NP (DT ) (NNP ) (NNPS=H )))))) (VP=H (VBP=H ) (ADJP (JJ=H ))) (. ))),1,92687,"0,0861165645"
(ROOT (S=H (NP (ADJP (RB=H ) (PP (IN=H ) (NP (DT ) (NN=H )))) (NNS=H )) (VP=H (VBP=H ) (ADJP (JJ=H ))) (. ))),1,92688,"0,0861174936"
(ROOT (S=H (NP (NN ) (CC ) (NNP ) (NNP ) (NN ) (CC ) (NN ) (NN ) (NN ) (NN=H )) (VP=H (VBP=H ) (ADJP (JJ=H ))) (. ))),1,92689,"0,0861184227"
"(ROOT (S=H (S (NP (NNP ) (NNS=H )) (VP=H (VBN=H ) (ADVP (RB=H )) (PP (IN=H ) (NP (NNP=H ))))) (, ) (NP (NNP=H )) (VP=H (VBP=H ) (ADJP (JJ=H ))) (. )))",1,92690,"0,0861193518"
(ROOT (S=H (NP (NP=H (NNP ) (NNP=H )) (PRN (-LRB- ) (NP=H (NNS=H )) (-RRB- ))) (VP=H (VBP=H ) (SBAR (S=H (NP (NNS=H )) (VP=H (VBP=H ) (ADJP (JJ=H )))))) (. ))),1,92691,"0,0861202809"
(ROOT (S=H (NP (NP=H (RB ) (JJ ) (NN=H )) (PP (IN=H ) (NP (NP=H (DT ) (NNP ) (NNPS=H )) (PP (IN=H ) (NP (NN=H )))))) (VP=H (VBP=H ) (ADJP (JJ=H ))) (. ))),1,92692,"0,08612121"
(ROOT (S=H (NP (NP=H (NP (NNP ) (POS=H )) (JJ ) (NN=H )) (PP (IN=H ) (NP (DT ) (NNP ) (NNPS=H )))) (VP=H (VBP=H ) (ADJP (JJ=H ))) (. ))),1,92693,"0,0861221391"
(ROOT (NP=H (NP=H (NNP ) (NNP ) (NNP=H )) (: ) (S (NP (NNP ) (NNP ) (NN ) (NN ) (NNS=H )) (VP=H (VBP=H ) (ADJP (JJ=H )))) (. ))),1,92694,"0,0861230683"
(ROOT (S=H (NP (NP=H (JJ ) (NN=H )) (SBAR (WHNP=H (WDT=H )) (S (VP=H (MD=H ) (RB ) (VP (VB=H ) (NP (NP=H (DT ) (NNS=H )) (PP (IN=H ) (NP (CD ) (NN ) (NN=H ))))))))) (VP=H (VBP=H ) (ADJP (JJ=H ))) (. ))),1,92695,"0,0861239974"
(ROOT (S=H (NP (NP=H (NNP ) (NNP ) (NNS ) (NNS=H )) (PP (IN=H ) (NP (NN=H ) (CC ) (NN )))) (VP=H (VBP=H ) (ADJP (JJ=H ))) (. ))),1,92696,"0,0861249265"
"(ROOT (S=H (NP (NP=H (NNP=H )) (PP (IN=H ) (NP (NP=H (NNPS ) (, ) (NNPS=H ) (CC ) (NNPS )) (PP (IN=H ) (NP (JJ ) (JJ ) (NN=H )))))) (VP=H (VBP=H ) (ADJP (JJ=H ))) (. )))",1,92697,"0,0861258556"
"(ROOT (S=H (S (NP=H (NP=H (NNS=H )) (PP (IN=H ) (NP (NP=H (DT ) (NNP=H )) (PP (IN=H ) (NP (NNP ) (CC ) (NNP ) (NNPS=H ))))))) (, ) (NP (NNP=H )) (VP=H (VBP=H ) (ADJP (JJ=H ))) (. )))",1,92698,"0,0861267847"
(ROOT (S=H (NP (NP=H (NN ) (NN=H )) (PP (IN=H ) (NP (DT ) (NNP ) (NNPS ) (NNP=H )))) (VP=H (VBP=H ) (ADJP (JJ=H ))) (. ))),1,92699,"0,0861277138"
(ROOT (S=H (NP (NP=H (NN=H )) (PP (IN=H ) (NP (NP=H (NNP ) (NNP ) (NNPS=H )) (PP (IN=H ) (NP (NN=H )))))) (VP=H (VBP=H ) (ADJP (JJ=H ))) (. ))),1,92700,"0,0861286429"
(ROOT (S=H (NP (NP=H (NN=H )) (PP (IN=H ) (NP (DT ) (NNPS ) (CC ) (NNP ) (NNP=H ))) (PP (IN=H ) (NP (NN=H )))) (VP=H (VBP=H ) (ADJP (JJ=H ))) (. ))),1,92701,"0,086129572"
(ROOT (S=H (NP (NP=H (NN ) (NN=H )) (PP (IN=H ) (NP (NP=H (DT ) (NN=H )) (PP (IN=H ) (NP (DT ) (NNP ) (NNPS=H )))))) (VP=H (VBP=H ) (ADJP (JJ=H ))) (. ))),1,92702,"0,0861305012"
(ROOT (S=H (NP (NP=H (NNP ) (NNP=H )) (PP (IN=H ) (NP (JJ ) (CC ) (JJ ) (NNS=H )))) (VP=H (VBP=H ) (ADJP (JJ=H ))) (. ))),1,92703,"0,0861314303"
(ROOT (S=H (NP (NP=H (NNP ) (NN ) (NN ) (NN=H )) (PP (IN=H ) (NP (NNS=H )))) (VP=H (VBP=H ) (ADJP (JJ=H ))) (. ))),1,92704,"0,0861323594"
(ROOT (S=H (NP (NP (NNP ) (NNPS ) (NNP ) (POS=H )) (NNP ) (NNP=H ) (PRN (-LRB- ) (NP=H (NN=H )) (-RRB- ))) (VP=H (VBP=H ) (ADJP (JJ=H ))) (. ))),1,92705,"0,0861332885"
(ROOT (S=H (NP (NP (CD ) (NNS ) (POS=H )) (NNP ) (NNS=H )) (VP=H (VBP=H ) (ADJP (JJ=H ))) (. ))),1,92706,"0,0861342176"
(ROOT (FRAG=H (X (JJ ) (. ) (NNP=H )) (: ) (NP=H (NP=H (NN=H )) (SBAR (S=H (NP (NNP ) (NNP ) (NNP=H ) (CD )) (VP=H (VBP=H ) (ADJP (JJ=H )))))) (. ))),1,92707,"0,0861351467"
(ROOT (S=H (S (VP=H (VBG=H ) (CC ) (VBG ) (PP (IN=H ) (NP (DT ) (NNPS ) (NNPS=H ))))) (VP=H (VBP=H ) (ADJP (JJ=H ))) (. ))),1,92708,"0,0861360758"
(ROOT (S=H (NP (NP=H (JJ ) (NN=H )) (PP (IN=H ) (NP (DT ) (JJ ) (NNP ) (NNP ) (NNS=H )))) (VP=H (VBP=H ) (ADJP (JJ=H ))) (. ))),1,92709,"0,0861370049"
(ROOT (S=H (NP (NP=H (NNP=H )) (VP (VBG=H ) (PP (IN=H ) (NP (DT ) (NNPS ) (NNPS=H ))))) (VP=H (VBP=H ) (ADJP (JJ=H ))) (. ))),1,92710,"0,086137934"
(ROOT (S=H (NP (NP=H (NN ) (NN ) (NN=H )) (VP (VBG=H ) (PP (IN=H ) (NP (DT ) (NNP ) (NNPS=H ))))) (VP=H (VBP=H ) (ADJP (JJ=H ))) (. ))),1,92711,"0,0861388632"
(ROOT (S=H (NP (NP=H (JJ ) (NN ) (NN=H )) (VP (VBG=H ) (PP (IN=H ) (NP (DT ) (NNP ) (NNPS=H ))))) (VP=H (VBP=H ) (ADJP (JJ=H ))) (. ))),1,92712,"0,0861397923"
(ROOT (S=H (NP (NP=H (JJ=H )) (PP (VBN=H ) (PP (IN=H ) (NP (DT ) (NNP ) (NNPS=H ))))) (VP=H (VBP=H ) (ADJP (JJ=H ))) (. ))),1,92713,"0,0861407214"
(ROOT (S=H (NP (NP=H (NNP=H )) (PP (IN=H ) (NP (NP=H (NN=H )) (PP (IN=H ) (NP (DT ) (NNPS ) (NNPS=H )))))) (VP=H (VBP=H ) (ADJP (JJ=H ))) (. ))),1,92714,"0,0861416505"
(ROOT (S=H (NP (NP=H (NNP ) (IN ) (NNP=H )) (PP (IN=H ) (NP (DT ) (NNPS ) (NNPS=H )))) (VP=H (VBP=H ) (ADJP (JJ=H ))) (. ))),1,92715,"0,0861425796"
(ROOT (S=H (NP (NAC (NNP=H ) (PP (IN=H ) (NP (NNP ) (NNP ) (NNS=H )))) (NNS=H )) (VP=H (VBP=H ) (ADJP (JJ=H ))) (. ))),1,92716,"0,0861435087"
(ROOT (S=H (PP (IN=H ) (NP (DT ) (NNP ) (NN=H ))) (NP (NNS=H )) (VP=H (VBP=H ) (ADJP (JJ=H ))) (. ))),1,92717,"0,0861444378"
(ROOT (S=H (NP (NNP=H )) (VP=H (VBP=H ) (CC ) (VBP ) (NP (NP=H (NNS=H )) (SBAR (S=H (VP=H (VBP=H ) (ADJP (JJ=H ))))))) (. ))),1,92718,"0,0861453669"
(ROOT (S=H (NP (NP=H (NP (NNP ) (POS=H )) (JJ ) (NNS ) (NNS=H )) (PP (IN=H ) (NP (NNPS=H )))) (VP=H (VBP=H ) (ADJP (JJ=H ))) (. ))),1,92719,"0,0861462961"
(ROOT (S=H (ADVP (RB=H )) (NP (NP=H (NNP ) (NNP=H )) (PRN (-LRB- ) (NP=H (CD ) (NNS=H )) (-RRB- ))) (VP=H (VBP=H ) (ADJP (JJ=H ))) (. ))),1,92720,"0,0861472252"
(ROOT (S=H (NP (NNP ) (NNP ) (NNP ) (CC ) (NNP ) (JJ ) (NN ) (NNS=H )) (VP=H (VBP=H ) (ADJP (JJ=H ))) (. ))),1,92721,"0,0861481543"
(ROOT (S=H (NP (NNP=H )) (VP=H (VBD=H ) (SBAR (S=H (NP (NP=H (NNS=H )) (PP (IN=H ) (S (VP=H (VBG=H ) (NP (NP=H (NNS=H )) (PP (IN=H ) (NP (NNP=H )))))))) (VP=H (VBP=H ) (ADJP (JJ=H )))))) (. ))),1,92722,"0,0861490834"
"(ROOT (S=H (PP (ADVP (RB=H )) (IN=H ) (NP (JJ ) (NN=H ))) (, ) (NP (NP=H (NNP=H )) (PP (IN=H ) (NP (NNP ) (NNS=H )))) (VP=H (VBP=H ) (ADJP (JJ=H ))) (. )))",1,92723,"0,0861500125"
(ROOT (S=H (NP (NP=H (NNP=H )) (CC ) (NP (NP=H (NNS=H )) (VP (VBN=H ) (PP (IN=H ) (NP (NNS=H ))) (PP (IN=H ) (NP (NNP ) (NNP=H )))))) (VP=H (VBP=H ) (ADJP (JJ=H ))) (. ))),1,92724,"0,0861509416"
(ROOT (S=H (NP (NP (NP=H (NNS=H )) (ADVP (NNP ) (NNP=H ))) (NNS=H )) (VP=H (VBP=H ) (ADJP (JJ=H ))) (. ))),1,92725,"0,0861518707"
(ROOT (NP=H (NP=H (NNP ) (NNPS ) (NN=H )) (: ) (NP (NP=H (NN ) (NN=H )) (SBAR (S=H (NP (NN ) (NN=H )) (VP=H (VBP=H ) (ADJP (JJ=H )))))) (. ))),1,92726,"0,0861527998"
"(ROOT (S=H (NP (NP=H (NNP ) (NNP=H )) (PP (IN=H ) (NP (NP=H (JJ ) (NN ) (NNS=H )) (PP (IN=H ) (NP (NP=H (NNP ) (NNP=H )) (, ) (NP (NNP=H ))))))) (VP=H (VBP=H ) (ADJP (JJ=H ))) (. )))",1,92727,"0,0861537289"
(ROOT (S=H (NP (NP (CD ) (POS=H )) (NN=H ) (S (VP=H (VBG=H ) (NP (JJ ) (NNS=H ))))) (VP=H (VBP=H ) (ADJP (JJ=H ))) (. ))),1,92728,"0,0861546581"
(ROOT (S=H (ADVP (RB=H )) (PP (IN=H ) (NP (DT ) (NNP=H ))) (PRN (-LRB- ) (NP=H (NN ) (NN=H )) (-RRB- )) (VP=H (VBP=H ) (ADJP (JJ=H ))) (. ))),1,92729,"0,0861555872"
(ROOT (S=H (NP (NP=H (NNP ) (NNP ) (NNP ) (NNP ) (NNP ) (NNP=H )) (PP (IN=H ) (NP (JJ ) (NNP ) (NNP ) (NNS=H )))) (VP=H (VBP=H ) (ADJP (JJ=H ))) (. ))),1,92730,"0,0861565163"
(ROOT (S=H (NP (NP=H (NNP ) (NNP=H )) (PP (IN=H ) (NP (NP=H (DT ) (NN=H )) (PP (IN=H ) (NP (NP=H (DT ) (NN=H )) (PP (IN=H ) (NP (DT ) (NNPS=H )))))))) (VP=H (VBP=H ) (ADJP (JJ=H ))) (. ))),1,92731,"0,0861574454"
(ROOT (NP=H (NP=H (DT ) (NNP=H )) (: ) (S (NP (NNP ) (NNP ) (NNS=H )) (VP=H (VBP=H ) (ADJP (JJ=H )))) (. ))),1,92732,"0,0861583745"
(ROOT (S=H (NP (NP (NNP ) (NNP ) (POS=H )) (NP (NNP ) (NNPS ) (POS=H )) (NN ) (NNS=H )) (VP=H (VBP=H ) (ADJP (JJ=H ))) (. ))),1,92733,"0,0861593036"
(ROOT (NP=H (NP=H (NNP ) (NNPS=H ) (CC ) (NNPS )) (: ) (S (NP (NNP ) (NNP ) (NNS=H )) (VP=H (VBP=H ) (ADJP (JJ=H )))) (. ))),1,92734,"0,0861602327"
(ROOT (S=H (NP (NP=H (NNP ) (NNP ) (NNP=H )) (PP (IN=H ) (NP (JJS ) (JJ ) (NNS=H )))) (VP=H (VBP=H ) (ADJP (JJ=H ))) (. ))),1,92735,"0,0861611618"
(ROOT (NP=H (NP=H (NP=H (NNP ) (NNP=H )) (CC ) (NP (DT ) (NNPS=H ))) (: ) (NP (NP=H (NNP ) (NNP=H )) (SBAR (S=H (NP (NNS=H )) (VP=H (VBP=H ) (ADJP (JJ=H )))))) (. ))),1,92736,"0,0861620909"
(ROOT (S=H (NP (NP=H (NNP ) (NNP ) (NNP=H )) (PP (IN=H ) (NP (NP (JJS ) (JJ ) (NNS ) (POS=H )) (NNP=H )))) (VP=H (VBP=H ) (ADJP (JJ=H ))) (. ))),1,92737,"0,0861630201"
(ROOT (S=H (NP (NP=H (NNP ) (NNP=H )) (PP (IN=H ) (NP (NP=H (DT ) (NNP ) (NNP=H )) (PP (TO=H ) (NP (NNP ) (NNP ) (CC ) (DT ) (NNPS=H )))))) (VP=H (VBP=H ) (ADJP (JJ=H ))) (. ))),1,92738,"0,0861639492"
(ROOT (S=H (NP (NNP ) (NNP ) (NNP=H )) (PRN (-LRB- ) (NP=H (NP=H (CD=H )) (: ) (NP (NN=H ))) (-RRB- )) (NP (JJ ) (NNS=H )) (VP=H (VBP=H ) (ADJP (JJ=H ))) (. ))),1,92739,"0,0861648783"
(ROOT (S=H (NP (NNP ) (NNP ) (NNP=H )) (PRN (-LRB- ) (NP=H (CD=H )) (-RRB- )) (NP (NN ) (NN ) (NNS=H )) (VP=H (VBP=H ) (ADJP (JJ=H ))) (. ))),1,92740,"0,0861658074"
(ROOT (S=H (NP (NN ) (NN=H )) (VP=H (VBZ=H ) (SBAR (S=H (NP (JJ ) (NNS=H )) (VP=H (VBP=H ) (ADJP (JJ=H )))))) (. ))),1,92741,"0,0861667365"
(ROOT (S=H (NP (NP=H (NNP ) (NNP=H )) (PRN (-LRB- ) (NP=H (JJ ) (NN=H )) (-RRB- ))) (VP=H (VBP=H ) (SBAR (S=H (NP (NNS=H )) (VP=H (VBP=H ) (ADJP (JJ=H )))))) (. ))),1,92742,"0,0861676656"
(ROOT (S=H (NP (NP=H (NNP ) (NNP=H )) (PRN (-LRB- ) (NP=H (JJ ) (NN=H )) (-RRB- ))) (VP=H (VBD=H ) (SBAR (S=H (NP (JJ ) (NNS=H )) (VP=H (VBP=H ) (ADJP (JJ=H )))))) (. ))),1,92743,"0,0861685947"
(ROOT (S=H (NP (NP=H (NNP=H )) (VP (VBG=H ) (PP (IN=H ) (NP (NN ) (NN ) (NNS=H ))))) (VP=H (VBP=H ) (ADJP (JJ=H ))) (. ))),1,92744,"0,0861695238"
(ROOT (S=H (NP (NP=H (JJ ) (NNP ) (NNP ) (JJ ) (NN=H )) (NP (JJ ) (NNS=H ))) (VP=H (VBP=H ) (ADJP (JJ=H ))) (. ))),1,92745,"0,086170453"
(ROOT (S=H (NP (NP (JJ ) (NNP ) (POS=H )) (NNP ) (NNP ) (JJ ) (NN=H )) (VP=H (VBP=H ) (SBAR (S=H (NP (NNS=H )) (VP=H (VBP=H ) (ADJP (JJ=H )))))) (. ))),1,92746,"0,0861713821"
(ROOT (S=H (NP (NP (NNP ) (POS=H )) (NNP ) (NNP ) (NNP ) (NNS ) (NN=H )) (VP=H (VBP=H ) (SBAR (S=H (NP (NNS=H )) (VP=H (VBP=H ) (ADJP (JJ=H )))))) (. ))),1,92747,"0,0861723112"
(ROOT (S=H (NP (NP=H (NP (NNP ) (POS=H )) (NNP ) (NNP ) (NNP ) (NN=H )) (PP (IN=H ) (NP (NN ) (NN ) (NNS=H )))) (VP=H (VBP=H ) (ADJP (JJ=H ))) (. ))),1,92748,"0,0861732403"
(ROOT (S=H (NP (NP (NNP ) (POS=H )) (NNP ) (NNP ) (NNP=H )) (VP=H (VBZ=H ) (SBAR (S=H (NP (JJ ) (NNS=H )) (VP=H (VBP=H ) (ADJP (JJ=H )))))) (. ))),1,92749,"0,0861741694"
(ROOT (S=H (NP (NP (NNP ) (POS=H )) (NNP ) (NNP ) (NNP ) (NN ) (NN=H )) (VP=H (VBP=H ) (SBAR (S=H (NP (NNS=H )) (VP=H (VBP=H ) (ADJP (JJ=H )))))) (. ))),1,92750,"0,0861750985"
(ROOT (S=H (NP (NP=H (JJ ) (NN=H )) (PP (IN=H ) (NP (NNP ) (NNP ) (NNPS ) (NNP=H )))) (VP=H (VBP=H ) (ADJP (JJ=H ))) (. ))),1,92751,"0,0861760276"
(ROOT (S=H (NP (NP=H (JJ ) (NN=H )) (PP (IN=H ) (NP (JJS ) (JJ ) (NNS=H )))) (VP=H (VBP=H ) (ADJP (JJ=H ))) (. ))),1,92752,"0,0861769567"
(ROOT (S=H (NP (NP=H (JJ ) (NN=H )) (PP (IN=H ) (NP (JJS ) (JJ ) (NNS=H )))) (ADVP (RB=H )) (VP=H (VBP=H ) (ADJP (JJ=H ))) (. ))),1,92753,"0,0861778858"
(ROOT (S=H (S=H (NP (PRP=H )) (VP=H (VBP=H ) (NP (DT ) (NNP=H )))) (: ) (S (S (VP=H (VB=H ) (S (NP=H (PRP=H )) (PP (IN=H ) (PP (IN=H ) (FRAG (ADVP=H (RB=H )) (. ))))))) (NP (JJ ) (NNS=H )) (VP=H (VBP=H ) (ADJP (JJ=H )))) (. ))),1,92754,"0,086178815"
(ROOT (S=H (NP (NP=H (NNS ) (CC ) (NNS ) (JJ ) (NNS=H )) (PP (IN=H ) (NP (NN=H )))) (VP=H (VBP=H ) (ADJP (JJ=H ))) (. ))),1,92755,"0,0861797441"
(ROOT (S=H (NP (NP=H (NNP ) (NNPS ) (NNP=H )) (PP (IN=H ) (NP (NNS=H ) (CC ) (NNS )))) (VP=H (VBP=H ) (SBAR (S=H (NP (NNS=H )) (VP=H (VBP=H ) (ADJP (JJ=H )))))) (. ))),1,92756,"0,0861806732"
(ROOT (S=H (NP (NN=H ) (CC ) (NNS )) (VP=H (VBP=H ) (SBAR (S=H (NP (NNS=H )) (VP=H (VBP=H ) (ADJP (JJ=H )))))) (. ))),1,92757,"0,0861816023"
(ROOT (S=H (NP (NP=H (NP (NNS ) (POS=H )) (NNP=H )) (PP (IN=H ) (NP (NNP ) (NNS=H ) (CC ) (NNS )))) (VP=H (VBP=H ) (SBAR (S=H (NP (NNS=H )) (VP=H (VBP=H ) (ADJP (JJ=H )))))) (. ))),1,92758,"0,0861825314"
(ROOT (S=H (NP (NP (NNP ) (POS=H )) (NNP ) (NNP ) (NNP ) (JJ ) (NN=H )) (VP=H (VBP=H ) (SBAR (S=H (NP (NNS=H )) (VP=H (VBP=H ) (ADJP (JJ=H )))))) (. ))),1,92759,"0,0861834605"
(ROOT (S=H (NP (NP=H (NNP=H )) (SBAR (WHNP=H (WP=H )) (S (VP=H (VBZ=H ) (NP (JJ ) (NNS=H )))))) (VP=H (VBP=H ) (ADJP (JJ=H ))) (. ))),1,92760,"0,0861843896"
(ROOT (S=H (NP (NP=H (NNP=H )) (PP (IN=H ) (NP (NP=H (JJ ) (NNS=H ) (CC ) (NNS )) (PP (IN=H ) (NP (NNP ) (NNS=H )))))) (VP=H (VBP=H ) (ADJP (JJ=H ))) (. ))),1,92761,"0,0861853187"
(ROOT (NP=H (NP=H (NNP ) (NNP ) (JJ ) (VBN ) (NNS=H )) (: ) (S (NP (NNS=H )) (VP=H (VBP=H ) (ADJP (JJ=H )))) (. ))),1,92762,"0,0861862478"
(ROOT (S=H (NP (NP (CD ) (NNS ) (POS=H )) (NNP ) (NNPS ) (NNP=H )) (VP=H (VBP=H ) (ADJP (JJ=H ))) (. ))),1,92763,"0,086187177"
(ROOT (S=H (NP (NP=H (NNP ) (NNP ) (NNP ) (NNP ) (NNP ) (NNP=H )) (PP (IN=H ) (NP (NN ) (NNS=H )))) (VP=H (VBP=H ) (ADJP (JJ=H ))) (. ))),1,92764,"0,0861881061"
(ROOT (S=H (NP (NNS ) (CC ) (NN ) (NNS ) (NNS=H )) (VP=H (VBP=H ) (ADJP (JJ=H ))) (. ))),1,92765,"0,0861890352"
(ROOT (S=H (NP (NP=H (NN ) (NNS ) (NNS=H )) (PP (IN=H ) (NP (NNP ) (NNP=H )))) (VP=H (VBP=H ) (ADJP (JJ=H ))) (. ))),1,92766,"0,0861899643"
(ROOT (S=H (NP (JJ ) (PRN (: ) (NP=H (NN=H )) (: )) (JJ ) (NNS=H )) (VP=H (VBP=H ) (ADJP (JJ=H ))) (. ))),1,92767,"0,0861908934"
(ROOT (S=H (NP (NP=H (NNP=H )) (PP (IN=H ) (NP (NP=H (DT ) (NNP=H )) (PP (IN=H ) (NP (DT ) (NNP ) (NN ) (NNS=H )))))) (VP=H (VBP=H ) (ADJP (JJ=H ))) (. ))),1,92768,"0,0861918225"
(ROOT (S=H (NP (NP (NNP=H )) (PRN (-LRB- ) (NP=H (CD ) (NNP ) (NNS=H )) (-RRB- )) (NNS=H )) (VP=H (VBP=H ) (ADJP (JJ=H ))) (. ))),1,92769,"0,0861927516"
(ROOT (S=H (NP (NP=H (JJ ) (NN ) (NN=H )) (CC ) (NP (VBG ) (NNS=H ))) (VP=H (VBP=H ) (ADJP (JJ=H ))) (. ))),1,92770,"0,0861936807"
(ROOT (S=H (NP (NP=H (JJ ) (NN ) (NN=H )) (CC ) (NP (VBG ) (NN ) (NNS=H ))) (VP=H (VBP=H ) (ADJP (JJ=H ))) (. ))),1,92771,"0,0861946099"
(ROOT (S=H (NP (ADJP (JJ=H ) (PP (TO=H ) (NP (NP=H (DT ) (NNP ) (NNP ) (NNP=H )) (PP (IN=H ) (NP (NP=H (NNP ) (NNP=H )) (PRN (-LRB- ) (NP=H (NN=H )) (-RRB- ))))))) (NNS=H )) (VP=H (VBP=H ) (ADJP (JJ=H ))) (. ))),1,92772,"0,086195539"
(ROOT (S=H (NP (NP (NNP ) (NNPS ) (NNP ) (NNP=H )) (PRN (-LRB- ) (NP=H (NP=H (CD=H )) (: ) (NP (CD=H ))) (-RRB- )) (NNS=H )) (VP=H (VBP=H ) (ADJP (JJ=H ))) (. ))),1,92773,"0,0861964681"
(ROOT (NP=H (NP=H (NNP=H )) (: ) (S (NP (NP (NNP ) (NNP ) (POS=H )) (NNP ) (NN=H )) (VP=H (VBP=H ) (SBAR (S=H (NP (NNS=H )) (VP=H (VBP=H ) (ADJP (JJ=H ))))))) (. ))),1,92774,"0,0861973972"
(ROOT (S=H (NP (NP (NNP ) (NNP ) (NNPS=H )) (PRN (-LRB- ) (NP=H (NP=H (CD=H )) (: ) (NP (CD=H ))) (-RRB- )) (NNS=H )) (VP=H (VBP=H ) (ADJP (JJ=H ))) (. ))),1,92775,"0,0861983263"
(ROOT (S=H (NP (NP=H (NN=H )) (PP (IN=H ) (NP (NP=H (NNP ) (NNP=H )) (CC ) (NP (NP=H (DT ) (NNPS=H )) (PP (IN=H ) (NP (NN=H ))))))) (VP=H (VBP=H ) (ADJP (JJ=H ))) (. ))),1,92776,"0,0861992554"
(ROOT (S=H (NP (NP=H (JJ ) (NNP ) (NN=H )) (CC ) (NP (NN ) (NN ) (NNS=H ))) (VP=H (VBP=H ) (ADJP (JJ=H ))) (. ))),1,92777,"0,0862001845"
(ROOT (S=H (NP (NP=H (ADJP (NNP=H ) (NNP )) (NN=H )) (CC ) (NP (NN ) (NN ) (NNS=H ))) (VP=H (VBP=H ) (ADJP (JJ=H ))) (. ))),1,92778,"0,0862011136"
(ROOT (NP=H (NP=H (NNP=H )) (: ) (NP (NP=H (NP (NNP ) (NNP ) (POS=H )) (NNS=H )) (SBAR (S=H (NP (JJ ) (NNS=H )) (VP=H (VBP=H ) (ADJP (JJ=H )))))) (. ))),1,92779,"0,0862020427"
(ROOT (S=H (NP (NNP=H )) (PRN (-LRB- ) (NP=H (NN=H )) (-RRB- )) (NP (NNS=H ) (CC ) (NNS )) (VP=H (VBP=H ) (ADJP (JJ=H ))) (. ))),1,92780,"0,0862029719"
(ROOT (S=H (NP (NP=H (NNP ) (NNP=H )) (SBAR (WHNP=H (WP=H )) (S (VP=H (VBP=H ) (S (VP=H (TO=H ) (VP (VP=H (VB=H ) (NP (NNS=H ))) (CC ) (VP (VB=H ) (PP (TO=H ) (NP (DT ) (NN=H ))))))))))) (VP=H (VBP=H ) (ADJP (JJ=H ))) (. ))),1,92781,"0,086203901"
(ROOT (S=H (NP (NNP=H )) (PP (IN=H ) (NP (JJ ) (NN ) (NNS=H ))) (VP=H (VBP=H ) (ADJP (JJ=H ))) (. ))),1,92782,"0,0862048301"
"(ROOT (S=H (S (VP=H (VBG=H ) (NP (NN ) (NN ) (NNS=H )))) (, ) (NP (NNP=H )) (VP=H (VBP=H ) (ADJP (JJ=H ))) (. )))",1,92783,"0,0862057592"
(ROOT (S=H (NP (NP=H (NP=H (NNP=H )) (PP (IN=H ) (NP (NNP ) (CC ) (NNP ) (NNP=H )))) (PRN (-LRB- ) (NP=H (NP=H (NNP ) (NNP=H )) (PP (IN=H ) (NP (DT ) (NNP=H )))) (-RRB- ))) (VP=H (VBP=H ) (SBAR (S=H (NP (NNS=H )) (VP=H (VBP=H ) (ADJP (JJ=H )))))) (. ))),1,92784,"0,0862066883"
(ROOT (S=H (NP (NNP ) (NNP ) (CC ) (NNP ) (NNPS ) (NNS=H )) (VP=H (VBP=H ) (SBAR (S=H (NP (NNS=H )) (VP=H (VBP=H ) (ADJP (JJ=H )))))) (. ))),1,92785,"0,0862076174"
(ROOT (S=H (NP (NP=H (NN=H )) (VP (VBG=H ) (PP (IN=H ) (NP (DT ) (NNPS ) (NNP ) (NN ) (NNS=H ))))) (VP=H (VBP=H ) (ADJP (JJ=H ))) (. ))),1,92786,"0,0862085465"
(ROOT (S=H (NP (NP=H (NNP ) (NNPS ) (JJ ) (NN ) (JJ ) (NN=H )) (NP (JJ ) (NNS=H ))) (VP=H (VBP=H ) (ADJP (JJ=H ))) (. ))),1,92787,"0,0862094756"
(ROOT (S=H (NP (NP=H (NP=H (NNP=H )) (PRN (-LRB- ) (NNP ) (NN=H ) (-RRB- ))) (ADJP (JJ=H ))) (VP=H (NN=H ) (SBAR (S=H (NP (JJ ) (NN ) (NN ) (NNS=H )) (VP=H (VBP=H ) (ADJP (JJ=H )))))) (. ))),1,92788,"0,0862104047"
(ROOT (NP=H (NP=H (NNP ) (PRN (-LRB- ) (NNP ) (NN=H ) (-RRB- )) (NNP=H )) (NP (NP=H (DT ) (JJ ) (NN=H )) (SBAR (S=H (NP (JJ ) (NNS=H )) (VP=H (VBP=H ) (ADJP (JJ=H )))))) (. ))),1,92789,"0,0862113339"
(ROOT (S=H (NP (NP=H (NNP ) (NNP ) (NNP ) (NNP=H )) (PP (IN=H ) (NP (JJS ) (NNP ) (NN ) (NNS=H )))) (VP=H (VBP=H ) (ADJP (JJ=H ))) (. ))),1,92790,"0,086212263"
(ROOT (S=H (NP (NP=H (NNP ) (NNP ) (NNP ) (NNP=H )) (PP (IN=H ) (NP (JJS ) (JJ ) (NN ) (NNS=H )))) (VP=H (VBP=H ) (ADJP (JJ=H ))) (. ))),1,92791,"0,0862131921"
(ROOT (S=H (NP (NNP=H )) (VP=H (VBP=H ) (SBAR (S=H (NP (NP=H (DT ) (NNP ) (NNPS=H )) (PP (IN=H ) (NP (NN=H )))) (VP=H (VBP=H ) (ADJP (JJ=H )))))) (. ))),1,92792,"0,0862141212"
(ROOT (S=H (NP (NP=H (NNP ) (NNPS ) (NNP ) (NN ) (NNS=H )) (PP (IN=H ) (NP (DT ) (NNP ) (NNPS=H )))) (VP=H (VBP=H ) (ADJP (JJ=H ))) (. ))),1,92793,"0,0862150503"
(ROOT (S=H (NP (NP=H (NNP ) (NNPS ) (NN=H )) (CC ) (NP (NP=H (NN ) (NNS=H )) (PP (IN=H ) (NP (DT ) (NNP ) (NNPS=H ))))) (VP=H (VBP=H ) (ADJP (JJ=H ))) (. ))),1,92794,"0,0862159794"
(ROOT (S=H (NP (NP=H (NNP ) (NNPS ) (NNP ) (NN ) (NNS=H )) (PP (IN=H ) (NP (NNP ) (NNP=H )))) (VP=H (VBP=H ) (ADJP (JJ=H ))) (. ))),1,92795,"0,0862169085"
(ROOT (S=H (NP (NP=H (NNP ) (NNP=H )) (PP (IN=H ) (NP (NP=H (DT ) (NNP=H )) (PP (IN=H ) (NP (NP=H (NNPS=H )) (PP (IN=H ) (NP (NNP ) (NNS=H )))))))) (VP=H (VBP=H ) (ADJP (JJ=H ))) (. ))),1,92796,"0,0862178376"
(ROOT (S=H (NP (NP=H (NNP ) (NNPS ) (NNP ) (NNP ) (JJ ) (NN=H )) (PP (IN=H ) (NP (NN ) (NN ) (NN=H )))) (VP=H (VBP=H ) (ADJP (JJ=H ))) (. ))),1,92797,"0,0862187668"
(ROOT (S=H (NP (NP=H (JJ ) (NN=H )) (PP (IN=H ) (NP (NP=H (NNP ) (NNP=H )) (PP (IN=H ) (NP (DT ) (NNPS=H )))))) (VP=H (VBP=H ) (ADJP (JJ=H ))) (. ))),1,92798,"0,0862196959"
(ROOT (S=H (NP (NP=H (NN ) (NN=H )) (PP (IN=H ) (NP (NP=H (DT ) (NNS=H )) (PP (IN=H ) (NP (NNP=H )))))) (VP=H (VBP=H ) (ADJP (JJ=H ))) (. ))),1,92799,"0,086220625"
(ROOT (S=H (NP (NP=H (NN=H )) (PP (IN=H ) (NP (NP=H (DT ) (NNS=H )) (PP (IN=H ) (NP (NNP=H )))))) (VP=H (VBP=H ) (ADJP (JJ=H ))) (. ))),1,92800,"0,0862215541"
(ROOT (S=H (NP (NP=H (NN ) (NN=H )) (PP (IN=H ) (NP (NP=H (DT ) (NNPS=H )) (PP (IN=H ) (NP (NN=H )))))) (VP=H (VBP=H ) (ADJP (JJ=H ))) (. ))),1,92801,"0,0862224832"
(ROOT (S=H (NP (NP=H (NNP=H )) (PP (IN=H ) (NP (NP=H (NN=H )) (PP (IN=H ) (NP (DT ) (NNS=H )))))) (VP=H (VBP=H ) (ADJP (JJ=H ))) (. ))),1,92802,"0,0862234123"
(ROOT (S=H (NP (NP=H (NNP ) (NNP=H )) (PP (IN=H ) (NP (NP=H (NNP ) (NNPS=H )) (PP (IN=H ) (NP (DT ) (NNP=H )))))) (VP=H (VBP=H ) (ADJP (JJ=H ))) (. ))),1,92803,"0,0862243414"
(ROOT (S=H (NP (NP=H (NNP ) (NNP=H )) (PP (IN=H ) (NP (NP=H (DT ) (NNP ) (NNP ) (NNS=H )) (PP (IN=H ) (NP (NP=H (NN=H )) (PP (IN=H ) (NP (DT ) (NNP ) (NNP ) (NNP=H )))))))) (VP=H (VBP=H ) (ADJP (JJ=H ))) (. ))),1,92804,"0,0862252705"
(ROOT (S=H (NP (NP=H (NNP ) (NNP=H )) (PP (IN=H ) (NP (NP=H (DT ) (NNP ) (NNP ) (NNS=H )) (PP (IN=H ) (NP (NP=H (NN=H )) (PP (IN=H ) (NP (NP=H (DT ) (NNP=H )) (PP (IN=H ) (NP (NNP=H )))))))))) (VP=H (VBP=H ) (ADJP (JJ=H ))) (. ))),1,92805,"0,0862261996"
(ROOT (S=H (NP (NNP=H )) (VP=H (VBD=H ) (NP (NN ) (NNS=H )) (NP (NP=H (NNS=H )) (SBAR (S=H (VP=H (VBP=H ) (ADJP (JJ=H ))))))) (. ))),1,92806,"0,0862271288"
(ROOT (S=H (S=H (NP (NNP ) (NNP=H )) (VP=H (VBD=H ) (NP (NNS=H )) (PP (TO=H ) (NP (CD=H ))))) (: ) (S (NP (CD=H )) (VP=H (VBP=H ) (ADJP (JJ=H )))) (. ))),1,92807,"0,0862280579"
(ROOT (S=H (NP (NP=H (JJ ) (NNS ) (NNS=H )) (PP (IN=H ) (NP (DT ) (JJ ) (NN=H )))) (VP=H (VBP=H ) (ADJP (JJ=H ))) (. ))),1,92808,"0,086228987"
(ROOT (S=H (NP (NP=H (NNP ) (NNPS ) (NN=H )) (PP (IN=H ) (NP (NNP ) (NN=H )))) (VP=H (VBP=H ) (ADJP (JJ=H ))) (. ))),1,92809,"0,0862299161"
(ROOT (S=H (NP (NP=H (NNP ) (NNP=H )) (PP (IN=H ) (NP (DT ) (ADJP (NNP=H ) (NNP )) (NN ) (NNS=H )))) (VP=H (VBP=H ) (ADJP (JJ=H ))) (. ))),1,92810,"0,0862308452"
"(ROOT (S=H (S (NP (JJ ) (NNS=H )) (VP=H (VBD=H ) (PP (IN=H ) (NP (NNP ) (NNP=H ))))) (, ) (NP (NNP=H )) (VP=H (VBP=H ) (ADJP (JJ=H ))) (. )))",1,92811,"0,0862317743"
(ROOT (S=H (ADVP (RB=H )) (PRN (-LRB- ) (NP=H (JJ ) (NN=H )) (-RRB- )) (NP (NN ) (NNS=H )) (VP=H (VBP=H ) (ADJP (JJ=H ))) (. ))),1,92812,"0,0862327034"
(ROOT (S=H (NP (NP=H (NNP=H )) (PP (IN=H ) (NP (NP=H (NNP=H )) (PP (IN=H ) (NP (DT ) (JJ ) (JJ ) (NNS=H )))))) (VP=H (VBP=H ) (ADJP (JJ=H ))) (. ))),1,92813,"0,0862336325"
(ROOT (S=H (NP (NNP ) (NNP ) (NNPS ) (NNP=H )) (VP=H (VBZ=H ) (SBAR (S=H (NP (NP=H (NNS=H )) (PP (IN=H ) (NP (NN=H )))) (VP=H (VBP=H ) (ADJP (JJ=H )))))) (. ))),1,92814,"0,0862345616"
(ROOT (S=H (NP (NNP ) (NNP ) (NNPS ) (NNP=H )) (VP=H (VBZ=H ) (SBAR (S=H (NP (NNS=H )) (VP=H (VBP=H ) (ADJP (JJ=H )))))) (. ))),1,92815,"0,0862354908"
(ROOT (S=H (NP (NP=H (NN ) (NN=H )) (VP (VBN=H ) (PP (IN=H ) (NP (DT ) (CD ) (NNS=H ))))) (VP=H (VBP=H ) (ADJP (JJ=H ))) (. ))),1,92816,"0,0862364199"
(ROOT (S=H (NP (NP=H (NNP ) (NNP ) (NNPS ) (NNP ) (NNS=H )) (PP (IN=H ) (NP (NN=H )))) (VP=H (VBP=H ) (ADJP (JJ=H ))) (. ))),1,92817,"0,086237349"
(ROOT (S=H (NP (NP=H (NNP=H )) (VP (VBG=H ) (NP (NP=H (NNS=H )) (PP (IN=H ) (NP (DT ) (JJ ) (NNS=H )))))) (VP=H (VBP=H ) (ADJP (JJ=H ))) (. ))),1,92818,"0,0862382781"
(ROOT (S=H (NP (NP=H (NNP ) (NNP ) (NNP ) (NNP=H )) (PP (IN=H ) (NP (NP=H (NN ) (NNS=H )) (PP (IN=H ) (NP (DT ) (NNP ) (NNP=H )))))) (VP=H (VBP=H ) (ADJP (JJ=H ))) (. ))),1,92819,"0,0862392072"
(ROOT (S=H (NP (NP=H (RB ) (NN ) (NN=H )) (PP (IN=H ) (NP (DT ) (NNPS=H )))) (VP=H (VBP=H ) (ADJP (JJ=H ))) (. ))),1,92820,"0,0862401363"
(ROOT (S=H (NP (NNP ) (NNP ) (NNPS ) (JJ ) (NN=H )) (VP=H (VBP=H ) (ADJP (JJ=H ))) (. ))),1,92821,"0,0862410654"
(ROOT (S=H (NP (NNP=H )) (VP=H (VBP=H ) (SBAR (S=H (NP (JJ ) (JJ ) (NN ) (NNS=H )) (VP=H (VBP=H ) (ADJP (JJ=H )))))) (. ))),1,92822,"0,0862419945"
"(ROOT (S=H (S (ADJP=H (NNP=H ))) (, ) (NP (NNP ) (NNS=H )) (VP=H (VBP=H ) (ADJP (JJ=H ))) (. )))",1,92823,"0,0862429237"
(ROOT (S=H (NP (CD=H )) (ADVP (RB=H )) (VP=H (VBD=H ) (SBAR (S=H (NP (NP=H (CD=H )) (PP (IN=H ) (NP (JJ ) (NNS=H )))) (VP=H (VBP=H ) (ADJP (JJ=H )))))) (. ))),1,92824,"0,0862438528"
(ROOT (S=H (NP (NP=H (NNP=H )) (PP (IN=H ) (NP (NP=H (DT ) (JJ ) (NNP ) (NNS=H )) (PP (IN=H ) (NP (NN=H )))))) (VP=H (VBP=H ) (ADJP (JJ=H ))) (. ))),1,92825,"0,0862447819"
(ROOT (S=H (NP (NP=H (NP (JJ ) (NNS ) (POS=H )) (NN ) (NNS=H )) (PP (IN=H ) (NP (NN=H )))) (VP=H (VBP=H ) (ADJP (JJ=H ))) (. ))),1,92826,"0,086245711"
(ROOT (S=H (NP (NNP=H )) (VP=H (VBD=H ) (SBAR (S=H (NP (NNP ) (NNP ) (CC ) (NNP ) (NN ) (NNS=H )) (VP=H (VBP=H ) (ADJP (JJ=H )))))) (. ))),1,92827,"0,0862466401"
(ROOT (S=H (NP (NP=H (NNP=H ) (CC ) (NNP )) (CC ) (NP (DT ) (NNP ) (NNPS=H ))) (VP=H (VBP=H ) (ADJP (JJ=H ))) (. ))),1,92828,"0,0862475692"
(ROOT (S=H (NP (NNP=H )) (VP=H (VBD=H ) (SBAR (S=H (NP (NP=H (NNS=H )) (PP (IN=H ) (NP (NP=H (NNS=H )) (PP (IN=H ) (NP (DT ) (NNP ) (NNP ) (NNP=H )))))) (VP=H (VBP=H ) (ADJP (JJ=H )))))) (. ))),1,92829,"0,0862484983"
(ROOT (S=H (NP (NNP=H )) (`` ) (VP=H (VBZ=H ) (SBAR (S=H (NP (NNP ) (NNS=H )) (VP=H (VBP=H ) (ADJP (JJ=H )))))) (. ))),1,92830,"0,0862494274"
(ROOT (S=H (NP (NNP ) (NNP ) (NNP=H )) (PRN (-LRB- ) (NP=H (NP=H (NNP=H )) (PP (IN=H ) (NP (NNP=H )))) (-RRB- )) (NP (JJ ) (NNS=H )) (VP=H (VBP=H ) (ADJP (JJ=H ))) (. ))),1,92831,"0,0862503565"
(ROOT (S=H (NP (NP=H (NNP ) (NNP ) (NNP=H )) (PP (IN=H ) (NP (NP=H (DT ) (NNS=H )) (PP (IN=H ) (NP (NNP=H )))))) (VP=H (VBP=H ) (ADJP (JJ=H ))) (. ))),1,92832,"0,0862512857"
"(ROOT (S=H (NP (NP=H (NNP ) (NNP=H )) (PP (IN=H ) (NP (NP=H (NNP ) (NNPS=H )) (PP (IN=H ) (NP (NP=H (NNP ) (NNP ) (NNP ) (NNP=H )) (, ) (NP (NNP=H ))))))) (VP=H (VBP=H ) (ADJP (JJ=H ))) (. )))",1,92833,"0,0862522148"
"(ROOT (S=H (S (NP=H (NP=H (NNS=H )) (ADJP (NN=H ) (CD )))) (, ) (NP (NNP=H )) (VP=H (VBP=H ) (ADJP (JJ=H ))) (. )))",1,92834,"0,0862531439"
(ROOT (S=H (NP (NNP ) (NNPS ) (NN ) (NN ) (NN ) (NNP ) (NNP=H )) (VP=H (VBP=H ) (ADJP (JJ=H ))) (. ))),1,92835,"0,086254073"
(ROOT (S=H (NP (NNP=H )) (VP=H (VBD=H ) (SBAR (S=H (NP (NNS ) (NNP ) (CC ) (NNP ) (NNP=H )) (VP=H (VBZ=H ) (SBAR (S=H (NP (JJ ) (NN=H )) (VP=H (VBP=H ) (ADJP (JJ=H ))))))))) (. ))),1,92836,"0,0862550021"
"(ROOT (S=H (NP-TMP (NNP=H ) (CD )) (, ) (NP (NP=H (CD ) (NNS=H )) (VP (VBG=H ) (NP (NNS=H )))) (VP=H (VBP=H ) (ADJP (JJ=H ))) (. )))",1,92837,"0,0862559312"
(ROOT (S=H (NP (DT ) (NN=H )) (PP (IN=H ) (NP (NNP ) (NN ) (NN ) (NNS=H ))) (VP=H (VBP=H ) (ADJP (JJ=H ))) (. ))),1,92838,"0,0862568603"
(ROOT (S=H (NP (NP=H (NNP ) (NNP ) (NNPS ) (NNP ) (NNP ) (NN=H )) (NP (JJ ) (NNS=H ))) (VP=H (VBP=H ) (ADJP (JJ=H ))) (. ))),1,92839,"0,0862577894"
(ROOT (S=H (NP (NP=H (JJ ) (NN ) (NN=H )) (VP (VBG=H ) (NP (JJ ) (NNS=H )))) (VP=H (VBP=H ) (SBAR (S=H (NP (NNS=H )) (VP=H (VBP=H ) (ADJP (JJ=H )))))) (. ))),1,92840,"0,0862587186"
(ROOT (S=H (NP (NP=H (NN=H )) (VP (VBG=H ) (NP (JJ ) (NNS=H )))) (VP=H (VBP=H ) (SBAR (S=H (NP (NNS=H )) (VP=H (VBP=H ) (ADJP (JJ=H )))))) (. ))),1,92841,"0,0862596477"
"(ROOT (S=H (NP (NP=H (NNP ) (NNP=H )) (PP (IN=H ) (NP (NP=H (NNP ) (NNPS=H )) (PP (IN=H ) (NP (NAC (NNP=H ) (NNP ) (NNP ) (, )) (NNP=H )))))) (VP=H (VBP=H ) (ADJP (JJ=H ))) (. )))",1,92842,"0,0862605768"
"(ROOT (S=H (NP (NP=H (NNP ) (NNP ) (, ) (NNP ) (, ) (NNP ) (, ) (NNP=H ) (CC ) (NNP )) (NP (NNS=H ))) (VP=H (VBP=H ) (ADJP (JJ=H ))) (. )))",1,92843,"0,0862615059"
(ROOT (S=H (NP (NP=H (NNP ) (NNP ) (NNPS ) (NNP=H )) (CC ) (NP (NNS=H ))) (VP=H (VBP=H ) (ADJP (JJ=H ))) (. ))),1,92844,"0,086262435"
"(ROOT (S=H (S (NP (NNS=H )) (VP=H (VBN=H ) (PP (IN=H ) (NP (NNP ) (. ) (NNP=H ))))) (, ) (NP (NNP=H )) (VP=H (VBP=H ) (ADJP (JJ=H ))) (. )))",1,92845,"0,0862633641"
(ROOT (S=H (NP (NNP ) (NN=H )) (VP=H (VBZ=H ) (SBAR (S=H (NP (NP=H (JJ ) (NNS=H )) (PP (IN=H ) (NP (NN=H )))) (VP=H (VBP=H ) (ADJP (JJ=H )))))) (. ))),1,92846,"0,0862642932"
(ROOT (S=H (NP (NNP ) (NNP ) (NNP ) (NNP ) (NN ) (NN ) (NN=H )) (VP=H (VBP=H ) (SBAR (S=H (NP (NNS=H )) (VP=H (VBP=H ) (ADJP (JJ=H )))))) (. ))),1,92847,"0,0862652223"
(ROOT (S=H (NP (NNP=H )) (PRN (-LRB- ) (NP=H (NN=H )) (-RRB- )) (NP (NN ) (NN ) (NN ) (NN ) (NNS=H )) (VP=H (VBP=H ) (ADJP (JJ=H ))) (. ))),1,92848,"0,0862661514"
(ROOT (S=H (NP (NP=H (NNP ) (NNP ) (NNP=H )) (NP (JJ ) (NN ) (NN ) (NN ) (NN ) (NNS=H ))) (VP=H (VBP=H ) (ADJP (JJ=H ))) (. ))),1,92849,"0,0862670806"
(ROOT (S=H (NP (NP=H (NNP=H )) (PP (IN=H ) (NP (NP=H (NN ) (CC ) (JJ ) (NNS=H )) (PP (IN=H ) (NP (NNP=H )))))) (VP=H (VBP=H ) (ADJP (JJ=H ))) (. ))),1,92850,"0,0862680097"
(ROOT (S=H (NP (NP=H (NNP ) (NNP=H )) (SBAR (S=H (NP (PRP=H )) (VP=H (VBP=H ) (SBAR (S=H (NP (NN ) (NNS=H )) (VP=H (VBZ=H )))))))) (VP=H (VBP=H ) (ADJP (JJ=H ))) (. ))),1,92851,"0,0862689388"
(ROOT (S=H (NP (NP=H (NNP ) (CC ) (NNP ) (NN ) (NN=H )) (PP (TO=H ) (NP (NNS=H )))) (VP=H (VBP=H ) (ADJP (JJ=H ))) (. ))),1,92852,"0,0862698679"
"(ROOT (S=H (S (NP=H (NP=H (NNS=H )) (PP (IN=H ) (NP (NNP ) (NNP ) (DT ) (NNP=H ))))) (, ) (NP (NNP ) (NNP=H )) (VP=H (VBP=H ) (ADJP (JJ=H ))) (. )))",1,92853,"0,086270797"
(ROOT (S=H (NP (NP (NNP ) (NNP ) (NN=H )) (PRN (-LRB- ) (NP=H (NN ) (NN=H )) (-RRB- )) (NNS=H )) (VP=H (VBP=H ) (ADJP (JJ=H ))) (. ))),1,92854,"0,0862717261"
(ROOT (S=H (NP (NP=H (NNP ) (NNP ) (NNP ) (NNP=H )) (PP (IN=H ) (NP (NNP ) (NN ) (NNS=H )))) (VP=H (VBP=H ) (ADJP (JJ=H ))) (. ))),1,92855,"0,0862726552"
"(ROOT (S=H (S (VP=H (VBG=H ) (PP (IN=H ) (NP (DT ) (NNP ) (NNP=H ))))) (, ) (NP (NNP ) (NNP=H )) (VP=H (VBP=H ) (ADJP (JJ=H ))) (. )))",1,92856,"0,0862735843"
(ROOT (S=H (NP (NP=H (VB=H )) (PP (IN=H ) (NP (NNP ) (NNS=H )))) (VP=H (VBP=H ) (ADJP (JJ=H ))) (. ))),1,92857,"0,0862745134"
(ROOT (S=H (NP (NP=H (NNP ) (NNPS ) (NNP=H )) (PP (IN=H ) (NP (DT ) (NNP ) (NNPS ) (NN=H )))) (VP=H (VBP=H ) (ADJP (JJ=H ))) (. ))),1,92858,"0,0862754426"
(ROOT (S=H (NP (NP=H (JJ ) (ADJP (JJ=H ) (PRT (RP=H ))) (NN=H )) (PRN (-LRB- ) (NP=H (NP=H (NNP ) (NNS=H )) (PP (IN=H ) (NP (NP=H (NNS=H )) (VP (VBG=H ) (NP (NN=H )))))) (-RRB- ))) (VP=H (VBP=H ) (SBAR (S=H (VP=H (VBP=H ) (ADJP (JJ=H )))))) (. ))),1,92859,"0,0862763717"
(ROOT (S=H (NP (NP (NNP=H ) (. )) (PRN (-LRB- ) (NP=H (JJ ) (NN ) (NN=H )) (-RRB- )) (NNS=H )) (VP=H (VBP=H ) (ADJP (JJ=H ))) (. ))),1,92860,"0,0862773008"
(ROOT (S=H (NP (NP=H (NNP ) (NNP ) (NNP=H )) (PP (IN=H ) (NP (DT ) (JJ ) (NNP ) (NNPS=H )))) (VP=H (VBP=H ) (ADJP (JJ=H ))) (. ))),1,92861,"0,0862782299"
(ROOT (S=H (S=H (NP (NNP=H )) (VP=H (VBZ=H ) (PP (IN=H ) (NP (DT ) (NNP=H ))))) (: ) (S (NP (NNP ) (NNS=H )) (VP=H (VBP=H ) (ADJP (JJ=H )))) (. ))),1,92862,"0,086279159"
(ROOT (S=H (NP (NP=H (NNP ) (NNP=H )) (PP (IN=H ) (NP (DT ) (NNPS ) (NNP=H )))) (VP=H (VBP=H ) (ADJP (JJ=H ))) (. ))),1,92863,"0,0862800881"
(ROOT (S=H (NP (NP=H (NP=H (CD=H )) (NP (NP (NNP ) (NNP ) (POS=H )) (NNP ) (NNP ) (NN=H ))) (NP (JJ ) (NNS=H ))) (VP=H (VBP=H ) (ADJP (JJ=H ))) (. ))),1,92864,"0,0862810172"
(ROOT (S=H (NP (NP=H (NNP ) (NNP ) (NNP ) (JJ ) (NN=H )) (CC ) (NP (JJ ) (NN ) (NN ) (NN ) (NNS=H ))) (VP=H (VBP=H ) (ADJP (JJ=H ))) (. ))),1,92865,"0,0862819463"
(ROOT (S=H (NP (NP=H (NNP=H )) (PP (IN=H ) (NP (JJ ) (JJ ) (NN ) (NN ) (JJ ) (NNS=H )))) (VP=H (VBP=H ) (ADJP (JJ=H ))) (. ))),1,92866,"0,0862828755"
(ROOT (S=H (NP (NP=H (NNP=H ) (CC ) (NNP )) (NP (JJ ) (NN ) (NN ) (NN ) (NNS=H ))) (VP=H (VBP=H ) (ADJP (JJ=H ))) (. ))),1,92867,"0,0862838046"
(ROOT (S=H (S (VP=H (VBP=H ) (RB ) (VP (VB=H ) (X (DT ) (ADJP=H (FW=H ) (. )))))) (VP=H (VBP=H ) (ADJP (JJ=H ))) (. ))),1,92868,"0,0862847337"
(ROOT (S=H (NP (NP=H (CD ) (NNP ) (NNP ) (NNPS ) (NNP ) (NNS=H )) (PP (IN=H ) (NP (NN=H )))) (VP=H (VBP=H ) (ADJP (JJ=H ))) (. ))),1,92869,"0,0862856628"
(ROOT (S=H (NP (NP=H (NNP ) (NNP ) (NNPS ) (NNP ) (NNP ) (NNP=H )) (NP (NNS=H ))) (VP=H (VBP=H ) (ADJP (JJ=H ))) (. ))),1,92870,"0,0862865919"
(ROOT (S=H (NP (NP=H (NNP ) (NNP ) (NNPS ) (NNP ) (NNP ) (NNS=H )) (PP (IN=H ) (NP (NN=H )))) (VP=H (VBP=H ) (ADJP (JJ=H ))) (. ))),1,92871,"0,086287521"
(ROOT (S=H (NP (NNP ) (NNP=H )) (VP=H (VBP=H ) (NP (NP=H (NNS=H )) (SBAR (S=H (NP (NN ) (NN=H )) (VP=H (VBP=H ) (ADJP (JJ=H ))))))) (. ))),1,92872,"0,0862884501"
(ROOT (S=H (NP (NP=H (NNP=H )) (PP (IN=H ) (NP (NP=H (NNS=H )) (PP (IN=H ) (NP (NP=H (NNS=H )) (PP (IN=H ) (NP (DT ) (NNP ) (NNP=H )))))))) (VP=H (VBP=H ) (ADJP (JJ=H ))) (. ))),1,92873,"0,0862893792"
(ROOT (S=H (NP (NP (NN ) (NNS ) (POS=H )) (NN ) (NN ) (NNS=H )) (VP=H (VBP=H ) (ADJP (JJ=H ))) (. ))),1,92874,"0,0862903083"
(ROOT (S=H (NP (NP=H (NNP=H )) (PP (IN=H ) (NP (NP=H (NN=H ) (CC ) (NN )) (PP (IN=H ) (NP (NP=H (DT ) (NNP ) (NNPS=H )) (PP (IN=H ) (NP (NN=H )))))))) (VP=H (VBP=H ) (ADJP (JJ=H ))) (. ))),1,92875,"0,0862912375"
"(ROOT (S=H (S (VP=H (VBG=H ) (ADVP (RB=H )) (PP (IN=H ) (NP (NNP ) (NNP=H ))))) (, ) (NP (NNP=H )) (VP=H (VBP=H ) (ADJP (JJ=H ))) (. )))",1,92876,"0,0862921666"
(ROOT (S=H (NP (NP=H (DT ) (NNP=H )) (PP (IN=H ) (NP (DT ) (NNP ) (NNP ) (NNS=H )))) (VP=H (VBP=H ) (ADJP (JJ=H ))) (. ))),1,92877,"0,0862930957"
(ROOT (S=H (NP (NP=H (DT ) (NN=H )) (PP (IN=H ) (NP (DT ) (NNP ) (NNP ) (NNS=H )))) (VP=H (VBP=H ) (ADJP (JJ=H ))) (. ))),1,92878,"0,0862940248"
(ROOT (S=H (NP (DT ) (NNP ) (NNP ) (CC ) (NNP ) (NNP ) (NNS=H )) (VP=H (VBP=H ) (ADJP (JJ=H ))) (. ))),1,92879,"0,0862949539"
(ROOT (S=H (NP (NP=H (NNP ) (NNP=H )) (VP (VBG=H ) (NP (NNS=H )) (PP (IN=H ) (NP (NN=H ))))) (VP=H (VBP=H ) (ADJP (JJ=H ))) (. ))),1,92880,"0,086295883"
(ROOT (S=H (NP (NP=H (JJ ) (NN=H )) (PP (IN=H ) (NP (DT ) (CD ) (NNP ) (NNP ) (NNS=H )))) (VP=H (VBP=H ) (ADJP (JJ=H ))) (. ))),1,92881,"0,0862968121"
(ROOT (S=H (NP (NP=H (NNP ) (NNP ) (NNP=H )) (VP (VBN=H ) (NP (NP=H (NNS=H )) (PP (IN=H ) (NP (NNP=H )))) (PP (IN=H ) (NP (JJ ) (NN=H ))))) (VP=H (VBP=H ) (ADJP (JJ=H ))) (. ))),1,92882,"0,0862977412"
(ROOT (S=H (NP (NP=H (NNP ) (NNP=H )) (VP (VBN=H ) (NP (NP=H (NNS=H )) (PP (IN=H ) (NP (NNP=H )))) (PP (IN=H ) (NP (JJ ) (NN=H ))))) (VP=H (VBP=H ) (ADJP (JJ=H ))) (. ))),1,92883,"0,0862986703"
"(ROOT (S=H (NP (NP=H (NNP ) (, ) (NNP=H ) (CC ) (NNP )) (NP (JJ ) (NN ) (NN ) (NN ) (NNS=H ))) (VP=H (VBP=H ) (ADJP (JJ=H ))) (. )))",1,92884,"0,0862995995"
"(ROOT (S=H (NP (NP=H (NP=H (NNP ) (, ) (NNP=H ) (CC ) (NNP )) (NP (JJ ) (NN ) (NNS=H ))) (VP (VBG=H ) (NP (NN=H )) (PP (TO=H ) (NP (JJ ) (NNS=H ))))) (VP=H (VBP=H ) (ADJP (JJ=H ))) (. )))",1,92885,"0,0863005286"
(ROOT (S=H (NP (NP=H (NNP=H ) (CC ) (NNP )) (PP (IN=H ) (NP (NP=H (DT ) (NNPS=H )) (PP (IN=H ) (NP (NNP ) (NNP=H )))))) (VP=H (VBP=H ) (ADJP (JJ=H ))) (. ))),1,92886,"0,0863014577"
(ROOT (S=H (NP (NP=H (JJ ) (ADJP (JJ=H ) (PRT (RP=H ))) (NN=H )) (PRN (-LRB- ) (NP=H (NP=H (NNP ) (NNS=H )) (PP (IN=H ) (NP (JJ ) (JJ ) (NNS=H )))) (-RRB- ))) (VP=H (VBP=H ) (SBAR (S=H (VP=H (VBP=H ) (ADJP (JJ=H )))))) (. ))),1,92887,"0,0863023868"
(ROOT (NP=H (NP=H (NNP=H )) (: ) (S (NP (NNP ) (NNP ) (NNPS ) (CC ) (NNP ) (NNP=H )) (VP=H (VBP=H ) (ADJP (JJ=H )))) (. ))),1,92888,"0,0863033159"
(ROOT (S=H (NP (NP=H (NNP ) (NNP ) (NN=H )) (PP (IN=H ) (NP (NN ) (NN ) (NNS=H )))) (VP=H (VBP=H ) (ADJP (JJ=H ))) (. ))),1,92889,"0,086304245"
(ROOT (S=H (NP (NP=H (NNP ) (NNP=H )) (PP (IN=H ) (NP (NP=H (NNP=H )) (PP (IN=H ) (NP (NP=H (NNP ) (NNP ) (NNP=H )) (PP (IN=H ) (NP (DT ) (ADJP (NNP=H ) (NNP )) (NNS=H )))))))) (VP=H (VBP=H ) (ADJP (JJ=H ))) (. ))),1,92890,"0,0863051741"
(ROOT (S=H (NP (NP=H (JJ ) (NN ) (NNS ) (NNS=H )) (PP (IN=H ) (NP (NNP=H )))) (VP=H (VBP=H ) (ADJP (JJ=H ))) (. ))),1,92891,"0,0863061032"
(ROOT (S=H (NP (NP (NNP ) (NNPS=H )) (PRN (-LRB- ) (NP=H (NNP ) (NNP ) (NNP=H )) (-RRB- )) (NNS=H )) (VP=H (VBP=H ) (ADJP (JJ=H ))) (. ))),1,92892,"0,0863070324"
(ROOT (S=H (NP (NP=H (NN=H ) (CC ) (NN )) (PP (VBN=H ) (PP (IN=H ) (NP (JJ ) (NNS=H ))))) (VP=H (VBP=H ) (ADJP (JJ=H ))) (. ))),1,92893,"0,0863079615"
(ROOT (S=H (NP (NP=H (NNP=H )) (PP (IN=H ) (NP (NP=H (NNP ) (PRN (-LRB- ) (NNP ) (NN=H ) (-RRB- )) (NNP=H )) (PP (IN=H ) (NP (NNS=H )))))) (VP=H (VBP=H ) (ADJP (JJ=H ))) (. ))),1,92894,"0,0863088906"
(ROOT (S=H (NP (ADJP (NP (CD ) (NNS=H )) (JJ=H )) (NN ) (NNS=H )) (VP=H (VBP=H ) (ADJP (JJ=H ))) (. ))),1,92895,"0,0863098197"
(ROOT (S=H (S (VP=H (VBN=H ) (NP (NP=H (DT ) (NN=H )) (PP (IN=H ) (NP (NN ) (CC ) (NN ) (NNS=H )))))) (VP=H (VBP=H ) (ADJP (JJ=H ))) (. ))),1,92896,"0,0863107488"
(ROOT (S=H (PP (IN=H ) (NP (NNP=H ) (CD ))) (NP (NP (NNS ) (POS=H )) (NN ) (NN=H )) (VP=H (VBP=H ) (ADJP (JJ=H ))) (. ))),1,92897,"0,0863116779"
"(ROOT (S=H (NP (NP (NNP ) (NNP ) (NNP ) (NNP=H )) (PRN (-LRB- ) (NAC=H (NNP=H ) (NNP ) (, ) (NNP )) (-RRB- )) (NNS=H )) (VP=H (VBP=H ) (ADJP (JJ=H ))) (. )))",1,92898,"0,086312607"
(ROOT (S=H (NP (NP=H (NNPS ) (NNP ) (NNP=H )) (PP (IN=H ) (NP (NNP ) (NNP=H ) (CC ) (NNP )))) (VP=H (VBP=H ) (ADJP (JJ=H ))) (. ))),1,92899,"0,0863135361"
(ROOT (S=H (NP (NP=H (NNP ) (NNP=H )) (PP (IN=H ) (NP (NP=H (NNS=H )) (CC ) (NP (NNP ) (NNPS=H ))))) (VP=H (VBP=H ) (ADJP (JJ=H ))) (. ))),1,92900,"0,0863144652"
(ROOT (S=H (NP (NP (JJ ) (NNP ) (NNP ) (NNS ) (POS=H )) (NN ) (NN ) (NN ) (NNS=H )) (VP=H (VBP=H ) (ADJP (JJ=H ))) (. ))),1,92901,"0,0863153944"
(ROOT (S=H (NP-TMP (NN=H )) (NP (PRP=H )) (VP=H (VBD=H ) (SBAR (S=H (NP (DT ) (NNP ) (NNS=H )) (VP=H (VBP=H ) (ADJP (JJ=H )))))) (. ))),1,92902,"0,0863163235"
(ROOT (S=H (NP (NNP=H )) (VP=H (VBP=H ) (NP (NP=H (FW ) (FW ) (NNS=H )) (SBAR (S=H (NP (NNP ) (NNS=H )) (VP=H (VBP=H ) (ADJP (JJ=H ))))))) (. ))),1,92903,"0,0863172526"
(ROOT (S=H (NP (NNP ) (NN ) (CC ) (NN ) (JJ ) (NN ) (NNS=H )) (VP=H (VBP=H ) (ADJP (JJ=H ))) (. ))),1,92904,"0,0863181817"
(ROOT (S=H (NP (NP=H (NNP=H )) (PP (IN=H ) (NP (NP=H (DT ) (NN=H )) (PP (IN=H ) (NP (NNP ) (NNPS=H )))))) (VP=H (VBP=H ) (ADJP (JJ=H ))) (. ))),1,92905,"0,0863191108"
(ROOT (NP=H (NP=H (NNP ) (NNP=H )) (: ) (S (NP (NNP ) (NNP ) (NNPS ) (NN=H )) (VP=H (VBP=H ) (ADJP (JJ=H )))) (. ))),1,92906,"0,0863200399"
"(ROOT (S=H (NP (NP=H (NNP ) (NNP=H )) (, ) (NP (NN=H )) (CC ) (NP (JJ ) (NNS ) (NNS=H ))) (VP=H (VBP=H ) (ADJP (JJ=H ))) (. )))",1,92907,"0,086320969"
(ROOT (S=H (NP (NP=H (JJ ) (NNS ) (NNS=H )) (PP (IN=H ) (NP (NP=H (NNS=H )) (PP (IN=H ) (NP (DT ) (NNPS=H )))))) (VP=H (VBP=H ) (ADJP (JJ=H ))) (. ))),1,92908,"0,0863218981"
(ROOT (S=H (NP (NP=H (NNP=H )) (CC ) (NP (NP=H (NNP=H ) (. )) (NP (NP=H (NP (NNP ) (POS=H )) (NNS=H )) (PP (IN=H ) (NP (NN=H )))))) (VP=H (VBP=H ) (ADJP (JJ=H ))) (. ))),1,92909,"0,0863228272"
(ROOT (S=H (NP (NP=H (NP (NNS ) (POS=H )) (NNP=H )) (PP (IN=H ) (NP (NNP ) (NNP=H )))) (VP=H (VBP=H ) (ADJP (JJ=H ))) (. ))),1,92910,"0,0863237564"
(ROOT (S=H (NP (NP=H (NP=H (CD=H )) (PRN (-LRB- ) (NP=H (NNP ) (NNP ) (NNP=H )) (-RRB- ))) (PP (IN=H ) (NP (JJ ) (NNS=H )))) (VP=H (VBP=H ) (ADJP (JJ=H ))) (. ))),1,92911,"0,0863246855"
(ROOT (S=H (NP (NP=H (NNP=H )) (PP (IN=H ) (NP (NP=H (NNP=H )) (PP (IN=H ) (NP (NP=H (NNP ) (NNS=H )) (PP (IN=H ) (NP (NNS=H )))))))) (VP=H (VBP=H ) (ADJP (JJ=H ))) (. ))),1,92912,"0,0863256146"
(ROOT (S=H (NP (NP=H (NNP=H )) (PP (IN=H ) (NP (NP=H (NNP ) (NNP=H )) (PP (IN=H ) (NP (NP=H (NNP ) (NNP ) (NNS=H )) (PP (IN=H ) (NP (NNS=H )))))))) (VP=H (VBP=H ) (ADJP (JJ=H ))) (. ))),1,92913,"0,0863265437"
(ROOT (S=H (NP (NP=H (NNP=H )) (PP (IN=H ) (NP (NP=H (DT ) (NNP ) (NNP ) (NNS=H )) (PP (IN=H ) (NP (NNS=H )))))) (VP=H (VBP=H ) (ADJP (JJ=H ))) (. ))),1,92914,"0,0863274728"
(ROOT (NP=H (NP=H (CD=H )) (: ) (S (NP (NP=H (CD ) (JJ ) (NN=H )) (PP (IN=H ) (NP (NNP=H )))) (VP=H (VBP=H ) (ADJP (JJ=H )))) (. ))),1,92915,"0,0863284019"
(ROOT (S=H (NP (NNP=H )) (VP=H (VBP=H ) (SBAR (S=H (ADVP (RB=H )) (NP (NNS=H )) (VP=H (VBP=H ) (ADJP (JJ=H )))))) (. ))),1,92916,"0,086329331"
(ROOT (S=H (NP (NNP ) (NNP=H )) (PRN (-LRB- ) (NP=H (NN=H )) (-RRB- )) (NP (JJ ) (NN ) (NNS=H )) (VP=H (VBP=H ) (ADJP (JJ=H ))) (. ))),1,92917,"0,0863302601"
(ROOT (S=H (NP (NP=H (NNP ) (NNP=H )) (PP (IN=H ) (NP (NP=H (NNS=H )) (PRN (-LRB- ) (NP=H (NNP ) (NNP=H )) (-RRB- ))))) (VP=H (VBP=H ) (ADJP (JJ=H ))) (. ))),1,92918,"0,0863311893"
(ROOT (S=H (NP (NP=H (NNP ) (NNP=H )) (PP (IN=H ) (NP (NP=H (DT ) (NNP ) (NNPS=H )) (PP (IN=H ) (NP (NP=H (NNP=H )) (PP (IN=H ) (NP (NN=H )))))))) (VP=H (VBP=H ) (ADJP (JJ=H ))) (. ))),1,92919,"0,0863321184"
(ROOT (X=H (NP (JJ ) (NN ) (NNS=H )) (: ) (S=H (NP (NN ) (NNS=H )) (VP=H (VBP=H ) (ADJP (JJ=H )))) (. ))),1,92920,"0,0863330475"
(ROOT (FRAG=H (NP (JJ ) (NNS=H )) (: ) (S=H (NP (NP=H (NN ) (NNS=H )) (PP (IN=H ) (NP (NN=H )))) (VP=H (VBP=H ) (ADJP (JJ=H )))) (. ))),1,92921,"0,0863339766"
(ROOT (S=H (NP (NP=H (NNP=H )) (PP (IN=H ) (NP (NP=H (NNP ) (NNP ) (NNP ) (NNP=H )) (CC ) (NP (PRP$ ) (NNS=H ))))) (VP=H (VBP=H ) (ADJP (JJ=H ))) (. ))),1,92922,"0,0863349057"
"(ROOT (S=H (S (NP (NNP ) (NNS=H )) (VP=H (VBD=H ) (PP (IN=H ) (NP (NNP ) (NNP ) (NNPS=H ))))) (, ) (NP (NNP=H )) (VP=H (VBP=H ) (ADJP (JJ=H ))) (. )))",1,92923,"0,0863358348"
"(ROOT (S=H (S (NP (NNP ) (NNS=H )) (VP=H (VBD=H ) (PP (IN=H ) (NP (NNP ) (NNP=H ))))) (, ) (NP (NNP=H )) (VP=H (VBP=H ) (ADJP (JJ=H ))) (. )))",1,92924,"0,0863367639"
"(ROOT (S=H (S (NP (NNP ) (NNS=H )) (VP=H (VBD=H ) (PP (IN=H ) (NP (NNP ) (NNPS=H ))))) (, ) (NP (NNP=H )) (VP=H (VBP=H ) (ADJP (JJ=H ))) (. )))",1,92925,"0,086337693"
(ROOT (S=H (NP (NP=H (NNP=H )) (PP (IN=H ) (NP (NP=H (NNP=H )) (PP (IN=H ) (NP (NP=H (NNP ) (NNS=H )) (VP (VBG=H ) (NP (NNS=H )))))))) (VP=H (VBP=H ) (ADJP (JJ=H ))) (. ))),1,92926,"0,0863386221"
(ROOT (S=H (S=H (NP (NNP=H )) (VP=H (VBZ=H ))) (: ) (S (NP (NP=H (NN ) (NNS=H )) (: ) (NP (JJ=H ))) (VP=H (VBP=H ) (ADJP (JJ=H )))) (. ))),1,92927,"0,0863395513"
(ROOT (S=H (NP (NAC (NNP=H ) (PP (IN=H ) (NP (NNP ) (NNP=H )) (: ))) (NNP ) (NNP=H )) (VP=H (VBP=H ) (ADJP (JJ=H ))) (. ))),1,92928,"0,0863404804"
"(ROOT (S=H (S (NP (NNP=H )) (VP=H (VB=H ) (PP (IN=H ) (NP (NNP ) (NNP ) (NNP=H ))))) (, ) (NP (NNP ) (NNP=H )) (VP=H (VBP=H ) (ADJP (JJ=H ))) (. )))",1,92929,"0,0863414095"
(ROOT (S=H (NP (NP (NNP ) (NNP=H )) (PRN (-LRB- ) (NP=H (NN=H )) (-RRB- )) (NNS=H )) (VP=H (VBP=H ) (SBAR (S=H (NP (NNS=H )) (VP=H (VBP=H ) (ADJP (JJ=H )))))) (. ))),1,92930,"0,0863423386"
(ROOT (S=H (NP (NP=H (NNP ) (NNP=H )) (PRN (-LRB- ) (NP=H (NN=H )) (-RRB- ))) (VP=H (VBD=H ) (SBAR (S=H (NP (JJ ) (NNS=H )) (VP=H (VBP=H ) (ADJP (JJ=H )))))) (. ))),1,92931,"0,0863432677"
(ROOT (S=H (NP (NP=H (NNP ) (NNP ) (NNP ) (. ) (NNP ) (NNP=H )) (NP (CD ) (NNS=H ))) (VP=H (VBP=H ) (ADJP (JJ=H ))) (. ))),1,92932,"0,0863441968"
(ROOT (S=H (NP (NP=H (NNP ) (NNP ) (NN ) (NN=H )) (PP (IN=H ) (NP (NP=H (DT ) (NNP ) (NNPS=H )) (PP (IN=H ) (NP (NN=H )))))) (VP=H (VBP=H ) (ADJP (JJ=H ))) (. ))),1,92933,"0,0863451259"
(ROOT (S=H (NP (NP=H (NNS ) (CC ) (NN ) (NNS=H )) (PP (IN=H ) (NP (NP=H (DT ) (NNP ) (NNP ) (NNP=H )) (PP (IN=H ) (NP (NNP ) (NNP=H )))))) (VP=H (VBP=H ) (ADJP (JJ=H ))) (. ))),1,92934,"0,086346055"
(ROOT (S=H (NP (NP=H (NNP ) (NN ) (VBG ) (CC ) (VBG ) (NNS=H )) (PP (IN=H ) (NP (NNP=H )))) (VP=H (VBP=H ) (ADJP (JJ=H ))) (. ))),1,92935,"0,0863469842"
"(ROOT (S=H (S (ADJP=H (NNP=H ))) (, ) (NP (JJ ) (NNP ) (NN ) (NNS=H )) (VP=H (VBP=H ) (ADJP (JJ=H ))) (. )))",1,92936,"0,0863479133"
(ROOT (S=H (NP (NP=H (NNP=H )) (PRN (: ) (NP=H (CD ) (NNP ) (NN ) (NNS=H )))) (VP=H (VBP=H ) (ADJP (JJ=H ))) (. ))),1,92937,"0,0863488424"
"(ROOT (S=H (S (NP=H (NP (NNP ) (POS=H )) (NNS=H ))) (, ) (NP (NNP ) (NN ) (NNS=H )) (VP=H (VBP=H ) (ADJP (JJ=H ))) (. )))",1,92938,"0,0863497715"
(ROOT (S=H (NP (NNP=H )) (ADVP (RB=H )) (VP=H (VBP=H ) (SBAR (S=H (NP (NN ) (NNS=H )) (VP=H (VBP=H ) (ADJP (JJ=H )))))) (. ))),1,92939,"0,0863507006"
(ROOT (S=H (NP (JJ ) (JJ ) (NNS ) (CC ) (NN ) (NNS=H )) (VP=H (VBP=H ) (ADJP (JJ=H ))) (. ))),1,92940,"0,0863516297"
(ROOT (S=H (NP (NP=H (NNP ) (NNP=H )) (PP (IN=H ) (NP (NP=H (NNP ) (NNS=H )) (PP (TO=H ) (NP (DT ) (NNP ) (NNPS=H )))))) (VP=H (VBP=H ) (ADJP (JJ=H ))) (. ))),1,92941,"0,0863525588"
"(ROOT (S=H (S (NP (NNS=H )) (VP=H (VBN=H ) (PP (IN=H ) (NP (NP (NNP ) (NNP ) (POS=H )) (NNP ) (NNP ) (NNP=H ))))) (, ) (NP (NNP=H )) (VP=H (VBP=H ) (ADJP (JJ=H ))) (. )))",1,92942,"0,0863534879"
(ROOT (S=H (ADVP (RB=H )) (NP (NNP ) (NNPS ) (. ) (NNPS=H )) (VP=H (VBP=H ) (ADJP (JJ=H ))) (. ))),1,92943,"0,086354417"
(ROOT (S=H (ADVP (RB=H )) (NP (DT ) (PRN (-LRB- ) (NP=H (NP (NNS ) (POS=H )) (NN=H )) (-RRB- )) (NNS=H )) (VP=H (VBP=H ) (ADJP (JJ=H ))) (. ))),1,92944,"0,0863553462"
(ROOT (S=H (NP (NNP=H )) (VP=H (VBD=H ) (SBAR (S=H (NP (NP=H (NNS=H )) (PP (IN=H ) (NP (NNP ) (NNP ) (NNS=H )))) (VP=H (VBP=H ) (ADJP (JJ=H )))))) (. ))),1,92945,"0,0863562753"
(ROOT (S=H (NP (NP=H (NNP ) (NN ) (NNP ) (NNP=H )) (PRN (-LRB- ) (NP=H (JJ ) (NNS=H )) (-RRB- ))) (VP=H (VBP=H ) (ADJP (JJ=H ))) (. ))),1,92946,"0,0863572044"
(ROOT (S=H (NP (NP (JJ ) (NNPS=H )) (PRN (-LRB- ) (NP=H (NNP=H )) (-RRB- )) (NNS=H )) (VP=H (VBP=H ) (ADJP (JJ=H ))) (. ))),1,92947,"0,0863581335"
(ROOT (S=H (NP (NP=H (NNP=H )) (PP (IN=H ) (NP (NP=H (JJ ) (NNS=H ) (CC ) (NNS )) (PP (IN=H ) (NP (DT ) (NNP ) (NNPS=H )))))) (VP=H (VBP=H ) (ADJP (JJ=H ))) (. ))),1,92948,"0,0863590626"
(ROOT (S=H (NP (NP (NNP=H )) (PRN (-LRB- ) (NN=H ) (-RRB- )) (NNS=H )) (ADVP (RB=H )) (VP=H (VBP=H ) (ADJP (JJ=H ))) (. ))),1,92949,"0,0863599917"
(ROOT (S=H (NP (NNP=H )) (ADVP (RB=H )) (VP=H (VBP=H ) (SBAR (S=H (NP (NNS=H )) (VP=H (VBP=H ) (ADJP (JJ=H )))))) (. ))),1,92950,"0,0863609208"
(ROOT (S=H (NP (NP (NNS=H )) (PRN (-LRB- ) (NP=H (JJ ) (NN ) (NN=H )) (-RRB- )) (NNS=H )) (VP=H (VBP=H ) (ADJP (JJ=H ))) (. ))),1,92951,"0,0863618499"
(ROOT (FRAG=H (NP (NNP=H )) (: ) (S=H (NP (DT ) (JJ ) (NNP ) (NN ) (NN=H )) (VP=H (VBP=H ) (ADJP (JJ=H )))) (. ))),1,92952,"0,086362779"
(ROOT (S=H (ADVP (RB=H )) (NP (NP=H (PRN (: ) (NP=H (NN=H )) (: )) (JJ ) (NN=H )) (PP (IN=H ) (NP (NNS=H )))) (VP=H (VBP=H ) (ADJP (JJ=H ))) (. ))),1,92953,"0,0863637082"
(ROOT (S=H (NP (DT=H )) (VP=H (VBZ=H ) (NP (NP=H (DT ) (NN=H )) (SBAR (S=H (NP (NNS=H )) (VP=H (VBP=H ) (ADJP (JJ=H ))))))) (. ))),1,92954,"0,0863646373"
"(ROOT (S=H (S (NP=H (NNP ) (NNP ) (POS=H ))) (, ) (NP (NNP ) (CC ) (NNP ) (NNS=H )) (VP=H (VBP=H ) (ADJP (JJ=H ))) (. )))",1,92955,"0,0863655664"
"(ROOT (S=H (PP (NP (NNPS=H ) (CC ) (NN )) (IN=H ) (NP (NNP ) (NN=H ))) (, ) (NP (NNP=H )) (VP=H (VBP=H ) (ADJP (JJ=H ))) (. )))",1,92956,"0,0863664955"
"(ROOT (S=H (S (NP=H (NN ) (NNP ) (NNP ) (POS=H ))) (, ) (NP (NNP=H ) (CC ) (NNP )) (VP=H (VBP=H ) (ADJP (JJ=H ))) (. )))",1,92957,"0,0863674246"
(ROOT (S=H (NP (NP=H (DT ) (NNP ) (NNP ) (NNP ) (CC ) (NNP ) (NNP=H )) (PRN (-LRB- ) (NP=H (NNP=H )) (-RRB- ))) (VP=H (VBP=H ) (ADJP (JJ=H ))) (. ))),1,92958,"0,0863683537"
"(ROOT (S=H (NP (NP=H (NNP ) (NNP=H )) (, ) (NP (NP=H (NNP ) (. ) (NN=H )) (VP (VBG=H ) (NP (NNS=H ))))) (VP=H (VBP=H ) (ADJP (JJ=H ))) (. )))",1,92959,"0,0863692828"
(ROOT (S=H (NP (NP=H (NNP ) (NNP ) (NNP ) (NNP=H )) (PP (IN=H ) (NP (JJS ) (NNP ) (NNP ) (NNP ) (JJ ) (NNS=H )))) (VP=H (VBP=H ) (ADJP (JJ=H ))) (. ))),1,92960,"0,0863702119"
(ROOT (S=H (NP (NP=H (NNP ) (NNP ) (NNP=H )) (PP (IN=H ) (NP (NP (NNP ) (NNP ) (POS=H )) (JJ ) (VBG ) (NNS=H )))) (VP=H (VBP=H ) (ADJP (JJ=H ))) (. ))),1,92961,"0,0863711411"
(ROOT (S=H (NP (NP=H (JJ ) (NN=H )) (PP (IN=H ) (NP (NNP ) (NN ) (JJ ) (NNS=H )))) (VP=H (VBP=H ) (ADJP (JJ=H ))) (. ))),1,92962,"0,0863720702"
(ROOT (S=H (NP (NP=H (NNP ) (NNP=H )) (PP (IN=H ) (NP (NN ) (CC ) (NNP ) (VBG ) (NNS=H )))) (VP=H (VBP=H ) (ADJP (JJ=H ))) (. ))),1,92963,"0,0863729993"
(ROOT (S=H (NP (NP=H (NNP ) (NNP=H )) (PP (IN=H ) (NP (NP=H (NNP ) (NNP=H )) (VP (VBG=H ) (NP (NNS=H )))))) (VP=H (VBP=H ) (ADJP (JJ=H ))) (. ))),1,92964,"0,0863739284"
(ROOT (S=H (NP (NP=H (NNP ) (NN ) (NN=H )) (PP (IN=H ) (NP (NNS ) (NNS=H )))) (VP=H (VBP=H ) (ADJP (JJ=H ))) (. ))),1,92965,"0,0863748575"
(ROOT (S=H (NP (NP=H (NNP ) (NNP ) (NNP=H )) (PP (IN=H ) (NP (DT ) (NNP ) (NNPS ) (NN ) (NNS=H )))) (VP=H (VBP=H ) (ADJP (JJ=H ))) (. ))),1,92966,"0,0863757866"
(ROOT (NP=H (NP=H (CD=H )) (: ) (NP (NP=H (CD ) (JJ ) (NNP ) (NNS=H ) ('' )) (SBAR (S=H (NP (NNP=H )) (VP=H (VBP=H ) (ADJP (JJ=H )))))) (. ))),1,92967,"0,0863767157"
"(ROOT (S=H (NP (NP (NNP ) (NNP=H )) (PRN (-LRB- ) (NP=H (NP=H (NNP ) (, ) (NNP=H )) (: ) (NP (CD=H ))) (-RRB- )) (NNS=H )) (VP=H (VBP=H ) (ADJP (JJ=H ))) (. )))",1,92968,"0,0863776448"
(ROOT (S=H (NP (NP=H (NNP ) (NNP=H )) (PP (IN=H ) (NP (NN ) (VBG ) (NNS=H )))) (VP=H (VBP=H ) (ADJP (JJ=H ))) (. ))),1,92969,"0,0863785739"
"(ROOT (S=H (PP (IN=H ) (NP (DT ) (NNP ) (NNP=H ))) (, ) (NP (NNP ) (NNS=H )) (VP=H (VBP=H ) (ADJP (JJ=H ))) (. )))",1,92970,"0,0863795031"
(ROOT (S=H (NP (NNP=H )) (VP=H (VBZ=H ) (SBAR (S=H (NP (RB ) (JJ ) (NNS=H )) (VP=H (VBP=H ) (ADJP (JJ=H )))))) (. ))),1,92971,"0,0863804322"
(ROOT (S=H (NP (NNP=H )) (PRN (-LRB- ) (NP=H (NNP ) (NN=H )) (-RRB- )) (NP (NNP ) (NNP ) (NNP ) (NNS=H )) (VP=H (VBP=H ) (ADJP (JJ=H ))) (. ))),1,92972,"0,0863813613"
(ROOT (S=H (NP (NP (JJ ) (NNS ) (POS=H )) (JJ ) (NN ) (NNS=H )) (VP=H (VBP=H ) (ADJP (JJ=H ))) (. ))),1,92973,"0,0863822904"
(ROOT (S=H (NP (NP=H (JJ ) (ADJP (JJ=H ) (PRT (RP=H ))) (NN=H )) (PRN (-LRB- ) (NP=H (NP=H (JJ ) (NNS=H )) (PP (IN=H ) (NP (JJ ) (JJ ) (NNS=H )))) (-RRB- ))) (VP=H (VBP=H ) (SBAR (S=H (VP=H (VBP=H ) (ADJP (JJ=H )))))) (. ))),1,92974,"0,0863832195"
(ROOT (S=H (NP (NP=H (NNP ) (NNP ) (NNP=H )) (PP (IN=H ) (NP (NNP ) (VBG ) (NNS=H )))) (VP=H (VBP=H ) (ADJP (JJ=H ))) (. ))),1,92975,"0,0863841486"
(ROOT (S=H (NP (NNP=H )) (VP=H (VBD=H ) (NP (NP=H (NP (NNP ) (NNP ) (NNP ) (POS=H )) (NNP ) (NNP=H )) (SBAR (S=H (NP (NNS=H ) (CC ) (NNS )) (VP=H (VBP=H ) (ADJP (JJ=H ))))))) (. ))),1,92976,"0,0863850777"
(ROOT (S=H (NP (NNP=H )) (VP=H (VBD=H ) (SBAR (S=H (NP (NNS ) (NNP ) (NNP ) (NN ) (NN ) (NNP ) (NNP=H )) (VP=H (VBP=H ) (ADJP (JJ=H )))))) (. ))),1,92977,"0,0863860068"
(ROOT (S=H (NP (PRP=H )) (NP (CD ) (NNS=H )) (VP=H (VBP=H ) (ADJP (JJ=H ))) (. ))),1,92978,"0,0863869359"
(ROOT (S=H (NP (NP=H (JJ ) (NN=H )) (PP (IN=H ) (NP (NP=H (DT ) (NNP ) (NNP=H )) (PP (IN=H ) (NP (NNP ) (NNPS=H )))))) (VP=H (VBP=H ) (ADJP (JJ=H ))) (. ))),1,92979,"0,0863878651"
(ROOT (S=H (NP (NP=H (NNP=H )) (PP (IN=H ) (NP (NP (NNP ) (NNP ) (NNPS ) (POS=H )) (NNP=H )))) (VP=H (VBP=H ) (ADJP (JJ=H ))) (. ))),1,92980,"0,0863887942"
(ROOT (S=H (NP (NN=H )) (VP=H (VBD=H ) (SBAR (S=H (NP (NP=H (NN=H )) (PP (IN=H ) (NP (NNP ) (NN ) (NNS=H )))) (VP=H (VBD=H ) (SBAR (S=H (NP (NNP ) (NNP=H )) (VP=H (VBP=H ) (ADJP (JJ=H ))))))))) (. ))),1,92981,"0,0863897233"
(ROOT (S=H (NP (NP=H (NNP ) (NNP ) (NNP ) (NNP=H )) (CC ) (NP (NNP ) (NNPS ) (JJ ) (NNS=H ))) (VP=H (VBP=H ) (ADJP (JJ=H ))) (. ))),1,92982,"0,0863906524"
"(ROOT (S=H (NP (NP=H (NN=H )) (PP (IN=H ) (NP (NP=H (NNP ) (NNPS=H )) (, ) (NP (NNP=H ))))) (VP=H (VBP=H ) (ADJP (JJ=H ))) (. )))",1,92983,"0,0863915815"
(ROOT (S=H (NP (NP (NNP ) (NNPS ) (NNP ) (POS=H )) (JJ ) (NN ) (NN ) (NNS=H )) (VP=H (VBP=H ) (ADJP (JJ=H ))) (. ))),1,92984,"0,0863925106"
(ROOT (S=H (ADVP (DT ) (JJ=H ) (PP (IN=H ) (NP (NNP=H )))) (NP (NNS=H )) (VP=H (VBP=H ) (ADJP (JJ=H ))) (. ))),1,92985,"0,0863934397"
(ROOT (S=H (NP (NP=H (NNP ) (NN ) (NN=H )) (PP (IN=H ) (NP (NNS ) (NN ) (NN=H )))) (VP=H (VBP=H ) (ADJP (JJ=H ))) (. ))),1,92986,"0,0863943688"
(ROOT (S=H (NP (NP=H (NNP ) (NNP ) (NNP ) (NNP=H )) (PRN (-LRB- ) (NP=H (NP=H (NNP=H )) (: ) (NP (NNP ) (NNS=H ))) (-RRB- ))) (VP=H (VBP=H ) (ADJP (JJ=H ))) (. ))),1,92987,"0,086395298"
(ROOT (S=H (NP (NNP ) (NNP=H )) (SBAR=H (X (SYM=H )) (S=H (NP (NP=H (VBN ) (NNS=H )) (PP (IN=H ) (NP (NP=H (DT ) (NNP=H )) (PP (IN=H ) (NP (NNP=H )))))) (VP=H (VBP=H ) (ADJP (JJ=H ))))) (. ))),1,92988,"0,0863962271"
"(ROOT (S=H (S (NP=H (NP=H (NNP=H )) (PP (IN=H ) (NP (NP (NNP ) (NNP ) (POS=H )) (JJ ) (NN=H ))))) (, ) (NP (NNP=H )) (VP=H (VBP=H ) (ADJP (JJ=H ))) (. )))",1,92989,"0,0863971562"
(ROOT (S=H (NP (NP=H (NNP ) (NNP ) (NNP=H )) (PP (IN=H ) (NP (NP=H (DT ) (NN=H )) (PP (IN=H ) (NP (NNP ) (NNS=H )))))) (VP=H (VBP=H ) (ADJP (JJ=H ))) (. ))),1,92990,"0,0863980853"
(ROOT (S=H (NP (NP=H (NNP=H ) (CD )) (SBAR (S=H (NP (NP (NNP ) (NNP ) (POS=H )) (NN ) (NNS=H )) (VP=H (VBZ=H ))))) (VP=H (VBP=H ) (ADJP (JJ=H ))) (. ))),1,92991,"0,0863990144"
(ROOT (S=H (NP (NP=H (NNP=H )) (PP (IN=H ) (NP (NP=H (DT ) (NNP ) (NNP=H )) (PP (IN=H ) (NP (NNPS=H )))))) (VP=H (VBP=H ) (ADJP (JJ=H ))) (. ))),1,92992,"0,0863999435"
(ROOT (S=H (NP (NP=H (NNP=H )) (PP (IN=H ) (NP (NP=H (NNP=H )) (PP (IN=H ) (NP (NNP ) (NNS=H ) (CC ) (NNS )))))) (VP=H (VBP=H ) (ADJP (JJ=H ))) (. ))),1,92993,"0,0864008726"
(ROOT (S=H (NP (NP=H (NNP ) (CC ) (NNS ) (NNS=H )) (PP (VBN=H ) (PP (IN=H ) (NP (DT ) (NNP ) (NNPS=H ))))) (VP=H (VBP=H ) (ADJP (JJ=H ))) (. ))),1,92994,"0,0864018017"
(ROOT (S=H (NP (NP=H (DT ) (NNP ) (NNP=H )) (PRN (-LRB- ) (NNS=H ) (-RRB- ))) (VP=H (VBP=H ) (ADJP (JJ=H ))) (. ))),1,92995,"0,0864027308"
(ROOT (S=H (NP (NP=H (NNP ) (NNPS ) (JJ ) (NN ) (NN ) (NN=H )) (NP (NN=H ))) (VP=H (VBP=H ) (ADJP (JJ=H ))) (. ))),1,92996,"0,08640366"
(ROOT (S=H (PP (IN=H ) (NP (NNP=H ))) (NP (NP=H (NNP ) (NNP=H )) (PRN (-LRB- ) (NP=H (NN=H )) (-RRB- ))) (VP=H (VBP=H ) (ADJP (JJ=H ))) (. ))),1,92997,"0,0864045891"
(ROOT (S=H (NP (NNPS ) (CC ) (NN ) (JJ ) (NNS=H )) (VP=H (VBP=H ) (ADJP (JJ=H ))) (. ))),1,92998,"0,0864055182"
"(ROOT (S=H (NP (NP=H (NNP=H )) (, ) (NP (NN=H )) (CC ) (NP (NN ) (JJ ) (NNS=H ))) (VP=H (VBP=H ) (ADJP (JJ=H ))) (. )))",1,92999,"0,0864064473"
"(ROOT (S=H (S (NP=H (NP=H (NNS=H ) (CC ) (NNS )) (PP (IN=H ) (NP (DT ) (NNPS=H ))))) (, ) (NP (NNP=H )) (VP=H (VBP=H ) (ADJP (JJ=H ))) (. )))",1,93000,"0,0864073764"
(ROOT (NP=H (NP=H (JJ ) (NN=H )) (: ) (S (NP (NN=H )) (VP=H (VBP=H ) (ADJP (JJ=H )))) (. ))),1,93001,"0,0864083055"
(ROOT (NP=H (NP=H (NNS=H )) (: ) (S (NP (JJ ) (NNP ) (NNS=H )) (VP=H (VBP=H ) (ADJP (JJ=H )))) (. ))),1,93002,"0,0864092346"
(ROOT (S=H (NP (NP=H (NNP ) (NNP=H )) (PP (IN=H ) (NP (NP=H (DT ) (NNP ) (NNP=H )) (PP (IN=H ) (NP (NNS=H )))))) (VP=H (VBP=H ) (ADJP (JJ=H ))) (. ))),1,93003,"0,0864101637"
(ROOT (S=H (NP (NP=H (NNP=H )) (PP (IN=H ) (NP (NP=H (NNP=H )) (PP (IN=H ) (NP (NP=H (NNP ) (NNS=H )) (VP (VBG=H ) (NP (NN=H )))))))) (VP=H (VBP=H ) (ADJP (JJ=H ))) (. ))),1,93004,"0,0864110928"
(ROOT (NP=H (NP=H (NNP=H )) (: ) (S (NP (NNP ) (NNPS ) (JJ ) (NN=H )) (VP=H (VBP=H ) (ADJP (JJ=H )))) (. ))),1,93005,"0,086412022"
(ROOT (S=H (NP (NP=H (NNP ) (NNP=H )) (PP (IN=H ) (NP (NP=H (NNP ) (NNPS ) (NNP=H )) (PP (IN=H ) (NP (NNP ) (NNS=H )))))) (VP=H (VBP=H ) (ADJP (JJ=H ))) (. ))),1,93006,"0,0864129511"
(ROOT (S=H (NP (NP=H (NP=H (NNP=H )) (CC ) (NP (NP=H (NNS=H )) (PP (IN=H ) (NP (DT ) (NNP ) (NNPS=H ))))) (PRN (-LRB- ) (NP=H (NNP ) (NNP ) (NNP=H )) (-RRB- ))) (VP=H (VBP=H ) (ADJP (JJ=H ))) (. ))),1,93007,"0,0864138802"
(ROOT (NP=H (NP=H (NP=H (NNP=H )) (PP (IN=H ) (NP (CD=H )))) (: ) (S (NP (CD ) (NNP ) (NN=H )) (VP=H (VBP=H ) (ADJP (JJ=H )))) (. ))),1,93008,"0,0864148093"
(ROOT (NP=H (NP=H (NP=H (NNS=H )) (PP (IN=H ) (NP (DT ) (CD=H )))) (: ) (S (NP (CD ) (NNP ) (NN=H )) (VP=H (VBP=H ) (ADJP (JJ=H )))) (. ))),1,93009,"0,0864157384"
(ROOT (S=H (NP (NP=H (JJ ) (NN=H )) (PP (IN=H ) (S (VP=H (VBG=H ) (PP (IN=H ) (NP (DT ) (NNP ) (NN ) (NNS=H ))))))) (VP=H (VBP=H ) (ADJP (JJ=H ))) (. ))),1,93010,"0,0864166675"
(ROOT (S=H (NP (NP=H (NNP ) (NNP=H )) (PP (IN=H ) (NP (NNS=H ) (CC ) (NNS )))) (VP=H (VBP=H ) (ADJP (JJ=H ))) (. ))),1,93011,"0,0864175966"
(ROOT (S=H (NP (NP=H (NNP ) (NNP ) (NNP=H )) (PP (IN=H ) (NP (JJ ) (JJ ) (NN ) (NNS=H )))) (VP=H (VBP=H ) (ADJP (JJ=H ))) (. ))),1,93012,"0,0864185257"
(ROOT (S=H (NP (NP=H (NNP ) (NNP ) (NNP=H )) (PP (IN=H ) (NP (NP=H (JJ=H )) (VP (VBN=H ) (PP (IN=H ) (NP (NNP ) (NNP ) (NNS=H ))))))) (VP=H (VBP=H ) (ADJP (JJ=H ))) (. ))),1,93013,"0,0864194549"
(ROOT (S=H (NP (NP=H (JJ ) (NNS ) (NN=H )) (PP (IN=H ) ('' ) (NP (`` ) (NNP=H ) ('' ))) ('' )) (VP=H (VBP=H ) (ADJP (JJ=H ))) (. ))),1,93014,"0,086420384"
"(ROOT (S=H (S (NP (NNS=H )) (VP=H (VBN=H ) (PP (IN=H ) (NP (DT ) (NNP ) (NNP ) (NNP=H ))))) (, ) (NP (NNP ) (NNP=H )) (VP=H (VBP=H ) (ADJP (JJ=H ))) (. )))",1,93015,"0,0864213131"
"(ROOT (S=H (S (NP (NNS=H )) (VP=H (VBN=H ) (PP (IN=H ) (NP (NP=H (NP (NNP ) (NNP ) (POS=H )) (NN=H )) (PP (IN=H ) (NP (NNP ) (NNP ) (NNP=H ))))))) (, ) (NP (NNP=H )) (VP=H (VBP=H ) (ADJP (JJ=H ))) (. )))",1,93016,"0,0864222422"
"(ROOT (S=H (S (NP (NNS=H )) (VP=H (VBN=H ) (PP (IN=H ) (NP (NP=H (NP (NNP ) (NNP ) (POS=H )) (NN=H )) (PP (IN=H ) (NP (NNP ) (NNP=H ))))))) (, ) (NP (NNP=H )) (VP=H (VBP=H ) (ADJP (JJ=H ))) (. )))",1,93017,"0,0864231713"
(ROOT (S=H (NP (NP (NNP ) (NNP ) (NNP ) (POS=H )) (NNPS ) (NNP=H )) (VP=H (VBP=H ) (ADJP (JJ=H ))) (. ))),1,93018,"0,0864241004"
(ROOT (S=H (NP (JJ ) (NN ) (NN ) (NN=H )) (VP=H (VBD=H ) (SBAR (S=H (NP (NN ) (NNS=H )) (VP=H (VBP=H ) (ADJP (JJ=H )))))) (. ))),1,93019,"0,0864250295"
(ROOT (S=H (NP (NN ) (NNP ) (NNP=H ) (NP (DT ) (NNP ) (NNS=H ))) (VP=H (VBP=H ) (ADJP (JJ=H ))) (. ))),1,93020,"0,0864259586"
(ROOT (S=H (NP (NP=H (JJ ) (NN=H )) (PP (IN=H ) (NP (NP=H (NNP=H )) (PP (IN=H ) (NP (DT ) (NNP ) (NNPS=H )))))) (VP=H (VBP=H ) (ADJP (JJ=H ))) (. ))),1,93021,"0,0864268877"
(ROOT (S=H (NP (NP=H (NN=H )) (PP (IN=H ) (NP (NP=H (NNP ) (NNPS=H ) (CC ) (NNPS )) (PP (IN=H ) (NP (NN=H )))))) (VP=H (VBP=H ) (ADJP (JJ=H ))) (. ))),1,93022,"0,0864278169"
(ROOT (S=H (NP (NP=H (NP=H (NNP=H )) (PP (IN=H ) (NP (NN=H )))) (PRN (-LRB- ) (NP=H (NNS=H )) (-RRB- ))) (VP=H (VBP=H ) (ADJP (JJ=H ))) (. ))),1,93023,"0,086428746"
(ROOT (S=H (NP (NNP=H )) (ADVP (RB=H )) (VP=H (VBP=H ) (SBAR (S=H (NP (NN ) (NN ) (NNS=H )) (VP=H (VBP=H ) (ADJP (JJ=H )))))) (. ))),1,93024,"0,0864296751"
(ROOT (S=H (NP (NP=H (NNS ) (CC ) (NNS ) (NNS=H )) (PP (IN=H ) (NP (NN=H ) (CC ) (NN )))) (VP=H (VBP=H ) (ADJP (JJ=H ))) (. ))),1,93025,"0,0864306042"
(ROOT (S=H (NP (NP=H (NN=H )) (PP (IN=H ) (NP (DT ) (NNP ) (NNPS ) (NNP ) (NNP=H ))) (PP (IN=H ) (NP (NN=H )))) (VP=H (VBP=H ) (ADJP (JJ=H ))) (. ))),1,93026,"0,0864315333"
(ROOT (S=H (NP (NP=H (NN=H )) (PP (IN=H ) (NP (NP=H (NNS=H )) (PP (IN=H ) (NP (DT ) (NNP ) (NNP=H )))))) (VP=H (VBP=H ) (ADJP (JJ=H ))) (. ))),1,93027,"0,0864324624"
(ROOT (S=H (S=H (NP (NNP ) (NNP ) (NNP=H )) (VP=H (VBZ=H ))) (CC ) (S (NP (NP=H (NNS=H )) (PP (IN=H ) (NP (NP=H (DT ) (NNP=H )) (PP (IN=H ) (NP (NNP=H )))))) (VP=H (VBP=H ) (ADJP (JJ=H )))) (. ))),1,93028,"0,0864333915"
(ROOT (S=H (NP (NNP=H )) (VP=H (VBD=H ) (SBAR (S=H (NP (NP=H (NNS=H )) (PP (IN=H ) (NP (NP=H (NN ) (NN=H )) (PP (IN=H ) (NP (NNP=H )))))) (VP=H (VBP=H ) (ADJP (JJ=H )))))) (. ))),1,93029,"0,0864343206"
(ROOT (S=H (NP (NP=H (NP (JJ ) (NNS ) (POS=H )) (NNS=H ) (CC ) (NNS )) (PP (IN=H ) (NP (NNP=H )))) (VP=H (VBP=H ) (ADJP (JJ=H ))) (. ))),1,93030,"0,0864352497"
(ROOT (S=H (NP (NP (NNS=H )) (PRN (-LRB- ) (NP=H (JJ ) (JJ ) (NNS=H )) (-RRB- )) (NNS=H )) (VP=H (VBP=H ) (ADJP (JJ=H ))) (. ))),1,93031,"0,0864361789"
(ROOT (S=H (NP (PRP=H )) (VP=H (VBZ=H ) (NP (NP=H (NNP=H )) (PRN (-LRB- ) (VP=H (VBG=H )) (-RRB- )) (SBAR (S=H (NP (NNS=H )) (VP=H (VBP=H ) (ADJP (JJ=H ))))))) (. ))),1,93032,"0,086437108"
(ROOT (S=H (NP (NNP ) (NNP=H )) (PRN (-LRB- ) (NP=H (NNP ) (NNPS=H )) (-RRB- )) (NP (NN ) (NNS=H )) (VP=H (VBP=H ) (ADJP (JJ=H ))) (. ))),1,93033,"0,0864380371"
(ROOT (S=H (NP (NP=H (JJ ) (NN=H )) (PP (IN=H ) (NP (NP=H (NN ) (NN=H )) (PP (IN=H ) (NP (DT ) (VBG ) (NN ) (NNS=H )))))) (VP=H (VBP=H ) (ADJP (JJ=H ))) (. ))),1,93034,"0,0864389662"
(ROOT (S=H (NP (NNP ) (NNP ) (PRN (-LRB- ) (NP=H (JJ ) (JJ ) (NN=H )) (-RRB- )) (NNP=H )) (VP=H (VBP=H ) (ADJP (JJ=H ))) (. ))),1,93035,"0,0864398953"
(ROOT (S=H (NP (NP=H (JJ ) (NN=H )) (PP (IN=H ) (NP (NP=H (JJS ) (NNS=H )) (PP (IN=H ) (NP (DT ) (VBG ) (NN ) (NNS=H )))))) (VP=H (VBP=H ) (ADJP (JJ=H ))) (. ))),1,93036,"0,0864408244"
(ROOT (S=H (NP (NP=H (JJ ) (NN=H )) (PP (IN=H ) (NP (JJS ) (JJ ) (NN ) (NNS=H )))) (VP=H (VBP=H ) (ADJP (JJ=H ))) (. ))),1,93037,"0,0864417535"
(ROOT (S=H (NP (NNP=H )) (VP=H (S=H (NP=H (NP=H (NN ) (NNS=H )) (. ) (S (VP=H (VBP=H ) (ADJP (JJ=H ))))))) (. ))),1,93038,"0,0864426826"
(ROOT (S=H (NP (JJ ) (PRN (-LRB- ) (NP=H (JJ ) (JJ ) (NN=H )) (-RRB- )) (JJ ) (NNS=H )) (VP=H (VBP=H ) (ADJP (JJ=H ))) (. ))),1,93039,"0,0864436118"
(ROOT (FRAG=H (NP (NN ) (NN=H )) (: ) (S=H (NP (NN=H )) (VP=H (VBP=H ) (ADJP (JJ=H )))) (. ))),1,93040,"0,0864445409"
(ROOT (S=H (INTJ (UH=H )) (VP=H (VB=H ) (PRT (RP=H )) (NP (NP=H (NP=H (NN=H )) (-LRB- ) (NP (JJ ) (JJ ) (NN ) (NNS=H )) (PRN (-LRB- ) (NP=H (DT ) (NNPS=H )) (-RRB- )) (-RRB- )) (SBAR (S=H (NP (NN=H )) (VP=H (VBP=H ) (ADJP (JJ=H ))))))) (. ))),1,93041,"0,08644547"
(ROOT (S=H (NP (NP=H (NP=H (NNP=H )) (PRN (-LRB- ) (NP=H (NP=H (NN=H )) (CC ) (NP (NN=H ))) (-RRB- ))) (PP (IN=H ) (NP (DT ) (NNP ) (NNPS=H )))) (VP=H (VBP=H ) (ADJP (JJ=H ))) (. ))),1,93042,"0,0864463991"
(ROOT (S=H (NP (NP=H (JJ ) (JJ ) (NNS ) (NN=H )) (NP (CD ) (TO ) (CD=H ))) (VP=H (VBP=H ) (ADJP (JJ=H ))) (. ))),1,93043,"0,0864473282"
"(ROOT (S=H (NP-TMP (NP=H (NNP ) (NNP=H )) (NP (CD=H ))) (, ) (NP (NNP ) (NNP=H )) (VP=H (VBP=H ) (ADJP (JJ=H ))) (. )))",1,93044,"0,0864482573"
(ROOT (S=H (NP (JJ ) (PRN (-LRB- ) (NP=H (NNP=H )) (-RRB- )) (NNS=H )) (PP (IN=H ) (NP (NN=H ))) (VP=H (VBP=H ) (ADJP (JJ=H ))) (. ))),1,93045,"0,0864491864"
(ROOT (S=H (NP (NP=H (NN=H )) (PP (IN=H ) (NP (NP=H (DT ) (NNPS=H )) (PP (IN=H ) (NP (DT ) (NNP=H )))))) (VP=H (VBP=H ) (ADJP (JJ=H ))) (. ))),1,93046,"0,0864501155"
(ROOT (S=H (NP (NP=H (JJ ) (ADJP (JJ=H ) (PRT (RP=H ))) (NN=H )) (PRN (-LRB- ) (VP=H (VBN=H ) (S (VP=H (TO=H ) (VP (VB=H ) (VP (VBN=H ) (PP (IN=H ) (NP (NNS=H )))))))) (-RRB- ))) (VP=H (VBP=H ) (SBAR (S=H (VP=H (VBP=H ) (ADJP (JJ=H )))))) (. ))),1,93047,"0,0864510446"
(ROOT (S=H (NP (NP=H (NNP ) (NNPS ) (JJ ) (NN ) (NN ) (NN=H )) (NP (NN ) (NN=H ))) (VP=H (VBP=H ) (ADJP (JJ=H ))) (. ))),1,93048,"0,0864519738"
(ROOT (S=H (NP (NP (NNP ) (POS=H )) (JJ ) (JJ ) (NN=H )) (VP=H (VBZ=H ) (SBAR (S=H (NP (NNS=H )) (VP=H (VBP=H ) (ADJP (JJ=H )))))) (. ))),1,93049,"0,0864529029"
(ROOT (S=H (NP (NP=H (NNP=H )) (PP (TO=H ) (NP (NP=H (NNP=H )) (PP (IN=H ) (NP (DT ) (NNP ) (NNPS=H )))))) (VP=H (VBP=H ) (ADJP (JJ=H ))) (. ))),1,93050,"0,086453832"
(ROOT (NP=H (NP=H (NNP=H )) (: ) (S (NP (NNP ) (NN ) (NN ) (NNS=H )) (VP=H (VBP=H ) (ADJP (JJ=H )))) (. ))),1,93051,"0,0864547611"
(ROOT (NP=H (NP=H (CD=H )) (: ) (S (NP (CD ) (JJ ) (NNP ) (NN ) (NN ) (NNS=H )) (VP=H (VBP=H ) (ADJP (JJ=H )))) (. ))),1,93052,"0,0864556902"
(ROOT (S=H (NP (NP=H (NNP ) (NNP ) (JJ ) (JJ ) (NNS ) (NN ) (NN=H )) (NP (NN=H ))) (VP=H (VBP=H ) (ADJP (JJ=H ))) (. ))),1,93053,"0,0864566193"
(ROOT (FRAG=H (NP (NNP ) (NNP ) (NNP=H )) (: ) (S=H (NP (NNP ) (NNP ) (NNP ) (NNP ) (NNP=H )) (VP=H (VBP=H ) (ADJP (JJ=H )))) (. ))),1,93054,"0,0864575484"
"(ROOT (S=H (S (NP=H (NP (NNP ) (NNP ) (POS=H )) (NNP ) (NNP=H ))) (, ) (NP (NNP ) (NNS=H )) (VP=H (VBP=H ) (ADJP (JJ=H ))) (. )))",1,93055,"0,0864584775"
(ROOT (S=H (NP (NNP=H )) (VP=H (VBZ=H ) (NP (NP=H (JJ ) (NNS=H )) (SBAR (S=H (NP (JJ ) (NNS=H )) (VP=H (VBP=H ) (ADJP (JJ=H ))))))) (. ))),1,93056,"0,0864594067"
(ROOT (S=H (NP (NP=H (NP (NNP ) (NNP ) (POS=H )) (NN=H )) (PP (IN=H ) (NP (NP=H (DT ) (NN ) (NN=H )) (VP (VBG=H ) (NP (NNS=H )))))) (VP=H (VBP=H ) (ADJP (JJ=H ))) (. ))),1,93057,"0,0864603358"
(ROOT (S=H (NP (NP=H (NNP ) (NNP=H )) (PP (IN=H ) (NP (NNPS ) (NNPS ) (NNP=H )))) (VP=H (VBP=H ) (ADJP (JJ=H ))) (. ))),1,93058,"0,0864612649"
(ROOT (S=H (NP (NNP=H )) (VP=H (VBD=H ) (SBAR (S=H (NP (NNS ) (NNP ) (NNP ) (NN ) (NN ) (NNP ) (NNP=H )) (VP=H (VBD=H ) (SBAR (S=H (NP (NN=H )) (VP=H (VBP=H ) (ADJP (JJ=H ))))))))) (. ))),1,93059,"0,086462194"
(ROOT (S=H (NP (NP=H (CD ) (NN=H )) (PP (IN=H ) (NP (NP=H (NP (DT ) (NNS ) (POS=H )) (NN=H )) (PP (IN=H ) (NP (NNP=H )))))) (VP=H (VBP=H ) (ADJP (JJ=H ))) (. ))),1,93060,"0,0864631231"
(ROOT (S=H (NP (NP (JJ ) (NN ) (CD ) (NNS ) (POS=H )) (NNS=H )) (VP=H (VBP=H ) (ADJP (JJ=H ))) (. ))),1,93061,"0,0864640522"
(ROOT (S=H (NP (NP=H (NNP ) (NNP ) (NNP=H )) (VP (VBG=H ) (PP (IN=H ) (NP (DT ) (NNPS=H ))))) (VP=H (VBP=H ) (ADJP (JJ=H ))) (. ))),1,93062,"0,0864649813"
(ROOT (S=H (NP (NNP=H )) (VP=H (VBZ=H ) (SBAR (IN=H ) (S (S (VP=H (VB=H ) (NP (DT ) (NN=H )) (PP (IN=H ) (NP (NNP ) (NNPS=H ))))) (VP=H (VBP=H ) (ADJP (JJ=H )))))) (. ))),1,93063,"0,0864659104"
(ROOT (S=H (NP (NP=H (NN=H ) (CC ) (NN )) (VP (VBG=H ) (NP (NNS=H )))) (VP=H (VBP=H ) (ADJP (JJ=H ))) (. ))),1,93064,"0,0864668395"
(ROOT (S=H (NP (NP=H (NNP=H )) (CC ) (NP (`` ) (JJ ) ('' ) (NN ) (NNS=H ))) (VP=H (VBP=H ) (ADJP (JJ=H ))) (. ))),1,93065,"0,0864677687"
(ROOT (S=H (NP (NP=H (NNP=H )) (PP (IN=H ) (NP (NP=H (NNP=H )) (PP (IN=H ) (NP (ADJP (JJ=H ) (CC ) (JJ )) (NNS=H )))))) (VP=H (VBP=H ) (ADJP (JJ=H ))) (. ))),1,93066,"0,0864686978"
(ROOT (S=H (PP (IN=H ) (NP (NP=H (NNP=H )) (PP (IN=H ) (NP (NP=H (NNP=H )) (PP (IN=H )))))) (NP (NNP=H ) (CC ) (NNP )) (VP=H (VBP=H ) (ADJP (JJ=H ))) (. ))),1,93067,"0,0864696269"
"(ROOT (S=H (S (NP (NNS=H )) (VP=H (VBN=H ) (PP (IN=H ) (NP (NNP ) (NNS=H ))))) (, ) (NP (NNP=H )) (VP=H (VBP=H ) (ADJP (JJ=H ))) (. )))",1,93068,"0,086470556"
(ROOT (S=H (NP (NP (NNP ) (NNS ) (POS=H )) (JJ ) (JJ ) (NNS=H )) (VP=H (VBP=H ) (ADJP (JJ=H ))) (. ))),1,93069,"0,0864714851"
(ROOT (S=H (NP (NP (NNP=H )) (PRN (: ) (NP=H (NNP=H ) (. ))) (NNS=H )) (VP=H (VBP=H ) (ADJP (JJ=H ))) (. ))),1,93070,"0,0864724142"
(ROOT (S=H (NP (NP=H (NNP=H )) (PP (IN=H ) (NP (DT ) (NNP ) (NNP ) (NNP ) (NNP ) (NNS=H )))) (VP=H (VBP=H ) (ADJP (JJ=H ))) (. ))),1,93071,"0,0864733433"
(ROOT (S=H (NP (NP=H (NNP=H )) (PP (IN=H ) (NP (NP=H (NNS=H )) (PP (IN=H ) (NP (NNS ) (NNS=H )))))) (VP=H (VBP=H ) (ADJP (JJ=H ))) (. ))),1,93072,"0,0864742724"
(ROOT (S=H (NP (NNP ) (NNP=H )) (VP=H (VBZ=H ) (SBAR (S=H (NP (NP=H (NNP=H )) (PP (IN=H ) (NP (DT ) (NNP ) (NNPS=H )))) (VP=H (VBP=H ) (ADJP (JJ=H )))))) (. ))),1,93073,"0,0864752015"
(ROOT (S=H (NP (NP=H (NNP ) (NNPS ) (NNP ) (NNS=H )) (PP (IN=H ) (NP (NNP ) (NNP=H ) (PRP )))) (VP=H (VBP=H ) (ADJP (JJ=H ))) (. ))),1,93074,"0,0864761307"
(ROOT (S=H (NP (NNP ) (NNPS ) (NNP=H )) (VP=H (VBZ=H ) (PP (IN=H ) (NP (NP=H (NNP ) (NNP=H )) (SBAR (S=H (NP (PRP=H )) (VP=H (VBP=H ) (ADJP (JJ=H )))))))) (. ))),1,93075,"0,0864770598"
(ROOT (S=H (NP (NP=H (NNP ) (NNP=H )) (PP (IN=H ) (NP (NNPS ) (NNS=H )))) (VP=H (VBP=H ) (ADJP (JJ=H ))) (. ))),1,93076,"0,0864779889"
(ROOT (S=H (NP (NP=H (NNP=H )) (PP (IN=H ) (NP (NP=H (JJ ) (NN=H )) (PP (IN=H ) (NP (DT ) (NNP ) (NNP ) (NNPS=H )))))) (VP=H (VBP=H ) (ADJP (JJ=H ))) (. ))),1,93077,"0,086478918"
"(ROOT (S=H (S (VP=H (VBN=H ) (PP (IN=H ) (NP (DT ) (NNP ) (NNP ) (NNP=H ))))) (, ) (NP (NNP=H )) (VP=H (VBP=H ) (ADJP (JJ=H ))) (. )))",1,93078,"0,0864798471"
(ROOT (S=H (NP (NP=H (NP (NNS ) (POS=H )) (NNP=H )) (PP (IN=H ) (NP (NP=H (NNP ) (NNS=H )) (PP (IN=H ) (NP (NN=H )))))) (VP=H (VBP=H ) (ADJP (JJ=H ))) (. ))),1,93079,"0,0864807762"
(ROOT (S=H (NP (NP=H (NNPS ) (CC ) (NNP ) (NNP=H )) (PP (IN=H ) (NP (DT ) (NNP ) (NNP=H )))) (VP=H (VBP=H ) (ADJP (JJ=H ))) (. ))),1,93080,"0,0864817053"
(ROOT (S=H (NP (NP=H (NP=H (NNP ) (NNP ) (NNPS ) (NNP=H )) (PRN (-LRB- ) (NP=H (NP=H (CD=H )) (: ) (NP (CD=H ))) (-RRB- ))) (PP (IN=H ) (NP (JJ ) (NN=H )))) (VP=H (VBP=H ) (ADJP (JJ=H ))) (. ))),1,93081,"0,0864826344"
(ROOT (S=H (NP (NP=H (NNP=H )) (PP (IN=H ) (NP (DT ) (NNP ) (NNP ) (NNP ) (JJ ) (NNS=H ) (CC ) (NNS )))) (VP=H (VBP=H ) (ADJP (JJ=H ))) (. ))),1,93082,"0,0864835636"
(ROOT (S=H (NP (NP=H (NNP ) (NNP=H )) (PP (IN=H ) (NP (DT ) (NNP ) (NNS ) (CC ) (NN ) (NNS=H )))) (VP=H (VBP=H ) (ADJP (JJ=H ))) (. ))),1,93083,"0,0864844927"
(ROOT (S=H (NP (NNP=H )) (PRN (-LRB- ) (NP=H (NN=H )) (-RRB- )) (NP (NNS ) (CC ) (NN ) (NNS=H )) (VP=H (VBP=H ) (ADJP (JJ=H ))) (. ))),1,93084,"0,0864854218"
(ROOT (S=H (NP (NP=H (NNP ) (IN ) (NNP=H )) (PP (IN=H ) (NP (DT ) (CD ) (NNPS ) (NNPS=H )))) (VP=H (VBP=H ) (ADJP (JJ=H ))) (. ))),1,93085,"0,0864863509"
(ROOT (S=H (NP (NP=H (NNP=H )) (PP (IN=H ) (NP (NP=H (NN=H )) (PP (IN=H ) (NP (DT ) (NNPS ) (NNP ) (NN ) (NNS=H )))))) (VP=H (VBP=H ) (ADJP (JJ=H ))) (. ))),1,93086,"0,08648728"
(ROOT (S=H (NP (NP (NNP ) (NNP ) (JJ ) (NNS ) (POS=H )) (NNS ) (NN=H )) (VP=H (VBP=H ) (ADJP (JJ=H ))) (. ))),1,93087,"0,0864882091"
(ROOT (S=H (NP (NNP=H )) (VP=H (VBD=H ) (NP (NP=H (NNS=H )) (SBAR (S=H (NP (NP=H (NP (NNP ) (NNP ) (POS=H )) (NNP ) (NN ) (NNS=H ) (CC ) (NNS )) (ADJP (JJ ) (JJ=H ))) (VP=H (VBP=H ) (ADJP (JJ=H ))))))) (. ))),1,93088,"0,0864891382"
(ROOT (S=H (NP (NNP=H )) (VP=H (VBD=H ) (NP (NP=H (NP (NNP ) (NNP ) (NNP ) (POS=H )) (NNP ) (NNP=H )) (SBAR (S=H (NP (NNS=H ) (CC ) (NNS )) (VP=H (VBD=H ) (SBAR (S=H (NP (NN=H )) (VP=H (VBP=H ) (ADJP (JJ=H )))))))))) (. ))),1,93089,"0,0864900673"
(ROOT (S=H (NP (NP=H (NNP=H )) (CC ) (NP (DT ) (NNP=H ))) (ADVP (RB=H ) (CC ) (RB )) (VP=H (VBZ=H ) (NP (NP=H (NNS=H )) (SBAR (S=H (VP=H (VBP=H ) (ADJP (JJ=H ))))))) (. ))),1,93090,"0,0864909964"
(ROOT (NP=H (NP=H (NNP=H )) (: ) (S (NP (NP=H (NNP ) (NNP=H )) (PRN (-LRB- ) (NP=H (NNP=H )) (-RRB- ))) (VP=H (VBP=H ) (ADJP (JJ=H )))) (. ))),1,93091,"0,0864919256"
(ROOT (S=H (NP (NP=H (NNP=H )) (PP (IN=H ) (NP (NP=H (NNP ) (PRN (-LRB- ) (NNP ) (NN=H ) (-RRB- )) (NNP=H )) (PP (IN=H ) (NP (JJ ) (NNS=H )))))) (VP=H (VBP=H ) (ADJP (JJ=H ))) (. ))),1,93092,"0,0864928547"
(ROOT (NP=H (NP=H (NP=H (VB=H )) (PP (IN=H ) (NP (NNP=H )))) (: ) (S (NP (NNP ) (NNP ) (NNS=H )) (VP=H (VBP=H ) (ADJP (JJ=H )))) (. ))),1,93093,"0,0864937838"
"(ROOT (S=H (S (VP=H (VBN=H ) (NP (NNP ) (NNP=H )))) (, ) (NP (NNP ) (NNS=H )) (VP=H (VBP=H ) (ADJP (JJ=H ))) (. )))",1,93094,"0,0864947129"
"(ROOT (S=H (NP (NP=H (NNP=H )) (PP (IN=H ) (NP (NNP ) (, ) (NNP=H ) (CC ) (NNPS ))) (PP (IN=H ) (NP (NNP=H )))) (VP=H (VBP=H ) (ADJP (JJ=H ))) (. )))",1,93095,"0,086495642"
(ROOT (S=H (NP (NN=H )) (PRN (-LRB- ) (NP=H (NNP=H )) (-RRB- )) (NP (NN ) (NNS=H )) (VP=H (VBP=H ) (ADJP (JJ=H ))) (. ))),1,93096,"0,0864965711"
(ROOT (S=H (NP (NP=H (CD ) (: ) (CD=H )) (PP (IN=H ) (NP (NNP ) (NNP ) (NNPS ) (NN=H )))) (VP=H (VBP=H ) (ADJP (JJ=H ))) (. ))),1,93097,"0,0864975002"
(ROOT (S=H (NP (NP=H (NNP ) (NNP=H )) (PP (IN=H ) (NP (DT ) (NNP ) (NNS=H ))) (VP (VBN=H ) (PP (IN=H ) (NP (NN ) (NNS=H ))))) (VP=H (VBP=H ) (ADJP (JJ=H ))) (. ))),1,93098,"0,0864984293"
(ROOT (S=H (NP (NNP=H )) (VP=H (VBD=H ) (NP (NP=H (NNS=H )) (SBAR (S=H (NP (DT ) (NNP ) (NNP ) (NNP=H )) (VP=H (VBP=H ) (ADJP (JJ=H ))))))) (. ))),1,93099,"0,0864993584"
(ROOT (S=H (NP (NNP=H )) (VP=H (VBD=H ) (NP (NP=H (NNS=H )) (SBAR (S=H (NP (DT ) (NNP ) (NNP ) (NNP ) (JJ ) (NN=H )) (VP=H (VBP=H ) (ADJP (JJ=H ))))))) (. ))),1,93100,"0,0865002876"
(ROOT (S=H (NP (NP=H (NNP ) (NNP=H )) (PP (IN=H ) (NP (NP=H (DT ) (NN=H )) (PP (IN=H ) (NP (NP=H (NNP ) (NNP=H )) (PP (IN=H ) (NP (NNS=H )))))))) (VP=H (VBP=H ) (ADJP (JJ=H ))) (. ))),1,93101,"0,0865012167"
(ROOT (S=H (NP (NP=H (NNP=H )) (VP (VBN=H ) (NP (NP=H (NNS=H )) (ADVP (RB=H )) (SBAR (S=H (NP (PRP=H )) (VP=H (VB=H ) (ADVP (RB=H ))))))) (PRN (-LRB- ) (NP=H (NNP ) (NNP ) (NNP=H )) (-RRB- ))) (VP=H (VBP=H ) (ADJP (JJ=H ))) (. ))),1,93102,"0,0865021458"
(ROOT (S=H (NP (NP=H (NNP=H )) (VP (VBN=H ) (NP (NP=H (NNS=H )) (ADVP (RB=H )) (SBAR (S=H (NP (PRP=H )) (VP=H (VB=H ) (ADVP (RB=H ))))))) (PRN (-LRB- ) (NP=H (NNP ) (NNP ) (NNP=H )) (-RRB- ))) (NP-TMP (JJ ) (NN=H )) (VP=H (VBP=H ) (ADJP (JJ=H ))) (. ))),1,93103,"0,0865030749"
(ROOT (S=H (NP (NNP ) (NNP ) (NNP ) (CC ) (NNP ) (NNP ) (NNS ) (NNS=H )) (VP=H (VBP=H ) (ADJP (JJ=H ))) (. ))),1,93104,"0,086504004"
(ROOT (S=H (NP (NP=H (NNP=H )) (PP (IN=H ) (NP (NP=H (DT ) (NNPS=H )) (PP (IN=H ) (NP (NN=H ) (CC ) (NN )))))) (VP=H (VBP=H ) (ADJP (JJ=H ))) (. ))),1,93105,"0,0865049331"
(ROOT (S=H (NP (NP=H (NP=H (NNP=H )) (PRN (-LRB- ) (NNP ) (NN=H ) (-RRB- )) (NP (NN ) (NNS=H ))) (VP (VBG=H ) (NP (NNP=H )))) (VP=H (VBP=H ) (ADJP (JJ=H ))) (. ))),1,93106,"0,0865058622"
(ROOT (S=H (NP (NNP ) (NNP ) (NNP ) (NNS ) (NNP ) (NNP=H )) (VP=H (VBP=H ) (ADJP (JJ=H ))) (. ))),1,93107,"0,0865067913"
(ROOT (S=H (NP (NAC (NNP=H ) (PP (IN=H ) (NP (NNP ) (NN ) (NNS=H )))) (NNP ) (NNP=H )) (VP=H (VBP=H ) (ADJP (JJ=H ))) (. ))),1,93108,"0,0865077205"
(ROOT (NP=H (NP=H (NNP=H )) (: ) (NP (NP=H (NNP=H )) (: ) (NP (NP=H (NNP ) (NNP=H )) (SBAR (S=H (NP (JJ ) (NN=H )) (VP=H (VBP=H ) (ADJP (JJ=H ))))))) (. ))),1,93109,"0,0865086496"
"(ROOT (S=H (NP (NP=H (NNP ) (NNP=H )) (PP (IN=H ) (NP (NP=H (NNP ) (NNPS=H )) (PP (IN=H ) (NP (NAC (NNP=H ) (, ) (NNP )) (NNP=H )))))) (VP=H (VBP=H ) (ADJP (JJ=H ))) (. )))",1,93110,"0,0865095787"
(ROOT (S=H (NP (NP (DT ) (NNP=H )) (PRN (-LRB- ) (NP=H (CD=H )) (-RRB- )) (NNS=H )) (VP=H (VBP=H ) (ADJP (JJ=H ))) (. ))),1,93111,"0,0865105078"
"(ROOT (S=H (NP (NAC (NNP=H ) (PP (IN=H ) (NP (NP=H (NNP ) (NNP=H )) (, ) (NP (NNP ) (NNP=H )) (, )))) (NNP=H )) (VP=H (VBP=H ) (ADJP (JJ=H ))) (. )))",1,93112,"0,0865114369"
(ROOT (S=H (NP (NP (CD ) (NNS ) (POS=H )) (NNP=H )) (VP=H (VBP=H ) (ADJP (JJ=H ))) (. ))),1,93113,"0,086512366"
(ROOT (S=H (NP (NP=H (JJ ) (ADJP (JJ=H ) (PRT (RP=H ))) (NN=H )) (PRN (-LRB- ) (VP=H (VBN=H ) (S (VP=H (VBG=H ) (NP (JJ ) (JJ ) (NNS=H ))))) (-RRB- ))) (VP=H (VBP=H ) (SBAR (S=H (VP=H (VBP=H ) (ADJP (JJ=H )))))) (. ))),1,93114,"0,0865132951"
(ROOT (S=H (NP (NP=H (NNP ) (NNP=H )) (NP (`` ) (NN ) (NNP ) (NNS=H ))) (VP=H (VBP=H ) (ADJP (JJ=H ))) (. ))),1,93115,"0,0865142242"
(ROOT (S=H (NP (NP=H (JJ=H ) (VBG )) (PP (IN=H ) (NP (CD ) (NNS=H )))) (VP=H (VBP=H ) (ADJP (JJ=H ))) (. ))),1,93116,"0,0865151533"
(ROOT (S=H (NP (NP=H (NNP=H )) (CC ) (NP (DT ) (JJ ) (PRN (-LRB- ) (NP=H (NN=H )) (-RRB- )) (NN ) (NNS=H ))) (VP=H (VBP=H ) (ADJP (JJ=H ))) (. ))),1,93117,"0,0865160825"
(ROOT (S=H (NP (NP=H (NP (NNP ) (POS=H )) (NNP ) (NNP ) (NN=H )) (ADJP (JJ=H ) (PP (TO=H ) (NP (NNS=H ))))) (VP=H (VBP=H ) (ADJP (JJ=H ))) (. ))),1,93118,"0,0865170116"
(ROOT (S=H (NP (NP=H (NNP ) (NNP ) (`` ) (NNP ) (NNP=H )) (NP (NNS=H ))) (VP=H (VBP=H ) (ADJP (JJ=H ))) (. ))),1,93119,"0,0865179407"
(ROOT (S=H (NP (NP=H (NNP ) (NNP ) (NNP=H )) (PP (TO=H ) (NP (NP=H (DT ) (NNP=H )) (PP (IN=H ) (NP (NP=H (NNP=H )) (PP (IN=H ) (NP (NNP ) (CC ) (NNP ) (NNPS=H )))))))) (VP=H (VBP=H ) (ADJP (JJ=H ))) (. ))),1,93120,"0,0865188698"
(ROOT (S=H (NP (NP=H (NN=H )) (PP (IN=H ) (NP (NP=H (DT ) (NNP ) (NNPS=H )) (PP (IN=H ) (NP (NP=H (NNP=H )) (PP (IN=H ) (NP (NN=H )))))))) (VP=H (VBP=H ) (ADJP (JJ=H ))) (. ))),1,93121,"0,0865197989"
(ROOT (S=H (NP (NP=H (NNP=H )) (PP (IN=H ) (NP (NN=H )))) (VP=H (VBP=H ) (SBAR (S=H (NP (JJ ) (NNS=H )) (VP=H (VBP=H ) (ADJP (JJ=H )))))) (. ))),1,93122,"0,086520728"
(ROOT (S=H (NP (NP=H (NNP=H )) (CC ) (NP (NNP ) (JJ ) (JJ ) (NNS=H ))) (VP=H (VBP=H ) (ADJP (JJ=H ))) (. ))),1,93123,"0,0865216571"
(ROOT (S=H (NP (DT ) (NNP ) (CC ) (NNP ) (NNP ) (NN=H )) (VP=H (VBZ=H ) (PP (TO=H ) (NP (NP=H (NNS=H )) (SBAR (S=H (VP=H (VBP=H ) (ADJP (JJ=H )))))))) (. ))),1,93124,"0,0865225862"
(ROOT (NP=H (NP=H (CD=H )) (: ) (NP (NP=H (NNP ) (NNP ) (NNP ) (NNP=H )) (PRN (-LRB- ) (NP=H (NNP=H )) (-RRB- )) (SBAR (S=H (NP (NN ) (NN ) (NNS=H )) (VP=H (VBP=H ) (ADJP (JJ=H )))))) (. ))),1,93125,"0,0865235153"
(ROOT (NP=H (NP=H (NNP ) (NNP ) (NNP=H )) (: ) (S (NP (JJ ) (JJ ) (NNS=H )) (VP=H (VBP=H ) (ADJP (JJ=H )))) (. ))),1,93126,"0,0865244445"
(ROOT (S=H (NP (NP=H (NNP=H )) (SBAR (S=H (NP (JJ ) (NNS=H )) (VP=H (VBD=H ) (PP (IN=H ) (NP (DT ) (NNP ) (NNPS=H ))))))) (VP=H (VBP=H ) (ADJP (JJ=H ))) (. ))),1,93127,"0,0865253736"
(ROOT (S=H (NP (NNP ) (NNP ) (NNPS ) (NNP=H )) (VP=H (VBZ=H ) (SBAR (S=H (NP (NN ) (NNS=H )) (VP=H (VBP=H ) (ADJP (JJ=H )))))) (. ))),1,93128,"0,0865263027"
(ROOT (S=H (NP (NNP ) (NNP ) (NNPS ) (NNP=H )) (VP=H (VBD=H ) (SBAR (S=H (NP (NNP ) (NNP ) (NN ) (NNS=H )) (VP=H (VBP=H ) (ADJP (JJ=H )))))) (. ))),1,93129,"0,0865272318"
"(ROOT (S=H (NP (NP=H (NNP ) (NNP=H )) (PP (IN=H ) (NP (NP=H (NNP ) (NNPS ) (NNP=H )) (PP (IN=H ) (NP (NP=H (NNP ) (NNP=H )) (, ) (NP (NP=H (NNP=H )) (: ) (ADJP (NNP ) (NNP ) (JJ=H )))))))) (VP=H (VBP=H ) (ADJP (JJ=H ))) (. )))",1,93130,"0,0865281609"
"(ROOT (S=H (NP (NP=H (NNP ) (NNP=H )) (, ) (NP (NN=H )) (, ) (NP (NN=H )) (, ) (NP (NNS=H ))) (VP=H (VBP=H ) (ADJP (JJ=H ))) (. )))",1,93131,"0,08652909"
(ROOT (S=H (NP (NP=H (NNP=H )) (VP (VBG=H ) (NP (NNS=H )) (PP (IN=H ) (NP (NP=H (DT ) (NNP=H )) (PP (IN=H ) (NP (NNP=H ))))))) (VP=H (VBP=H ) (ADJP (JJ=H ))) (. ))),1,93132,"0,0865300191"
(ROOT (S=H (S (VP=H (VBG=H ) (NP (DT ) (NNPS ) (NNS=H )))) (VP=H (VBP=H ) (ADJP (JJ=H ))) (. ))),1,93133,"0,0865309482"
(ROOT (S=H (NP (NP=H (NNP=H )) (SBAR (S=H (NP (NN ) (NNS=H )) (VP=H (VBD=H ) (PP (IN=H ) (NP (NP=H (DT ) (NNP=H )) (PP (IN=H ) (NP (NNP=H ))))))))) (VP=H (VBP=H ) (ADJP (JJ=H ))) (. ))),1,93134,"0,0865318774"
"(ROOT (S=H (NP (NAC (NNP=H ) (PP (IN=H ) (NP (NN=H )))) (, ) (NNP ) (NNP=H )) (VP=H (VBP=H ) (ADJP (JJ=H ))) (. )))",1,93135,"0,0865328065"
(ROOT (S=H (NP (NNP ) (NNP=H )) (RB ) (NP (DT ) (NN ) (NNS=H )) (VP=H (VBP=H ) (ADJP (JJ=H ))) (. ))),1,93136,"0,0865337356"
(ROOT (S=H (NP (NNP ) (JJ ) (CC ) (JJ ) (NN=H )) (VP=H (VBP=H ) (ADJP (JJ=H ))) (. ))),1,93137,"0,0865346647"
(ROOT (NP=H (NP=H (NNP=H )) (: ) (NP (NP=H (NNP ) (NNPS=H ) (CC ) (NNPS )) (SBAR (S=H (NP (JJ ) (NNS=H )) (VP=H (VBP=H ) (ADJP (JJ=H )))))) (. ))),1,93138,"0,0865355938"
(ROOT (S=H (NP (NNP=H )) (VP=H (VBD=H ) (SBAR (S=H (NP (NP=H (NNS=H )) (PP (IN=H ) (NP (NP=H (NNP=H )) (PP (IN=H ) (NP (NNP ) (NNS=H )))))) (VP=H (VBP=H ) (ADJP (JJ=H )))))) (. ))),1,93139,"0,0865365229"
(ROOT (S=H (NP (NP (JJ ) (NNPS=H )) (PRN (-LRB- ) (NP=H (NN ) (NN=H )) (-RRB- )) (NNS=H )) (VP=H (VBP=H ) (ADJP (JJ=H ))) (. ))),1,93140,"0,086537452"
(ROOT (S=H (NP (DT ) (NN=H )) (VP=H (VBZ=H ) (SBAR (S=H (NP (NNS=H )) (VP=H (VBP=H ) (ADJP (JJ=H )))))) (. ))),1,93141,"0,0865383811"
(ROOT (S=H (NP (NNP ) (NNP ) (NNP ) (NNP ) (NNP=H )) (RB ) (NP (DT ) (NN ) (NNS=H )) (VP=H (VBP=H ) (ADJP (JJ=H ))) (. ))),1,93142,"0,0865393102"
(ROOT (S=H (NP (NN ) (NN=H )) (VP=H (VBD=H ) (SBAR (S=H (NP (JJ ) (NN ) (NNS=H )) (VP=H (VBP=H ) (ADJP (JJ=H )))))) (. ))),1,93143,"0,0865402394"
(ROOT (S=H (NP (NP=H (NNP=H )) (PP (IN=H ) (NP (NP=H (NNP ) (NNP ) (NNS=H )) (VP (VBG=H ) (NP (NN=H )))))) (VP=H (VBP=H ) (ADJP (JJ=H ))) (. ))),1,93144,"0,0865411685"
(ROOT (S=H (NP (DT=H )) (VP=H (VBZ=H ) (S (VP=H (VBG=H ) (S (NP (DT ) (JJ ) (NN ) (NNS=H )) (VP=H (VBP=H ) (ADJP (JJ=H ))))))) (. ))),1,93145,"0,0865420976"
(ROOT (S=H (NP (NP=H (JJ ) (ADJP (JJ=H ) (PRT (RP=H ))) (NN=H )) (PRN (-LRB- ) (NP=H (NP=H (NNP=H )) (S (VP=H (VBG=H ) (NP (DT ) (JJ ) (NN ) (NNS=H ))))) (-RRB- ))) (VP=H (VBP=H ) (SBAR (S=H (VP=H (VBP=H ) (ADJP (JJ=H )))))) (. ))),1,93146,"0,0865430267"
(ROOT (S=H (NP (NNP ) (NNP ) (NNP ) (NNP=H )) (VP=H (VBP=H ) (SBAR (S=H (NP (NNP ) (NNP ) (NNS=H )) (VP=H (VBP=H ) (ADJP (JJ=H )))))) (. ))),1,93147,"0,0865439558"
(ROOT (S=H (NP (NP=H (NNP=H )) (CC ) (NP (JJ ) (NN ) (NN ) (NN ) (NN ) (NNS=H ))) (VP=H (VBP=H ) (ADJP (JJ=H ))) (. ))),1,93148,"0,0865448849"
(ROOT (NP=H (NP=H (NNP ) (NNP=H )) (: ) (S (NP (NN ) (NNP ) (NN ) (NN ) (NN=H )) (VP=H (VBP=H ) (ADJP (JJ=H )))) (. ))),1,93149,"0,086545814"
(ROOT (S=H (NP (NP=H (NNP ) (NNP=H )) (PP (IN=H ) (NP (NP=H (DT ) (NNP ) (NNS=H )) (PP (TO=H ) (NP (NP=H (DT ) (NNP=H )) (PP (IN=H ) (NP (DT ) (NNP=H )))))))) (VP=H (VBP=H ) (ADJP (JJ=H ))) (. ))),1,93150,"0,0865467431"
(ROOT (S=H (NP (NP=H (NNP ) (NNP=H )) (PP (IN=H ) (NP (NNPS ) (NNP=H )))) (VP=H (VBP=H ) (ADJP (JJ=H ))) (. ))),1,93151,"0,0865476723"
(ROOT (S=H (NP (NP=H (NNP=H )) (PP (IN=H ) (NP (NP=H (NNP ) (NNP=H )) (PP (IN=H ) (NP (NP=H (DT ) (JJ ) (NN=H )) (PP (IN=H ) (NP (NNPS=H )))))))) (VP=H (VBP=H ) (ADJP (JJ=H ))) (. ))),1,93152,"0,0865486014"
(ROOT (S=H (NP (NNP=H )) (VP=H (VBP=H ) (SBAR (S=H (NP (NP=H (JJ ) (NNS=H )) (VP (VBG=H ) (NP (JJ ) (NNS=H )))) (VP=H (VBP=H ) (ADJP (JJ=H )))))) (. ))),1,93153,"0,0865495305"
"(ROOT (S=H (PP (ADVP (RB=H )) (IN=H ) (NP (NNP=H ))) (, ) (NP (NP=H (NNP=H )) (PP (IN=H ) (NP (NNP=H )))) (VP=H (VBP=H ) (ADJP (JJ=H ))) (. )))",1,93154,"0,0865504596"
(ROOT (S=H (NP (NP=H (NNP=H )) (PP (IN=H ) (NP (NP=H (DT ) (NN ) (NNS=H )) (PP (IN=H ) (NP (NN ) (NN=H )))))) (VP=H (VBP=H ) (ADJP (JJ=H ))) (. ))),1,93155,"0,0865513887"
(ROOT (S=H (NP (NP=H (NNP=H )) (PP (IN=H ) (NP (NP=H (DT ) (NN ) (NNS=H )) (PP (IN=H ) (NP (NP=H (NN=H )) (PP (IN=H ) (NP (NN=H )))))))) (VP=H (VBP=H ) (ADJP (JJ=H ))) (. ))),1,93156,"0,0865523178"
(ROOT (S=H (NP (NP=H (NN=H )) (PP (IN=H ) (NP (NP=H (DT ) (JJ ) (NNS=H )) (PP (IN=H ) (NP (DT ) (NNP ) (NNP=H )))))) (VP=H (VBP=H ) (ADJP (JJ=H ))) (. ))),1,93157,"0,0865532469"
(ROOT (S=H (NP (NP=H (NNP=H )) (PRN (-LRB- ) (NP=H (NN ) (NN=H )) (-RRB- ))) (VP=H (VBP=H ) (SBAR (S=H (NP (NNS=H )) (VP=H (VBP=H ) (ADJP (JJ=H )))))) (. ))),1,93158,"0,086554176"
(ROOT (S=H (NP (NP=H (NNP ) (NNP=H )) (PP (IN=H ) (NP (NP=H (NNPS=H )) (CC ) (NP (PRP$ ) (NNS=H ))))) (VP=H (VBP=H ) (ADJP (JJ=H ))) (. ))),1,93159,"0,0865551051"
(ROOT (S=H (NP (NP=H (NP=H (NNP ) (NNP=H )) (PP (IN=H ) (NP (NNPS=H )))) (PRN (-LRB- ) (NP=H (NP=H (CD=H )) (: ) (NP (CD=H ))) (-RRB- ))) (VP=H (VBP=H ) (ADJP (JJ=H ))) (. ))),1,93160,"0,0865560343"
(ROOT (S=H (NP (NP=H (NNP=H )) (PP (IN=H ) (NP (NP=H (NNS=H )) (PP (IN=H ) (NP (NP=H (NNS=H )) (PP (IN=H ) (NP (DT ) (NNPS=H )))))))) (VP=H (VBP=H ) (ADJP (JJ=H ))) (. ))),1,93161,"0,0865569634"
(ROOT (S=H (NP-TMP (NNP=H )) (NP (CD ) (NN=H )) (VP=H (VBP=H ) (ADJP (JJ=H ))) (. ))),1,93162,"0,0865578925"
(ROOT (S=H (NP (NP=H (NNP=H )) (PP (IN=H ) (NP (NP=H (DT ) (NNS=H )) (PP (IN=H ) (NP (NP=H (JJ=H )) (PRN (-LRB- ) (NP=H (NNP=H )) (-RRB- ))))))) (VP=H (VBP=H ) (ADJP (JJ=H ))) (. ))),1,93163,"0,0865588216"
(ROOT (S=H (NP (NP=H (NNP ) (NNP=H )) (PP (IN=H ) (NP (NP=H (NNP ) (NNP=H )) (PP (IN=H ) (NP (DT ) (NNP ) (NNS=H )))))) (VP=H (VBP=H ) (ADJP (JJ=H ))) (. ))),1,93164,"0,0865597507"
(ROOT (S=H (NP (NP=H (NNP=H )) (VP (VBN=H ) (NP (JJ ) (JJ ) (NN ) (NNS=H )))) (VP=H (VBP=H ) (ADJP (JJ=H ))) (. ))),1,93165,"0,0865606798"
(ROOT (S=H (NP (NP=H (NNP ) (NNP=H )) (PP (IN=H ) (NP (NNP ) (NN ) (CC ) (NN ) (NNS=H )))) (VP=H (VBP=H ) (ADJP (JJ=H ))) (. ))),1,93166,"0,0865616089"
(ROOT (S=H (NP (NP=H (NN=H )) (PP (IN=H ) (NP (NP=H (NNS=H )) (PP (IN=H ) (NP (NP=H (DT ) (NNP=H )) (PP (IN=H ) (NP (NNP=H )))))))) (VP=H (VBP=H ) (ADJP (JJ=H ))) (. ))),1,93167,"0,086562538"
"(ROOT (S=H (NP (NP (NNP ) (NNP=H )) (PRN (-LRB- ) (NP=H (NNP ) (NNPS=H )) (, ) (NP (JJ ) (NN=H )) (-RRB- )) (NNS=H )) (VP=H (VBP=H ) (ADJP (JJ=H ))) (. )))",1,93168,"0,0865634671"
(ROOT (S=H (NP (DT ) (NNP ) (NN ) (NN=H )) (VP=H (VBP=H ) (SBAR (S=H (NP (NNS=H )) (VP=H (VBP=H ) (ADJP (JJ=H )))))) (. ))),1,93169,"0,0865643963"
(ROOT (S=H (NP (NP=H (NNP ) (NNP=H )) (PP (IN=H ) (NP (NNP ) (NNP ) (NN ) (CC ) (NN ) (NNS=H )))) (VP=H (VBP=H ) (ADJP (JJ=H ))) (. ))),1,93170,"0,0865653254"
(ROOT (S=H (NP (NNP=H )) (VP=H (VBD=H ) (SBAR (S=H (NP (NP=H (JJ ) (NNP ) (NN ) (NNS=H )) (PRN (-LRB- ) (NP=H (NNP=H )) (-RRB- ))) (VP=H (VBP=H ) (ADJP (JJ=H )))))) (. ))),1,93171,"0,0865662545"
(ROOT (S=H (NP (NNP=H )) (VP=H (VBD=H ) (SBAR (S=H (NP (NP=H (NNS=H )) (VP (VBG=H ) (NP (NP=H (NN ) (NNS=H )) (PRN (-LRB- ) (NP=H (NNP=H )) (-RRB- )) (ADJP (JJ ) (JJ=H ))))) (VP=H (VBP=H ) (ADJP (JJ=H )))))) (. ))),1,93172,"0,0865671836"
(ROOT (S=H (NP (NP=H (NNP ) (NNPS ) (NNP ) (NNP ) (NNS=H )) (SBAR (WHNP=H (WDT=H )) (S (VP=H (VB=H ) (NP (DT ) (JJ ) (NNP ) (NNP ) (NN=H )))))) (VP=H (VBP=H ) (ADJP (JJ=H ))) (. ))),1,93173,"0,0865681127"
(ROOT (S=H (NP (NAC (NNP=H ) (NNPS ) (PP (IN=H ) (NP (NNP ) (NNS=H )))) (VBD ) (NNS=H )) (VP=H (VBP=H ) (ADJP (JJ=H ))) (. ))),1,93174,"0,0865690418"
(ROOT (FRAG=H (NP (PRP$ ) (JJ ) (NN=H )) (: ) (S=H (NP (NNP=H )) (VP=H (VBZ=H ) (NP (NP=H (JJ ) (NNS=H )) (SBAR (S=H (VP=H (VBP=H ) (ADJP (JJ=H )))))))) (. ))),1,93175,"0,0865699709"
(ROOT (S=H (NP (NP=H (NNP=H )) (VP (VBG=H ) (NP (NP=H (NNS=H )) (PP (IN=H ) (NP (DT ) (NNP ) (NNPS=H )))) (PP (IN=H ) (NP (NN=H ))))) (VP=H (VBP=H ) (ADJP (JJ=H ))) (. ))),1,93176,"0,0865709"
(ROOT (S=H (NP (DT ) (NNPS ) (JJ ) (NN=H )) (VP=H (VBP=H ) (ADJP (JJ=H ))) (. ))),1,93177,"0,0865718292"
(ROOT (S=H (NP (NP=H (NNP ) (NNPS ) (NNP ) (NNP ) (NNP ) (NNPS ) (NNP=H )) (NP (JJ ) (NNS=H ))) (VP=H (VBP=H ) (ADJP (JJ=H ))) (. ))),1,93178,"0,0865727583"
(ROOT (S=H (NP (NNP ) (NNP ) (NNPS ) (NN ) (NN ) (NN ) (NNP ) (NNP=H )) (VP=H (VBP=H ) (ADJP (JJ=H ))) (. ))),1,93179,"0,0865736874"
(ROOT (S=H (NP (NP=H (NP=H (NNP=H )) (CC ) (NP (NN ) (NNS=H ))) (CC ) (NP (NP=H (NN=H )) (PP (IN=H ) (NP (DT ) (NNP ) (NNPS=H ))))) (VP=H (VBP=H ) (ADJP (JJ=H ))) (. ))),1,93180,"0,0865746165"
"(ROOT (S=H (S (VP=H (VBG=H ) (NP (NNS=H )) (PP (IN=H ) (NP (NNP ) (NNP ) (NNP ) (NNP=H ))))) (, ) (NP (NNP=H )) (VP=H (VBP=H ) (ADJP (JJ=H ))) (. )))",1,93181,"0,0865755456"
(ROOT (S=H (NP (NP=H (NP=H (NNP=H )) (CC ) (NP (NN ) (NNS=H ))) (CC ) (NP (NP=H (NN=H )) (PP (IN=H ) (NP (DT ) (NNP ) (NNP=H ))))) (VP=H (VBP=H ) (ADJP (JJ=H ))) (. ))),1,93182,"0,0865764747"
"(ROOT (NP=H (NP=H (NP=H (NNS=H )) (PP (IN=H ) (NP (JJ ) (NN=H )))) (: ) (NP (NP=H (NNP=H )) (PP (IN=H ) (NP (NNP=H ) (CC ) (NNP ))) (, ) (SBAR (S=H (NP (NNP=H )) (VP=H (VBP=H ) (ADJP (JJ=H )))))) (. )))",1,93183,"0,0865774038"
(ROOT (S=H (NP (NNP ) (NNP ) (NNP ) (NNP ) (NNP ) (NNPS ) (NN ) (NNP ) (NNP=H )) (VP=H (VBP=H ) (ADJP (JJ=H ))) (. ))),1,93184,"0,0865783329"
(ROOT (S=H (NP (NP=H (NNP=H )) (PP (IN=H ) (NP (NP=H (NNP=H )) (NP (JJ ) (NN ) (NN ) (NN ) (NNS=H ))))) (VP=H (VBP=H ) (ADJP (JJ=H ))) (. ))),1,93185,"0,086579262"
(ROOT (S=H (NP (NP=H (NNP=H )) (PP (IN=H ) (NP (NP=H (NNP ) (JJ ) (NN ) (NN=H )) (: ) (NP (NP=H (NN=H )) (PP (IN=H ) (NP (JJ ) (NNS=H ))))))) (VP=H (VBP=H ) (ADJP (JJ=H ))) (. ))),1,93186,"0,0865801912"
(ROOT (S=H (NP (NNP ) (NNP ) (NNP ) (NNP ) (NNS ) (NN=H )) (VP=H (VBP=H ) (ADJP (JJ=H ))) (. ))),1,93187,"0,0865811203"
(ROOT (S=H (NP (NP=H (NNP ) (NNP=H )) (PP (IN=H ) (NP (NNPS ) (CC ) (NNP ) (NNS ) (NNS=H )))) (VP=H (VBP=H ) (ADJP (JJ=H ))) (. ))),1,93188,"0,0865820494"
(ROOT (S=H (NP (NP=H (NNP ) (NNP=H )) (PP (IN=H ) (NP (NNPS ) (CC ) (NNP ) (NNP ) (NN=H )))) (VP=H (VBP=H ) (ADJP (JJ=H ))) (. ))),1,93189,"0,0865829785"
(ROOT (S=H (NP (NP=H (NNP ) (NNP=H )) (PP (IN=H ) (NP (NP (NNP ) (NNS ) (POS=H )) (NN ) (NNS=H )))) (VP=H (VBP=H ) (ADJP (JJ=H ))) (. ))),1,93190,"0,0865839076"
(ROOT (S=H (NP (NP=H (NNP ) (NNP=H )) (PP (IN=H ) (NP (NNP ) (JJ ) (NNS ) (NNS=H )))) (VP=H (VBP=H ) (ADJP (JJ=H ))) (. ))),1,93191,"0,0865848367"
(ROOT (FRAG=H (NP (NNP ) (NNP=H )) (: ) (S=H (NP (VBG ) (NN ) (NNS=H )) (VP=H (VBP=H ) (ADJP (JJ=H )))) (. ))),1,93192,"0,0865857658"
(ROOT (S=H (NP (JJ ) (JJ ) (NN=H )) (VP=H (VBD=H ) (SBAR (S=H (NP (NN ) (NNS=H )) (VP=H (VBP=H ) (ADJP (JJ=H )))))) (. ))),1,93193,"0,0865866949"
(ROOT (NP=H (NP=H (NNP ) (NNP=H )) (: ) (NP (NP=H (NNP ) (NNP=H )) (SBAR (S=H (NP (NN ) (NN=H )) (VP=H (VBP=H ) (ADJP (JJ=H )))))) (. ))),1,93194,"0,086587624"
(ROOT (S=H (NP (NP=H (NP (JJ ) (NNS ) (POS=H )) (NN ) (NNS=H )) (PP (IN=H ) (NP (NNP=H )))) (VP=H (VBP=H ) (ADJP (JJ=H ))) (. ))),1,93195,"0,0865885532"
(ROOT (S=H (NP (NP=H (NNP=H )) (PP (IN=H ) (NP (NP=H (NNP=H )) (PP (IN=H ) (NP (NP=H (DT ) (NNS=H )) (PP (IN=H ) (NP (DT ) (NNP ) (NNP=H )))))))) (VP=H (VBP=H ) (ADJP (JJ=H ))) (. ))),1,93196,"0,0865894823"
"(ROOT (S=H (S (VP=H (VBN=H ) (NP (NP=H (NNS=H )) (PP (IN=H ) (NP (NNP ) (FW ) (NNP ) (NNP=H )))))) (, ) (NP (NNP=H )) (VP=H (VBP=H ) (ADJP (JJ=H ))) (. )))",1,93197,"0,0865904114"
"(ROOT (S=H (PP (ADVP (RB=H )) (IN=H ) (NP (NNP ) (FW ) (NNP ) (NNP=H ))) (, ) (NP (NNP=H )) (VP=H (VBP=H ) (ADJP (JJ=H ))) (. )))",1,93198,"0,0865913405"
(ROOT (NP=H (NP=H (NNP=H )) (: ) (S (NP (NNP=H )) (ADVP (RB=H )) (VP=H (VBP=H ) (ADJP (JJ=H )))) (. ))),1,93199,"0,0865922696"
(ROOT (NP=H (NP=H (NNP=H )) (: ) (NP (NP=H (NNP ) (NNP=H )) (SBAR (WHNP=H (WP$=H ) (NN ) (NNS )) (S (VP=H (VBP=H ) (ADJP (JJ=H )))))) (. ))),1,93200,"0,0865931987"
(ROOT (NP=H (NP=H (NNP=H )) (: ) (NP (NP=H (NNP ) (NNP=H )) (SBAR (WHNP=H (WP$=H ) (NN )) (S (VP=H (VBP=H ) (ADJP (JJ=H )))))) (. ))),1,93201,"0,0865941278"
"(ROOT (S=H (NP (NP=H (NNP ) (NNP ) (NNP=H )) (, ) (NP (NP=H (NNP=H )) (, ) (NP (JJ ) (NN ) (NN ) (NNS=H )))) (VP=H (VBP=H ) (ADJP (JJ=H ))) (. )))",1,93202,"0,0865950569"
(ROOT (S=H (NP-TMP (JJ ) (NN=H )) (NP (NNS=H )) (VP=H (VBP=H ) (ADJP (JJ=H ))) (. ))),1,93203,"0,0865959861"
(ROOT (S=H (NP (NP=H (JJ ) (NN ) (CC ) (NN ) (NNS=H )) (CC ) (NP (NN=H ))) (VP=H (VBP=H ) (ADJP (JJ=H ))) (. ))),1,93204,"0,0865969152"
(ROOT (S=H (NP (NP=H (NP=H (NNP=H )) (CC ) (NP (NN ) (NNS=H ))) (CC ) (NP (NP=H (NN=H )) (PP (IN=H ) (NP (DT ) (NNPS=H ))))) (VP=H (VBP=H ) (ADJP (JJ=H ))) (. ))),1,93205,"0,0865978443"
(ROOT (S=H (NP (NP=H (NNP ) (NNP=H )) (VP (VBG=H ) (NP (NNP ) (NNS=H )) (PP (IN=H ) (NP (DT ) (NNP ) (NNP ) (NNP ) (NNP=H ))))) (VP=H (VBP=H ) (ADJP (JJ=H ))) (. ))),1,93206,"0,0865987734"
(ROOT (S=H (NP (NP=H (NNP=H )) (ADJP (RB ) (JJ=H ) (PP (IN=H ) (NP (NNPS=H ))))) (VP=H (VBP=H ) (ADJP (JJ=H ))) (. ))),1,93207,"0,0865997025"
"(ROOT (S=H (S (NP (NNS=H )) (VP=H (VBD=H ) (PP (IN=H ) (NP (NNP=H ))))) (, ) (NP (DT ) (NNP=H )) (VP=H (VBP=H ) (ADJP (JJ=H ))) (. )))",1,93208,"0,0866006316"
(ROOT (S=H (NP (NP=H (NNP ) (NNP=H )) (PP (IN=H ) (NP (NNP ) (NN ) (-LRB- ) (NNP ) (-RRB- ) (NNS=H )))) (VP=H (VBP=H ) (ADJP (JJ=H ))) (. ))),1,93209,"0,0866015607"
(ROOT (S=H (NP (NP=H (NNP ) (NNP=H )) (PP (IN=H ) (NP (NP=H (NNS=H )) (CC ) (NP (PRP$ ) (NNS=H ))))) (VP=H (VBP=H ) (ADJP (JJ=H ))) (. ))),1,93210,"0,0866024898"
(ROOT (S=H (NP (NP (PRP ) (POS=H )) (NNP ) (PRN (-LRB- ) (NP=H (NN=H )) (-RRB- )) (NNP=H )) (VP=H (VBP=H ) (ADJP (JJ=H ))) (. ))),1,93211,"0,0866034189"
(ROOT (S=H (S (NP=H (NNP ) (NNP ) (POS=H ))) (PRN (-LRB- ) (VP=H (VB=H )) (-RRB- )) (NP (NNS=H )) (VP=H (VBP=H ) (ADJP (JJ=H ))) (. ))),1,93212,"0,0866043481"
"(ROOT (S=H (PP (NP (NNP=H )) (IN=H ) (NP (NNP ) (NNP=H ))) (, ) (NP (NNP=H )) (VP=H (VBP=H ) (ADJP (JJ=H ))) (. )))",1,93213,"0,0866052772"
(ROOT (S=H (S (VP=H (VBG=H ) (NP (NNP ) (NNPS ) (NNS=H )))) (NP (JJ ) (NNS=H )) (VP=H (VBP=H ) (ADJP (JJ=H ))) (. ))),1,93214,"0,0866062063"
(ROOT (S=H (NP (NP=H (NNP ) (NNP=H )) (PP (IN=H ) (NP (JJ ) (PRN (-LRB- ) (NP=H (NNP ) (NNPS=H )) (-RRB- )) (NNS=H )))) (VP=H (VBP=H ) (ADJP (JJ=H ))) (. ))),1,93215,"0,0866071354"
(ROOT (S=H (NP (NP=H (NNP=H )) (PP (IN=H ) (NP (NP=H (DT ) (NNP ) (NNS=H )) (PP (IN=H ) (NP (DT ) (NNP ) (NNPS=H )))))) (VP=H (VBP=H ) (ADJP (JJ=H ))) (. ))),1,93216,"0,0866080645"
(ROOT (S=H (NP (NP=H (NP (NNP ) (NNP ) (POS=H )) (NN=H )) (PP (IN=H ) (NP (DT ) (NN ) (NN ) (NNP ) (NNPS=H )))) (VP=H (VBP=H ) (ADJP (JJ=H ))) (. ))),1,93217,"0,0866089936"
(ROOT (S=H (NP (NP=H (NNP ) (NNP=H )) (PP (IN=H ) (NP (NP=H (NNP=H )) (CC ) (NP (PRP$ ) (NNS=H ))))) (VP=H (VBP=H ) (ADJP (JJ=H ))) (. ))),1,93218,"0,0866099227"
(ROOT (S=H (NP (NP=H (NNP ) (NNP=H )) (PP (IN=H ) (NP (NP=H (NNP ) (NNP ) (NNS=H )) (VP (VBG=H ) (NP (NNS=H )))))) (VP=H (VBP=H ) (ADJP (JJ=H ))) (. ))),1,93219,"0,0866108518"
(ROOT (S=H (NP (NNP ) (NNP=H )) (PRN (-LRB- ) (NP=H (NP=H (CD=H )) (: ) (NP (CD=H ))) (-RRB- )) (NP (NNP ) (CD ) (NNS=H )) (VP=H (VBP=H ) (ADJP (JJ=H ))) (. ))),1,93220,"0,0866117809"
"(ROOT (S=H (NP (NP=H (NNP=H )) (, ) (NP (NNP ) (NNP=H )) (CC ) (NP (NP=H (JJ ) (NNS=H )) (PP (IN=H ) (NP (NNP ) (NNP ) (NNP=H ))))) (VP=H (VBP=H ) (ADJP (JJ=H ))) (. )))",1,93221,"0,0866127101"
"(ROOT (S=H (NP (NAC (NNP=H ) (NNP ) (, ) (NNP ) (, )) (NNP=H )) (VP=H (VBP=H ) (ADJP (JJ=H ))) (. )))",1,93222,"0,0866136392"
(ROOT (S=H (NP (NP=H (NNP ) (NNP=H )) (PP (IN=H ) (NP (NP=H (NNP ) (NNP ) (NNS=H )) (PP (VBG=H ) (NP (NP=H (DT ) (NNP=H )) (PP (IN=H ) (NP (NNP=H )))))))) (VP=H (VBP=H ) (ADJP (JJ=H ))) (. ))),1,93223,"0,0866145683"
"(ROOT (NP=H (NP=H (NP=H (NNP ) (NNP=H )) (PP (IN=H ) (NP (NNP ) (, ) (NNP=H )))) (: ) (S (NP (NNP ) (NNS=H )) (VP=H (VBP=H ) (ADJP (JJ=H )))) (. )))",1,93224,"0,0866154974"
"(ROOT (NP=H (NP=H (NP=H (NNP ) (NNP=H )) (PP (IN=H ) (NP (NNP ) (, ) (NNP=H )))) (: ) (S (NP (NNP=H )) (VP=H (VBP=H ) (ADJP (JJ=H )))) (. )))",1,93225,"0,0866164265"
(ROOT (S=H (NP (NP=H (NN=H )) (PP (IN=H ) (NP (NP=H (NNS=H )) (PP (IN=H ) (NP (NP=H (DT ) (NNP ) (NNPS=H )) (PP (IN=H ) (NP (NN=H )))))))) (VP=H (VBP=H ) (ADJP (JJ=H ))) (. ))),1,93226,"0,0866173556"
(ROOT (S=H (NP (NP=H (NN=H )) (PP (IN=H ) (NP (ADJP (RB ) (JJ=H )) (NNS=H )))) (VP=H (VBP=H ) (ADJP (JJ=H ))) (. ))),1,93227,"0,0866182847"
(ROOT (S=H (S=H (NP (NNP=H )) (VP=H (VBD=H ) (NP (NNS=H )) (PP (IN=H ) (NP (DT ) (NNP=H ))))) (: ) (S (NP (NNP ) (NN=H )) (VP=H (VBP=H ) (ADJP (JJ=H )))) (. ))),1,93228,"0,0866192138"
"(ROOT (S=H (PP (IN=H ) (NP (NNP=H ))) (, ) (NP (NP=H (NNP=H )) (PRN (-LRB- ) (NNP ) (NN=H ) (-RRB- ))) (VP=H (VBP=H ) (ADJP (JJ=H ))) (. )))",1,93229,"0,086620143"
(ROOT (X=H (NP (JJ ) (NN ) (NNS=H )) (: ) (S=H (NP (NN=H )) (ADVP (RB=H )) (VP=H (VBP=H ) (ADJP (JJ=H )))) (. ))),1,93230,"0,0866210721"
(ROOT (X=H (NP (JJ ) (NN ) (NNS=H )) (: ) (S=H (NP (DT ) (NN=H )) (VP=H (VBP=H ) (ADJP (JJ=H )))) (. ))),1,93231,"0,0866220012"
(ROOT (S=H (NP (NP (NNS ) (POS=H )) (NNP ) (NNP ) (NNP ) (NNP ) (NNS=H )) (VP=H (VBP=H ) (ADJP (JJ=H ))) (. ))),1,93232,"0,0866229303"
(ROOT (S=H (NP (NNP ) (NNP=H )) (VP=H (VBP=H ) (SBAR (S=H (NP (NNP ) (NNP=H )) (VP=H (VBP=H ) (SBAR (S=H (NP (NNP ) (NNS=H )) (VP=H (VBP=H ) (ADJP (JJ=H ))))))))) (. ))),1,93233,"0,0866238594"
(ROOT (S=H (NP (NNP ) (NNP ) (NNP=H )) (VP=H (VBP=H ) (SBAR (S=H (NP (NNP ) (NNP=H )) (VP=H (VBP=H ) (SBAR (S=H (NP (NNP ) (NNS=H )) (VP=H (VBP=H ) (ADJP (JJ=H ))))))))) (. ))),1,93234,"0,0866247885"
(ROOT (S=H (NP (NP=H (NNP ) (NNP=H )) (PP (IN=H ) (NP (NP=H (NNP=H )) (: ) (NP (NP (NNS ) (POS=H )) (NNP ) (NNP=H ))))) (VP=H (VBP=H ) (ADJP (JJ=H ))) (. ))),1,93235,"0,0866257176"
(ROOT (S=H (NP (NP=H (NNP ) (NNPS ) (CC ) (NNP ) (NNPS ) (NN=H )) (CC ) (NP (NN ) (NNS=H ))) (VP=H (VBP=H ) (ADJP (JJ=H ))) (. ))),1,93236,"0,0866266467"
(ROOT (S=H (NP (NP=H (NNP ) (NNPS ) (CC ) (NNP ) (NNPS ) (NN=H )) (CC ) (NP (NN=H ))) (VP=H (VBP=H ) (ADJP (JJ=H ))) (. ))),1,93237,"0,0866275758"
(ROOT (S=H (S=H (NP (NNP=H )) (VP=H (VBD=H ) (NP (NNS=H )) (PP (IN=H ) (NP (DT ) (NNPS=H ))))) (: ) (S (NP (NNP ) (NN=H )) (VP=H (VBP=H ) (ADJP (JJ=H )))) (. ))),1,93238,"0,086628505"
(ROOT (S=H (NP (NP=H (JJ ) (ADJP (JJ=H ) (PRT (RP=H ))) (NN=H )) (PRN (-LRB- ) (NP=H (NP=H (JJ ) (NNS=H )) (PP (IN=H ) (NP (NN ) (NNS=H )))) (-RRB- ))) (VP=H (VBP=H ) (SBAR (S=H (VP=H (VBP=H ) (ADJP (JJ=H )))))) (. ))),1,93239,"0,0866294341"
(ROOT (S=H (NP (NP=H (NNP ) (NN ) (CC ) (NN ) (NNS=H )) (PP (IN=H ) (NP (DT ) (NNPS=H )))) (VP=H (VBP=H ) (ADJP (JJ=H ))) (. ))),1,93240,"0,0866303632"
(ROOT (S=H (NP (NNP=H )) (PRN (-LRB- ) (NP=H (NP=H (NNS=H )) (: ) (NP (NNS=H ))) (-RRB- )) (NP (NNP ) (CD ) (NNS=H )) (VP=H (VBP=H ) (ADJP (JJ=H ))) (. ))),1,93241,"0,0866312923"
(ROOT (S=H (NP (NP=H (JJ ) (ADJP (JJ=H ) (PRT (RP=H ))) (NN=H )) (PRN (-LRB- ) (NP=H (NP=H (JJ ) (NNS=H )) (PP (IN=H ) (NP (NNS=H )))) (-RRB- ))) (VP=H (VBP=H ) (SBAR (S=H (VP=H (VBP=H ) (ADJP (JJ=H )))))) (. ))),1,93242,"0,0866322214"
(ROOT (NP=H (NP=H (NP=H (NNP ) (NNP=H )) (PP (IN=H ) (NP (NNP=H )))) (: ) (NP (NP=H (NP (NNS ) (POS=H )) (NNP ) (NNP=H )) (SBAR (S=H (NP (NNS=H )) (VP=H (VBP=H ) (ADJP (JJ=H )))))) (. ))),1,93243,"0,0866331505"
(ROOT (S=H (NP (NP (PRP$ ) (NN=H )) (PRN (-LRB- ) (NP=H (NNP=H ) (CC ) (NNP )) (-RRB- )) (NNS=H )) (VP=H (VBP=H ) (ADJP (JJ=H ))) (. ))),1,93244,"0,0866340796"
(ROOT (S=H (NP (NNP ) (CC ) (NNP ) (NNPS ) (NNP ) (NNP ) (NNS=H )) (VP=H (VBP=H ) (ADJP (JJ=H ))) (. ))),1,93245,"0,0866350087"
(ROOT (S=H (PP (IN=H ) (NP (NN=H ))) (NP (NP=H (JJ ) (NN=H )) (PP (IN=H ) (NP (NNP=H )))) (VP=H (VBP=H ) (ADJP (JJ=H ))) (. ))),1,93246,"0,0866359378"
(ROOT (NP=H (NP=H (NNP=H )) (: ) (NP (NP=H (NNP ) (NNP=H )) (SBAR (S=H (NP (PRP ) (NNS=H )) (VP=H (VBP=H ) (ADJP (JJ=H )))))) (. ))),1,93247,"0,086636867"
(ROOT (S=H (NP (NP=H (NNP=H )) (CC ) (NP (NP=H (NNS=H )) (PP (IN=H ) (NP (DT ) (NNP ) (NNPS ) (NNP=H ))))) (VP=H (VBP=H ) (ADJP (JJ=H ))) (. ))),1,93248,"0,0866377961"
(ROOT (S=H (NP (NP (NNP ) (POS=H )) (NNP ) (PRN (-LRB- ) (NP=H (NN=H )) (-RRB- )) (NNP=H )) (VP=H (VBP=H ) (ADJP (JJ=H ))) (. ))),1,93249,"0,0866387252"
(ROOT (NP=H (NP=H (NNP=H )) (: ) (S (NP (NP=H (JJ ) (NNS=H )) (PP (IN=H ) (NP (JJ ) (NNS=H )))) (VP=H (VBP=H ) (ADJP (JJ=H )))) (. ))),1,93250,"0,0866396543"
(ROOT (S=H (NP (NP=H (JJ ) (ADJP (JJ=H ) (PRT (RP=H ))) (NN=H )) (PRN (-LRB- ) (NP=H (NP=H (NN ) (NNS=H )) (PP (IN=H ) (NP (ADJP (JJ=H )) (NN=H )))) (-RRB- ))) (VP=H (VBP=H ) (SBAR (S=H (VP=H (VBP=H ) (ADJP (JJ=H )))))) (. ))),1,93251,"0,0866405834"
"(ROOT (S=H (NP (NP=H (NNP ) (NNP ) (NNPS ) (NNP=H )) (PP (IN=H ) (NP (NNP ) (, ) (NNP=H )))) (VP=H (VBP=H ) (ADJP (JJ=H ))) (. )))",1,93252,"0,0866415125"
(ROOT (FRAG=H (SBAR=H (WHNP=H (WP=H )) (S (PP (IN=H ) (NP (NNP=H ))) (VP=H (VBP=H ) (ADJP (JJ=H ))))) (. ))),1,93253,"0,0866424416"
(ROOT (S=H (NP (NP=H (NNP ) (NNP ) (NNP=H )) (PP (IN=H ) (NP (NP=H (JJ ) (JJ ) (NN=H )) (PP (IN=H ) (NP (DT ) (NNP ) (NNP ) (NNS=H )))))) (VP=H (VBP=H ) (ADJP (JJ=H ))) (. ))),1,93254,"0,0866433707"
(ROOT (S=H (NP (NP=H (NNP ) (NNP ) (NNP=H )) (PP (IN=H ) (NP (NP=H (JJ ) (JJ ) (NNS=H )) (PP (IN=H ) (NP (DT ) (NNP ) (NNP ) (NNS=H )))))) (VP=H (VBP=H ) (ADJP (JJ=H ))) (. ))),1,93255,"0,0866442999"
(ROOT (S=H (NP (NP=H (NNP ) (NNP ) (NNP=H )) (PP (IN=H ) (NP (NP=H (JJ ) (VBG ) (NNPS=H )) (PP (IN=H ) (NP (DT ) (NNP ) (NNP ) (NNS=H )))))) (VP=H (VBP=H ) (ADJP (JJ=H ))) (. ))),1,93256,"0,086645229"
(ROOT (S=H (NP (NP=H (NNP ) (NNP ) (NNP=H )) (PP (IN=H ) (NP (NP=H (JJ ) (VBG ) (NN=H )) (PP (IN=H ) (NP (DT ) (NNP ) (NNP ) (NNS=H )))))) (VP=H (VBP=H ) (ADJP (JJ=H ))) (. ))),1,93257,"0,0866461581"
(ROOT (S=H (NP (NP=H (NNP ) (NNP ) (NNP=H )) (PP (IN=H ) (NP (NP=H (JJ ) (NN ) (NN=H )) (PP (IN=H ) (NP (DT ) (NNP ) (NNP ) (NNS=H )))))) (VP=H (VBP=H ) (ADJP (JJ=H ))) (. ))),1,93258,"0,0866470872"
(ROOT (S=H (NP (NP=H (NNP ) (NNP ) (NNP=H )) (PP (IN=H ) (NP (NP=H (NNP ) (NNP ) (NNP=H )) (PP (IN=H ) (NP (DT ) (NNP ) (NNP ) (NNS=H )))))) (VP=H (VBP=H ) (ADJP (JJ=H ))) (. ))),1,93259,"0,0866480163"
(ROOT (S=H (NP (NP=H (NNP ) (NNP ) (NNP=H )) (PP (IN=H ) (NP (JJ ) (NNP ) (NNP ) (NNP ) (NNS=H )))) (VP=H (VBP=H ) (ADJP (JJ=H ))) (. ))),1,93260,"0,0866489454"
(ROOT (S=H (NP (NP=H (NNP ) (NNP ) (NNP=H )) (PP (IN=H ) (NP (JJ ) (NN ) (NN ) (JJ ) (NNS=H )))) (VP=H (VBP=H ) (ADJP (JJ=H ))) (. ))),1,93261,"0,0866498745"
(ROOT (S=H (NP (NNP ) (NNP ) (NNP ) (NNPS ) (NN=H )) (VP=H (VBZ=H ) (SBAR (S=H (NP (NNS=H )) (VP=H (VBP=H ) (ADJP (JJ=H )))))) (. ))),1,93262,"0,0866508036"
(ROOT (S=H (NP (NP=H (NNP=H )) (PP (IN=H ) (NP (ADJP (RB ) (JJ=H )) (JJ ) (NNS=H )))) (VP=H (VBP=H ) (ADJP (JJ=H ))) (. ))),1,93263,"0,0866517327"
(ROOT (S=H (NP (NP=H (JJ ) (NN ) (CC ) (NN ) (NNS=H )) (PP (IN=H ) (NP (NN=H ) (CC ) (NN )))) (VP=H (VBP=H ) (ADJP (JJ=H ))) (. ))),1,93264,"0,0866526619"
(ROOT (S=H (NP (NP=H (DT ) (NN=H )) (PP (IN=H ) (NP (CD ) (NNS=H )))) (VP=H (VBP=H ) (ADJP (JJ=H ))) (. ))),1,93265,"0,086653591"
"(ROOT (S=H (NP (NP=H (NNP=H )) (PP (IN=H ) (NP (NP=H (NNP ) (NNP=H )) (, ) (NP (NNS=H )) (, ) (CC ) (NP (NNS=H ))))) (VP=H (VBP=H ) (ADJP (JJ=H ))) (. )))",1,93266,"0,0866545201"
(ROOT (S=H (NP (NN ) (. ) (NNP=H )) (PRN (-LRB- ) (NP=H (JJ ) (NN ) (NN=H )) (-RRB- )) (NP (NNS=H )) (VP=H (VBP=H ) (ADJP (JJ=H ))) (. ))),1,93267,"0,0866554492"
(ROOT (S=H (S=H (NP (NNP ) (CC ) (NNP ) (NNP=H )) (VP=H (VBP=H ))) (CC ) (S (NP (NN ) (NNS=H )) (VP=H (VBP=H ) (ADJP (JJ=H )))) (. ))),1,93268,"0,0866563783"
(ROOT (S=H (NP (NP=H (NNP=H )) (PP (TO=H ) (NP (NP=H (NNP ) (NNPS=H )) (VP (VBN=H ) (PP (IN=H ) (NP (DT ) (NN=H ))))))) (VP=H (VBP=H ) (ADJP (JJ=H ))) (. ))),1,93269,"0,0866573074"
(ROOT (S=H (NP (NP=H (NNP=H )) (PP (TO=H ) (NP (NP=H (NNP ) (NNPS=H )) (VP (VBN=H ) (PP (IN=H ) (NP (NNP ) (NNP=H ))))))) (VP=H (VBP=H ) (ADJP (JJ=H ))) (. ))),1,93270,"0,0866582365"
(ROOT (S=H (NP (NP=H (JJ ) (ADJP (JJ=H ) (PRT (RP=H ))) (NN=H )) (PRN (-LRB- ) (S=H (NP (NNP ) (NNS=H )) (VP=H (VBG=H ) (NP (CD ) (JJ ) (NN=H )))) (-RRB- ))) (VP=H (VBP=H ) (SBAR (S=H (VP=H (VBP=H ) (ADJP (JJ=H )))))) (. ))),1,93271,"0,0866591656"
(ROOT (S=H (NP (NP=H (NNP=H )) (PP (IN=H ) (NP (NP=H (NNS=H )) (PP (IN=H ) (NP (NNPS=H )))))) (VP=H (VBP=H ) (ADJP (JJ=H ))) (. ))),1,93272,"0,0866600948"
(ROOT (S=H (NP (NP=H (NNP=H )) (VP (VBN=H ) (NP (ADJP (JJ=H ) (CC ) (JJ )) (NNS=H )))) (VP=H (VBP=H ) (ADJP (JJ=H ))) (. ))),1,93273,"0,0866610239"
(ROOT (S=H (NP (JJ ) (NNS ) (NNS=H )) (VP=H (VBP=H ) (SBAR (S=H (NP (NNS=H )) (VP=H (VBP=H ) (ADJP (JJ=H )))))) (. ))),1,93274,"0,086661953"
(ROOT (S=H (S (VP=H (VBG=H ) (NP (NNS=H )))) (NP (JJ ) (NNS=H )) (VP=H (VBP=H ) (ADJP (JJ=H ))) (. ))),1,93275,"0,0866628821"
(ROOT (S=H (S (VP=H (VBG=H ) (NP (NN ) (NN=H )))) (NP (JJ ) (NNS=H )) (VP=H (VBP=H ) (ADJP (JJ=H ))) (. ))),1,93276,"0,0866638112"
(ROOT (S=H (NP (NP=H (NNP ) (NNP ) (NNP=H )) (PRN (-LRB- ) (NP=H (NNP=H )) (-RRB- ))) (VP=H (VBP=H ) (SBAR (S=H (NP (NNS=H )) (VP=H (VBP=H ) (ADJP (JJ=H )))))) (. ))),1,93277,"0,0866647403"
"(ROOT (S=H (NP (NP=H (NNP ) (NNP ) (, ) (NNP ) (NNP=H ) (. )) (CC ) (NP (NNP ) (NNP ) (NNS=H ))) (VP=H (VBP=H ) (ADJP (JJ=H ))) (. )))",1,93278,"0,0866656694"
(ROOT (S=H (NP (NP=H (NNP ) (NNP ) (. ) (NNP=H )) (NP (NNS=H ))) (VP=H (VBP=H ) (ADJP (JJ=H ))) (. ))),1,93279,"0,0866665985"
(ROOT (S=H (NP (NP=H (NNP=H )) (PP (IN=H ) (NP (NP=H (DT ) (CD ) (NNPS ) (NNPS=H )) (: ) (NP (NP (NNP ) (POS=H )) (JJ ) (NNS=H ))))) (VP=H (VBP=H ) (ADJP (JJ=H ))) (. ))),1,93280,"0,0866675276"
(ROOT (S=H (NP (NP=H (NNP=H )) (PP (IN=H ) (NP (NP=H (NNP ) (NNP=H )) (VP (VBN=H ) (NP (JJ ) (NNS=H )))))) (VP=H (VBP=H ) (ADJP (JJ=H ))) (. ))),1,93281,"0,0866684568"
(ROOT (S=H (NP (NP=H (NNP ) (NNPS ) (NNP=H )) (PP (IN=H ) (NP (JJ ) (VBN ) (NNS=H )))) (VP=H (VBP=H ) (ADJP (JJ=H ))) (. ))),1,93282,"0,0866693859"
(ROOT (S=H (NP (NP=H (NNS ) (NN ) (NNS=H )) (PP (IN=H ) (NP (DT ) (NNP ) (NNPS=H )))) (VP=H (VBP=H ) (ADJP (JJ=H ))) (. ))),1,93283,"0,086670315"
(ROOT (S=H (NP (NP=H (NNS ) (NN ) (NNS=H )) (PP (IN=H ) (NP (NN=H )))) (VP=H (VBP=H ) (ADJP (JJ=H ))) (. ))),1,93284,"0,0866712441"
(ROOT (S=H (NP (NP=H (NNS ) (NN ) (NNS=H )) (PP (IN=H ) (NP (DT ) (NNP ) (NNP=H )))) (VP=H (VBP=H ) (ADJP (JJ=H ))) (. ))),1,93285,"0,0866721732"
(ROOT (S=H (NP (NNP ) (NNP=H )) (VP=H (VBP=H ) (SBAR (S=H (NP (NNS ) (NNS=H )) (VP=H (VBP=H ) (ADJP (JJ=H )))))) (. ))),1,93286,"0,0866731023"
(ROOT (S=H (NP (NP=H (NNP ) (NNPS ) (NNP ) (NNP=H )) (PP (IN=H ) (NP (JJ ) (VBN ) (NNS=H )))) (VP=H (VBP=H ) (ADJP (JJ=H ))) (. ))),1,93287,"0,0866740314"
(ROOT (S=H (NP (NP=H (NN ) (NN=H )) (VP (VBN=H ) (PP (IN=H ) (NP (DT ) (NNP ) (NNPS=H ))))) (VP=H (VBP=H ) (ADJP (JJ=H ))) (. ))),1,93288,"0,0866749605"
(ROOT (S=H (NP (NNP=H )) (VP=H (VBZ=H ) (SBAR (S=H (NP (NP=H (NP=H (NNS=H )) (PP (IN=H ) (NP (NNP=H )))) (PRN (-LRB- ) (NN=H ) (-RRB- ))) (VP=H (VBP=H ) (ADJP (JJ=H )))))) (. ))),1,93289,"0,0866758896"
(ROOT (S=H (NP (NP=H (NNP ) (NNP=H )) (PP (IN=H ) (NP (NP=H (NNP ) (NNP ) (NNS=H )) (PP (IN=H ) (NP (DT ) (NNP ) (NNP ) (NNP ) (NNP=H )))))) (VP=H (VBP=H ) (ADJP (JJ=H ))) (. ))),1,93290,"0,0866768188"
(ROOT (S=H (NP (ADJP (IN ) (NN=H )) (JJ ) (NN ) (NNS=H )) (VP=H (VBP=H ) (ADJP (JJ=H ))) (. ))),1,93291,"0,0866777479"
(ROOT (S=H (NP (ADJP (NNP ) (JJ=H )) (VBG ) (NN=H )) (VP=H (VBP=H ) (SBAR (S=H (NP (NNS=H )) (VP=H (VBP=H ) (ADJP (JJ=H )))))) (. ))),1,93292,"0,086678677"
(ROOT (S=H (NP (NP=H (NNP=H )) (PP (IN=H ) (NP (NNP ) (NNP ) (NNP ) (NN ) (NN ) (NNS=H )))) (VP=H (VBP=H ) (ADJP (JJ=H ))) (. ))),1,93293,"0,0866796061"
(ROOT (S=H (NP (NP=H (NNP ) (NNP=H )) (PP (IN=H ) (NP (NP=H (DT ) (NNP ) (NNPS=H )) (PP (IN=H ) (NP (NP=H (NNP=H )) (PP (IN=H ) (NP (NNP=H )))))))) (VP=H (VBP=H ) (ADJP (JJ=H ))) (. ))),1,93294,"0,0866805352"
(ROOT (S=H (NP (NP=H (JJ ) (NNS ) (NNS=H )) (PP (VBN=H ) (PP (IN=H ) (NP (NP=H (DT ) (NNP=H )) (PP (IN=H ) (NP (NNP=H ))))))) (VP=H (VBP=H ) (ADJP (JJ=H ))) (. ))),1,93295,"0,0866814643"
"(ROOT (S=H (S (NP=H (NP=H (NNP=H )) (PP (IN=H ) (NP (NN=H ))))) (, ) (NP (NNP ) (NNS=H )) (VP=H (VBP=H ) (ADJP (JJ=H ))) (. )))",1,93296,"0,0866823934"
(ROOT (S=H (NP (NP=H (JJ ) (ADJP (JJ=H ) (PRT (RP=H ))) (NN=H )) (PRN (-LRB- ) (NP=H (NP=H (NNPS=H )) (PP (IN=H ) (NP (ADJP (RB ) (JJ=H )) (NNS=H )))) (-RRB- ))) (VP=H (VBP=H ) (SBAR (S=H (VP=H (VBP=H ) (ADJP (JJ=H )))))) (. ))),1,93297,"0,0866833225"
(ROOT (S=H (NP (NP (NNP ) (NNP=H )) (PRN (-LRB- ) (NNS=H ) (-RRB- )) (NNS=H )) (VP=H (VBP=H ) (ADJP (JJ=H ))) (. ))),1,93298,"0,0866842517"
(ROOT (S=H (NP (JJ ) (JJ ) (NN=H )) (VP=H (VBZ=H ) (SBAR (S=H (NP (JJ ) (NNS=H )) (VP=H (VBP=H ) (ADJP (JJ=H )))))) (. ))),1,93299,"0,0866851808"
(ROOT (S=H (NP (NP=H (NNP ) (NNP ) (NNP=H )) (VP (VBN=H ) (PP (IN=H ) (NP (NNS=H ))))) (VP=H (VBP=H ) (ADJP (JJ=H ))) (. ))),1,93300,"0,0866861099"
(ROOT (S=H (NP (NP=H (NNP=H )) (PP (TO=H ) (NP (NP=H (NN ) (NNS=H )) (PP (IN=H ) (NP (NNP=H )))))) (VP=H (VBP=H ) (ADJP (JJ=H ))) (. ))),1,93301,"0,086687039"
"(ROOT (S=H (S (NP (EX=H )) (VP=H (VBZ=H ) (NP (DT ) (JJ ) (NN=H )))) (, ) (NP (JJ ) (NN=H )) (VP=H (VBZ=H ) (SBAR (S=H (NP (NP=H (DT ) (NN=H )) (PP (IN=H ) (NP (NP=H (DT ) (NN=H )) (SBAR (WHNP=H (WDT=H )) (S (VP=H (VBZ=H ) (ADVP (RB=H )) (SBAR (IN=H ) (S (NP (DT=H )) (VP=H (VBP=H ) (SBAR (IN=H ) (S (NP (PRP=H )) (VP=H (VBP=H ) (PP (IN=H )))) (. ))))))))))) (VP=H (VBP=H ) (ADJP (JJ=H )))))) (. )))",1,93302,"0,0866879681"
"(ROOT (S=H (S (NP (NNPS=H )) (VP=H (VBD=H ) (PP (IN=H ) (NP (DT ) (NNP ) (NNP=H ))))) (, ) (NP (NN=H )) (VP=H (VBP=H ) (ADJP (JJ=H ))) (. )))",1,93303,"0,0866888972"
(ROOT (S=H (NP (NP=H (NN=H )) (PP (IN=H ) (NP (NP=H (NNP ) (NNP=H )) (PP (IN=H ) (NP (DT ) (NNP ) (NNPS=H )))))) (VP=H (VBP=H ) (ADJP (JJ=H ))) (. ))),1,93304,"0,0866898263"
(ROOT (S=H (NP (NP=H (NNP ) (NNP ) (NNP ) (FW ) (NNP ) (FW ) (NNP=H )) (NP (NNS=H ))) (VP=H (VBP=H ) (ADJP (JJ=H ))) (. ))),1,93305,"0,0866907554"
"(ROOT (S=H (S (NP (NNP ) (NN=H )) (VP=H (VBN=H ) (PP (IN=H ) (NP (NNP=H ))))) (, ) (NP (NNP ) (NNP=H )) (VP=H (VBP=H ) (ADJP (JJ=H ))) (. )))",1,93306,"0,0866916845"
(ROOT (S=H (NP (NP=H (NNP ) (NNP ) (NNP=H ) (CC ) (NNP )) (PP (IN=H ) (NP (NNP ) (NNS=H )))) (VP=H (VBP=H ) (ADJP (JJ=H ))) (. ))),1,93307,"0,0866926137"
(ROOT (S=H (NP (NP=H (NNP ) (NNP=H )) (PP (IN=H ) (NP (NNP ) (CC ) (NNP ) (NNPS ) (NNS=H )))) (VP=H (VBP=H ) (ADJP (JJ=H ))) (. ))),1,93308,"0,0866935428"
(ROOT (S=H (NP (NNP ) (NNPS ) (NNP ) (NN ) (NN ) (NNP ) (NNP=H )) (VP=H (VBP=H ) (ADJP (JJ=H ))) (. ))),1,93309,"0,0866944719"
(ROOT (S=H (NP (NNP ) (NN=H ) (CC ) (NN )) (VP=H (VBP=H ) (SBAR (S=H (NP (NP=H (NNS=H )) (PP (IN=H ) (NP (NNP=H )))) (VP=H (VBP=H ) (ADJP (JJ=H )))))) (. ))),1,93310,"0,086695401"
(ROOT (S=H (S=H (NP (NNP ) (NNP=H )) (VP=H (VBZ=H ) (NP (NP=H (NNP ) (NNP=H )) (PP (IN=H ) (NP (NNP=H )))))) (: ) (S (NP (NNP ) (NNS=H )) (VP=H (VBP=H ) (ADJP (JJ=H )))) (. ))),1,93311,"0,0866963301"
(ROOT (S=H (NP (NP=H (NNP ) (NNP=H )) (PP (IN=H ) (NP (NNP ) (NNP ) (NNP ) (NNPS ) (NNP=H )))) (VP=H (VBP=H ) (ADJP (JJ=H ))) (. ))),1,93312,"0,0866972592"
(ROOT (S=H (NP (NP=H (NNP ) (NNPS ) (JJ ) (NN ) (NN ) (NN=H )) (NP (JJ ) (NNS=H ))) (VP=H (VBP=H ) (ADJP (JJ=H ))) (. ))),1,93313,"0,0866981883"
(ROOT (NP=H (NP=H (NNP ) (NNP ) (FW ) (NNP=H )) (: ) (S (NP (NNP=H )) (VP=H (VBP=H ) (ADJP (JJ=H )))) (. ))),1,93314,"0,0866991174"
"(ROOT (S=H (NP (NP=H (NP (NNP ) (POS=H )) (NNS ) (NNS=H )) (CC ) (NP (NP=H (JJ ) (NN=H )) (PP (IN=H ) (NP (NP=H (NNS=H )) (PP (IN=H ) (NP (NNP ) (, ) (NNP=H ))))))) (VP=H (VBP=H ) (ADJP (JJ=H ))) (. )))",1,93315,"0,0867000465"
(ROOT (NP=H (NP=H (NNP ) (NNP ) (FW ) (NNP=H )) (: ) (S (NP (NNP ) (NNP=H )) (VP=H (VBP=H ) (ADJP (JJ=H )))) (. ))),1,93316,"0,0867009757"
(ROOT (S=H (NP (NNP=H )) (VP=H (VBD=H ) (SBAR (S=H (NP (NP=H (NP=H (NNS=H )) (NP (DT ) (NNP ) (PRN (-LRB- ) (NP=H (NP=H (NNP ) (NNP=H )) (NP (NN=H ))) (-RRB- )) (NN=H ))) (NP (CD=H ))) (VP=H (VBP=H ) (ADJP (JJ=H )))))) (. ))),1,93317,"0,0867019048"
(ROOT (S=H (NP (NNP=H )) (VP=H (VBD=H ) (SBAR (S=H (NP (NP=H (JJ ) (NN ) (NNS=H )) (PP (IN=H ) (NP (NN=H )))) (VP=H (VBP=H ) (ADJP (JJ=H )))))) (. ))),1,93318,"0,0867028339"
(ROOT (S=H (NP (NP=H (NNP=H )) (PP (TO=H ) (NP (NP=H (DT ) (NNP=H )) (PP (IN=H ) (NP (DT ) (NNP ) (NNS=H )))))) (VP=H (VBP=H ) (ADJP (JJ=H ))) (. ))),1,93319,"0,086703763"
(ROOT (S=H (NP (NP=H (NP=H (NNP=H )) (CC ) (NP (NP=H (NNS=H )) (PP (IN=H ) (NP (NNP=H ))))) (PRN (-LRB- ) (NP=H (NNP ) (NN=H )) (-RRB- ))) (VP=H (VBP=H ) (ADJP (JJ=H ))) (. ))),1,93320,"0,0867046921"
(ROOT (S=H (NP (NP=H (NP=H (NNP=H )) (CC ) (NP (NP=H (JJ ) (NNS=H )) (PP (IN=H ) (NP (NNP=H ))))) (PRN (-LRB- ) (NP=H (NNP ) (NN=H )) (-RRB- ))) (VP=H (VBP=H ) (ADJP (JJ=H ))) (. ))),1,93321,"0,0867056212"
(ROOT (S=H (NP (NP=H (NNP ) (NN ) (CC ) (NN ) (NN ) (NNS=H )) (PP (IN=H ) (NP (DT ) (NNP ) (NNPS=H )))) (VP=H (VBP=H ) (ADJP (JJ=H ))) (. ))),1,93322,"0,0867065503"
(ROOT (S=H (NP (NP=H (NNP ) (NNP ) (NNP=H )) (PP (IN=H ) (NP (NP=H (DT ) (NNP ) (NNP=H )) (PP (IN=H ) (NP (NNP ) (NNPS=H )))))) (VP=H (VBP=H ) (ADJP (JJ=H ))) (. ))),1,93323,"0,0867074794"
"(ROOT (S=H (S (NP=H (NP=H (JJ ) (NNS=H )) (PP (IN=H ) (NP (NNP ) (NN=H ))))) (, ) (NP (NNP=H )) (VP=H (VBP=H ) (ADJP (JJ=H ))) (. )))",1,93324,"0,0867084086"
(ROOT (S=H (NP (NP (NNP ) (POS=H )) (NNPS ) (NNP ) (NNP=H )) (VP=H (VBP=H ) (ADJP (JJ=H ))) (. ))),1,93325,"0,0867093377"
(ROOT (NP=H (NP=H (NNP ) (NNP ) (NNP=H )) (: ) (S (NP (JJ ) (NNS=H )) (VP=H (VBP=H ) (ADJP (JJ=H )))) (. ))),1,93326,"0,0867102668"
(ROOT (S=H (NP (NP=H (NNP ) (NNP=H )) (PP (IN=H ) (NP (NP=H (NNP=H )) (PP (IN=H ) (NP (NP=H (DT ) (NNP=H )) (PP (IN=H ) (NP (NNP ) (NNS=H )))))))) (VP=H (VBP=H ) (ADJP (JJ=H ))) (. ))),1,93327,"0,0867111959"
(ROOT (S=H (NP (NP=H (NNP ) (NNP=H )) (PP (IN=H ) (NP (NP=H (NNP ) (NNP ) (NNP=H )) (PP (IN=H ) (NP (NN ) (NNS=H )))))) (VP=H (VBP=H ) (ADJP (JJ=H ))) (. ))),1,93328,"0,086712125"
(ROOT (S=H (NP (NP=H (NNP ) (NNP ) (NNP=H )) (PP (IN=H ) (NP (NNP ) (CC ) (NNP ) (NNP ) (NNS=H )))) (VP=H (VBP=H ) (ADJP (JJ=H ))) (. ))),1,93329,"0,0867130541"
(ROOT (S=H (NP (NP=H (NNP ) (CC ) (NNP ) (NNP=H )) (PP (IN=H ) (NP (NN ) (NNS=H )))) (VP=H (VBP=H ) (ADJP (JJ=H ))) (. ))),1,93330,"0,0867139832"
(ROOT (S=H (NP (NNP ) (JJ ) (NNS ) (CC ) (NN ) (NN ) (NN=H )) (VP=H (VBP=H ) (ADJP (JJ=H ))) (. ))),1,93331,"0,0867149123"
(ROOT (S=H (NP (DT ) (NAC (NNP=H ) (PP (IN=H ) (NP (DT ) (NN=H )))) (NN=H )) (VP=H (VBZ=H ) (SBAR (S=H (VP=H (VBP=H ) (ADJP (JJ=H )))))) (. ))),1,93332,"0,0867158414"
(ROOT (S=H (NP (NP=H (JJ ) (ADJP (JJ=H ) (PRT (RP=H ))) (NN=H )) (PRN (-LRB- ) (NP=H (NP=H (NNPS=H )) (VP (VBN=H ) (PP (IN=H ) (NP (NNP ) (NNP=H ))))) (-RRB- ))) (VP=H (VBP=H ) (SBAR (S=H (VP=H (VBP=H ) (ADJP (JJ=H )))))) (. ))),1,93333,"0,0867167706"
(ROOT (S=H (NP (NP=H (JJ ) (JJ ) (NN=H )) (VP (VBG=H ) (NP (NNS=H )))) (VP=H (VBP=H ) (ADJP (JJ=H ))) (. ))),1,93334,"0,0867176997"
(ROOT (NP=H (NP=H (NP=H (NNS=H )) (PP (IN=H ) (NP (DT ) (NN=H )))) (SBAR (S=H (`` ) (PP (IN=H ) (NP (NNP ) (NNP=H ))) ('' ) (NP (CD ) (NN=H )) (VP=H (VBP=H ) (ADJP (JJ=H ))))) (. ))),1,93335,"0,0867186288"
"(ROOT (NP=H (NP=H (NNS=H )) (PP (IN=H ) (NP (NP (DT ) (NN=H )) (`` ) (NX=H (S=H (PP (IN=H ) (NP (NNP ) (NNP ) (NNP=H ) ('' ))) (, ) (NP (CD ) (NN=H )) (VP=H (VBP=H ) (ADJP (JJ=H ))))))) (. )))",1,93336,"0,0867195579"
"(ROOT (S=H (S (VP=H (VBG=H ) (NP (NNS=H )) (PP (IN=H ) (NP (NNPS ) (NNP=H ))))) (, ) (NP (NNP=H )) (VP=H (VBP=H ) (ADJP (JJ=H ))) (. )))",1,93337,"0,086720487"
(ROOT (S=H (NP (NP (DT ) (NNP ) (NNPS=H )) (PRN (-LRB- ) (NP=H (JJ ) (NN=H )) (-RRB- )) (NNS=H )) (VP=H (VBP=H ) (ADJP (JJ=H ))) (. ))),1,93338,"0,0867214161"
(ROOT (S=H (S=H (VP=H (VBG=H ) (NP (NP=H (NNS=H )) (PP (IN=H ) (NP (NP=H (DT ) (JJ ) (NN=H )) (PP (IN=H ) (NP (NNPS=H )))))))) (CC ) (S (NP (PRP$ ) (NNS=H )) (VP=H (VBP=H ) (ADJP (JJ=H )))) (. ))),1,93339,"0,0867223452"
(ROOT (S=H (NP (NP=H (NNP=H )) (VP (VBN=H ) (NP (NP=H (JJ ) (NNS=H )) (PP (IN=H ) (NP (DT ) (NNP ) (NNPS=H )))))) (VP=H (VBP=H ) (ADJP (JJ=H ))) (. ))),1,93340,"0,0867232743"
(ROOT (S=H (NP (NNP=H )) (VP=H (VBD=H ) (NP (NP=H (NNS=H )) (SBAR (S=H (NP (PRP$ ) (NNP ) (NNP ) (JJ ) (NN=H )) (VP=H (VBP=H ) (ADJP (JJ=H ))))))) (. ))),1,93341,"0,0867242034"
(ROOT (S=H (NP (NP=H (JJ ) (ADJP (JJ=H ) (PRT (RP=H ))) (NN=H )) (PRN (-LRB- ) (NP=H (NP=H (NNPS=H )) (PP (IN=H ) (NP (NNP ) (NN=H )))) (-RRB- ))) (VP=H (VBP=H ) (SBAR (S=H (VP=H (VBP=H ) (ADJP (JJ=H )))))) (. ))),1,93342,"0,0867251326"
(ROOT (S=H (NP (NP=H (NNP ) (NN=H )) (PP (IN=H ) (NP (DT ) (NN ) (NNS=H )))) (VP=H (VBP=H ) (ADJP (JJ=H ))) (. ))),1,93343,"0,0867260617"
(ROOT (S=H (NP (NP=H (NNP ) (JJ ) (NNS ) (NNS=H )) (PP (IN=H ) (NP (DT ) (NNP ) (NNPS=H )))) (VP=H (VBD=H ) (SBAR (S=H (NP (NN=H )) (VP=H (VBP=H ) (ADJP (JJ=H )))))) (. ))),1,93344,"0,0867269908"
(ROOT (S=H (NP (NP=H (NNP=H )) (PP (IN=H ) (NP (NP=H (NNP ) (NNP ) (NN=H )) (PP (IN=H ) (NP (DT ) (NNP ) (NNPS=H )))))) (VP=H (VBP=H ) (ADJP (JJ=H ))) (. ))),1,93345,"0,0867279199"
(ROOT (S=H (NP (NNP ) (NNP ) (NNP ) (NNP ) (NNPS ) (NNPS ) (NNS=H )) (VP=H (VBP=H ) (ADJP (JJ=H ))) (. ))),1,93346,"0,086728849"
(ROOT (S=H (NP (NP=H (JJR=H )) (PP (IN=H ) (NP (NNP ) (NNS=H )))) (VP=H (VBP=H ) (ADJP (JJ=H ))) (. ))),1,93347,"0,0867297781"
(ROOT (S=H (NP (NP=H (NNP=H )) (PP (IN=H ) (NP (NP=H (DT ) (NNP ) (NNS=H )) (PP (TO=H ) (NP (DT ) (NNP ) (NNP=H )))))) (VP=H (VBP=H ) (ADJP (JJ=H ))) (. ))),1,93348,"0,0867307072"
(ROOT (S=H (NP (NNP=H )) (VP=H (VBD=H ) (SBAR (S=H (NP (NP=H (NNS=H )) (PP (IN=H ) (NP (JJ ) (NNP ) (NNP ) (NNS=H )))) (VP=H (VBP=H ) (ADJP (JJ=H )))))) (. ))),1,93349,"0,0867316363"
(ROOT (S=H (NP (NP=H (NNP=H )) (SBAR (S=H (VP=H (TO=H ) (VP (VB=H ) (NP (DT ) (NNP ) (NNPS=H ))))))) (VP=H (VBP=H ) (ADJP (JJ=H ))) (. ))),1,93350,"0,0867325655"
(ROOT (S=H (NP (NP=H (NNP=H )) (SBAR (S=H (VP=H (TO=H ) (VP (VB=H ) (NP (DT ) (NNP ) (NNPS ) (NN ) (NN=H ))))))) (VP=H (VBP=H ) (ADJP (JJ=H ))) (. ))),1,93351,"0,0867334946"
(ROOT (S=H (NP (NP=H (JJ ) (NNS ) (NNS=H )) (PP (VBN=H ) (PP (IN=H ) (NP (NNP=H ) (CC ) (NNP ))))) (VP=H (VBP=H ) (ADJP (JJ=H ))) (. ))),1,93352,"0,0867344237"
(ROOT (S=H (NP (NNP ) (NNP ) (NNPS ) (NNP=H )) (VP=H (VBP=H ) (SBAR (S=H (NP (NNS=H )) (VP=H (VBP=H ) (ADJP (JJ=H )))))) (. ))),1,93353,"0,0867353528"
"(ROOT (S=H (S (NP (NN ) (NNS=H )) (VP=H (VBN=H ) (PP (IN=H ) (NP (NNP=H ))))) (, ) (NP (NNP=H )) (VP=H (VBP=H ) (ADJP (JJ=H ))) (. )))",1,93354,"0,0867362819"
(ROOT (S=H (NP (NP=H (NN ) (NN=H )) (PP (IN=H ) (NP (NP=H (NNP=H )) (CC ) (NP (NNP ) (NNP ) (NNP ) (NNPS=H ))))) (VP=H (VBP=H ) (ADJP (JJ=H ))) (. ))),1,93355,"0,086737211"
(ROOT (FRAG=H (NP (NN=H )) (: ) (S=H (NP (NNP ) (NNS=H )) (VP=H (VBP=H ) (ADJP (JJ=H )))) (. ))),1,93356,"0,0867381401"
(ROOT (S=H (NP (NP=H (NNP ) (NNP=H ) (CC ) (NNP )) (NP (NN ) (NN ) (NNS=H ))) (VP=H (VBP=H ) (ADJP (JJ=H ))) (. ))),1,93357,"0,0867390692"
(ROOT (S=H (NP (NP=H (NNP=H )) (PP (IN=H ) (NP (NP=H (NNS=H )) (PP (IN=H ) (NP (CD ) (NN=H )))))) (VP=H (VBP=H ) (ADJP (JJ=H ))) (. ))),1,93358,"0,0867399983"
(ROOT (S=H (NP (NP=H (NNS=H )) (PP (IN=H ) (NP (NNP ) (NNP=H )))) (VP=H (VBZ=H ) (VP (VBN=H ) (ADVP (RB ) (RB=H )) (NP (NP=H (NNP=H ) (. )) (SBAR (S=H (NP (EX=H )) (VP=H (VBZ=H ) (NP (NP=H (DT ) (NN=H )) (PP (IN=H ) (NP (NP=H (NNP=H )) (PP (IN=H ) (NP (NP=H (NNP ) (NNP=H )) (PP (IN=H ) (NP (NN ) (NN=H ))))))) (SBAR (WHADVP=H (WRB=H )) (S (NP (NN ) (NNS=H )) (VP=H (VBP=H ) (ADJP (JJ=H )))))))))))) (. ))),1,93359,"0,0867409275"
(ROOT (S=H (NP (NNP ) (NNP ) (NNP ) (NNP ) (NNP ) (NN=H )) (VP=H (VBZ=H ) (SBAR (S=H (NP (JJ ) (NNS=H )) (VP=H (VBP=H ) (ADJP (JJ=H )))))) (. ))),1,93360,"0,0867418566"
(ROOT (S=H (NP (NP=H (NNP=H )) (SBAR (S=H (NP (JJ ) (NN ) (NNS=H )) (VP=H (VBD=H ) (PP (IN=H ) (NP (NNP ) (NNP=H ))))))) (VP=H (VBP=H ) (ADJP (JJ=H ))) (. ))),1,93361,"0,0867427857"
(ROOT (S=H (NP (NNP ) (NNP=H )) (VP=H (VBP=H ) (SBAR (S=H (NP (NNPS=H )) (VP=H (VBP=H ) (ADJP (JJ=H )))))) (. ))),1,93362,"0,0867437148"
(ROOT (S=H (NP (NNPS ) (NNPS=H )) (VP=H (VBD=H ) (SBAR (S=H (NP (NNS=H )) (VP=H (VBP=H ) (ADJP (JJ=H )))))) (. ))),1,93363,"0,0867446439"
(ROOT (S=H (ADVP (RB=H )) (NP (NNP ) (NNP ) (NNPS ) (NNP=H )) (VP=H (VBP=H ) (ADJP (JJ=H ))) (. ))),1,93364,"0,086745573"
"(ROOT (S=H (NP (NP=H (NNP ) (NNP=H )) (, ) (NP (NNP ) (NNP ) (PRN (-LRB- ) (NP=H (CD ) (NN ) (NN=H )) (-RRB- )) (NNS=H ))) (VP=H (VBP=H ) (ADJP (JJ=H ))) (. )))",1,93365,"0,0867465021"
(ROOT (S=H (NP (NP=H (NNP=H )) (SBAR (S=H (NP (JJ ) (NN ) (NNS=H )) (VP=H (VBD=H ) (PP (IN=H ) (NP (DT ) (NNP ) (NNP=H ))))))) (VP=H (VBP=H ) (ADJP (JJ=H ))) (. ))),1,93366,"0,0867474312"
"(ROOT (S=H (ADVP (RB=H )) (, ) (NP (NP (NNP=H )) (PRN (-LRB- ) (NP=H (CD ) (NN ) (NN=H )) (-RRB- )) (NNS=H )) (VP=H (VBP=H ) (ADJP (JJ=H ))) (. )))",1,93367,"0,0867483604"
(ROOT (S=H (NP (NNP=H ) (PRP )) (PP (IN=H ) (NP (PRN (-LRB- ) (NP=H (NN ) (NN=H )) (-RRB- )) (NNS=H ))) (VP=H (VBP=H ) (ADJP (JJ=H ))) (. ))),1,93368,"0,0867492895"
(ROOT (S=H (NP (NNP ) (NNP ) (CC ) (NNP ) (NNPS ) (NNS=H )) (VP=H (VBP=H ) (ADJP (JJ=H ))) (. ))),1,93369,"0,0867502186"
(ROOT (S=H (NP (ADJP (NNP=H ) (NNP ) (: ) (NNP )) (NNS=H )) (VP=H (VBP=H ) (ADJP (JJ=H ))) (. ))),1,93370,"0,0867511477"
(ROOT (S=H (S (NP (NNPS=H )) (VP=H (VBN=H ) (PP (IN=H ) (NP (NNP=H ))))) (NP (DT ) (NNP=H )) (VP=H (VBP=H ) (ADJP (JJ=H ))) (. ))),1,93371,"0,0867520768"
(ROOT (S=H (NP (NP=H (DT ) (NN=H )) (PP (IN=H ) (NP (NNP ) (NNP ) (NN ) (NNS=H )))) (VP=H (VBP=H ) (ADJP (JJ=H ))) (. ))),1,93372,"0,0867530059"
(ROOT (S=H (S (ADVP (RB=H )) (VP=H (VBN=H ) (PP (IN=H ) (NP (NNP=H ))))) (NP (NP=H (DT ) (NN=H )) (PRN (-LRB- ) (NP=H (NN=H )) (-RRB- ))) (VP=H (VBP=H ) (ADJP (JJ=H ))) (. ))),1,93373,"0,086753935"
(ROOT (S=H (S (NP (NNP ) (NNS=H )) (VP=H (VBN=H ) (PP (IN=H ) (NP (NNP=H ))))) (NP (DT ) (JJ ) (-LRB- ) (NN=H ) (-RRB- )) (VP=H (VBP=H ) (ADJP (JJ=H ))) (. ))),1,93374,"0,0867548641"
(ROOT (S=H (SBAR (IN=H ) (S (NP (PRP=H )) (VP=H (VBZ=H )))) (NP (NNS=H )) (VP=H (VBP=H ) (ADJP (JJ=H ))) (. ))),1,93375,"0,0867557932"
(ROOT (S=H (NP-TMP (NNP=H )) (NP (NP=H (DT ) (NN=H )) (PRN (-LRB- ) (NP=H (NN=H )) (-RRB- ))) (VP=H (VBP=H ) (ADJP (JJ=H ))) (. ))),1,93376,"0,0867567224"
"(ROOT (S=H (S (NP (NNS=H )) (VP=H (VBN=H ) (PP (IN=H ) (NP (DT ) (NNPS=H ))))) (, ) (NP (NNP=H )) (VP=H (VBP=H ) (ADJP (JJ=H ))) (. )))",1,93377,"0,0867576515"
(ROOT (S=H (NP (NP=H (NNP ) (NNP=H )) (PP (IN=H ) (NP (NNP ) (NNPS ) (CC ) (NNP ) (NNP=H )))) (VP=H (VBP=H ) (ADJP (JJ=H ))) (. ))),1,93378,"0,0867585806"
(ROOT (S=H (S (NP (NN=H )) (VP=H (VBZ=H ) (PP (IN=H ) (NP (DT ) (NNP ) (NNPS=H ))))) (NP (JJ ) (NNS=H )) (VP=H (VBP=H ) (ADJP (JJ=H ))) (. ))),1,93379,"0,0867595097"
(ROOT (S=H (NP (ADJP (RB ) (JJ=H ) (PP (IN=H ) (NP (DT ) (NNP ) (NNPS=H )))) (JJ ) (NNS=H )) (VP=H (VBP=H ) (ADJP (JJ=H ))) (. ))),1,93380,"0,0867604388"
(ROOT (S=H (S (NP (NNP ) (NNS=H )) (VP=H (VBN=H ) (PP (IN=H ) (NP (NNP=H ))))) (NP (DT ) (NNP=H )) (VP=H (VBP=H ) (ADJP (JJ=H ))) (. ))),1,93381,"0,0867613679"
(ROOT (S=H (NP (NN=H )) (VP=H (VBZ=H ) (SBAR (S=H (NP (JJ ) (NNS=H )) (VP=H (VBP=H ) (ADJP (JJ=H )))))) (. ))),1,93382,"0,086762297"
(ROOT (S=H (NP (NNP=H )) (VP=H (VBD=H ) (SBAR (IN=H ) (S (NP (JJ ) (NNS=H )) (VP=H (VBP=H ) (ADJP (JJ=H )))))) (. ))),1,93383,"0,0867632261"
(ROOT (S=H (NP (NP (JJ ) (NNS ) (NNS ) (POS=H )) (JJ ) (NNS=H )) (VP=H (VBP=H ) (ADJP (JJ=H ))) (. ))),1,93384,"0,0867641552"
(ROOT (S=H (NP (NP=H (NNP=H )) (PP (TO=H ) (NP (NNP ) (NNP ) (NNPS ) (NNP=H )))) (VP=H (VBP=H ) (ADJP (JJ=H ))) (. ))),1,93385,"0,0867650844"
(ROOT (S=H (S (NP (NNP=H )) (VP=H (VBN=H ) (PP (IN=H ) (NP (NNP=H ))))) (NP (DT ) (NNP ) (NNP=H )) (VP=H (VBP=H ) (ADJP (JJ=H ))) (. ))),1,93386,"0,0867660135"
(ROOT (S=H (NP (NP=H (NNP ) (NNP ) (. ) (NNP=H )) (NP (JJ ) (NNS=H ))) (VP=H (VBP=H ) (ADJP (JJ=H ))) (. ))),1,93387,"0,0867669426"
(ROOT (S=H (NP (NP=H (JJ ) (NN=H )) (PP (IN=H ) (NP (NP=H (NNP ) (NNP=H )) (CC ) (NP (JJ ) (NN ) (NNS=H ))))) (VP=H (VBP=H ) (ADJP (JJ=H ))) (. ))),1,93388,"0,0867678717"
(ROOT (S=H (NP (NNP ) (NNP ) (CC ) (NNP ) (NNP=H )) (ADVP (RB=H )) (VP=H (VBP=H ) (ADJP (JJ=H ))) (. ))),1,93389,"0,0867688008"
(ROOT (S=H (NP (NP=H (NP=H (NN=H )) (PRN (-LRB- ) (NP=H (NNP=H )) (-RRB- ))) (PP (IN=H ) (NP (JJ ) (NNS=H )))) (VP=H (VBP=H ) (ADJP (JJ=H ))) (. ))),1,93390,"0,0867697299"
(ROOT (S=H (NP (NP=H (NN=H ) (CC ) (NN )) (PP (IN=H ) (NP (NNS=H )))) (VP=H (VBP=H ) (ADJP (JJ=H ))) (. ))),1,93391,"0,086770659"
(ROOT (S=H (NP (NP=H (NP=H (NNP ) (NNP=H )) (PP (IN=H ) (NP (JJ ) (NNS=H )))) (PRN (-LRB- ) (ADJP=H (JJ=H )) (-RRB- ))) (VP=H (VBP=H ) (ADJP (JJ=H ))) (. ))),1,93392,"0,0867715881"
(ROOT (S=H (NP (NP=H (NNP ) (NNP=H )) (PP (IN=H ) (NP (NNP ) (NNP ) (PRN (-LRB- ) (NP=H (NNP=H )) (-RRB- )) (NNS=H )))) (VP=H (VBP=H ) (ADJP (JJ=H ))) (. ))),1,93393,"0,0867725173"
"(ROOT (S=H (S (NP=H (NP=H (NNP=H )) (PP (IN=H ) (NP (NNP ) (CC ) (NNP ) (NNPS=H ))))) (, ) (NP (NNP ) (NNS=H )) (VP=H (VBP=H ) (ADJP (JJ=H ))) (. )))",1,93394,"0,0867734464"
(ROOT (S=H (NP (NP=H (NNP ) (NNP=H )) (PP (IN=H ) (NP (NP=H (JJ ) (JJ ) (NNS=H )) (PP (IN=H ) (NP (NNP ) (NNP=H )))))) (VP=H (VBP=H ) (ADJP (JJ=H ))) (. ))),1,93395,"0,0867743755"
(ROOT (S=H (NP (NNP ) (FW ) (NNP=H )) (VP=H (VBP=H ) (SBAR (S=H (NP (NNP ) (NNPS=H )) (VP=H (VBP=H ) (ADJP (JJ=H )))))) (. ))),1,93396,"0,0867753046"
(ROOT (S=H (NP (NP=H (NNP=H )) (SBAR (S=H (NP (JJ ) (NN ) (NNS=H )) (VP=H (VBD=H ) (PP (IN=H ) (NP (NNP ) (NNP ) (NNP=H ))))))) (VP=H (VBP=H ) (ADJP (JJ=H ))) (. ))),1,93397,"0,0867762337"
(ROOT (S=H (NP (NP (DT ) (NN=H )) (PRN (-LRB- ) (NP=H (NNP=H )) (-RRB- )) (NNS=H )) (VP=H (VBP=H ) (ADJP (JJ=H ))) (. ))),1,93398,"0,0867771628"
(ROOT (S=H (NP (NP (NNP ) (NNP ) (NNPS ) (NNP ) (POS=H )) (JJ ) (NNS=H )) (VP=H (VBP=H ) (ADJP (JJ=H ))) (. ))),1,93399,"0,0867780919"
(ROOT (S=H (NP (CD ) (NNP ) (NNP ) (NN ) (VBG ) (NN=H )) (VP=H (VBZ=H ) (SBAR (S=H (NP (NNS=H )) (VP=H (VBP=H ) (ADJP (JJ=H )))))) (. ))),1,93400,"0,086779021"
(ROOT (S=H (NP (NP=H (NNP=H )) (VP (VBG=H ) (NP (NP=H (NN ) (JJ ) (NN=H )) (PP (IN=H ) (NP (JJ ) (NNS=H )))))) (VP=H (VBP=H ) (ADJP (JJ=H ))) (. ))),1,93401,"0,0867799501"
(ROOT (S=H (PP (IN=H ) (NP (NNP=H ) (CC ) (NNP ))) (PRN (-LRB- ) (VP=H (VB=H )) (-RRB- )) (NP (NNS=H )) (VP=H (VBP=H ) (ADJP (JJ=H ))) (. ))),1,93402,"0,0867808793"
"(ROOT (S=H (S (NP (NNP ) (NNS=H )) (VP=H (VBN=H ) (PP (IN=H ) (NP (NNP=H ))))) (, ) (NP (NNP ) (NNP ) (NNP=H )) (VP=H (VBP=H ) (ADJP (JJ=H ))) (. )))",1,93403,"0,0867818084"
(ROOT (S=H (NP (NP=H (NNP ) (JJ ) (NNS ) (NNS=H )) (PRN (-LRB- ) (NP=H (JJ ) (NN ) (NN=H )) (-RRB- ))) (VP=H (VBP=H ) (ADJP (JJ=H ))) (. ))),1,93404,"0,0867827375"
(ROOT (S=H (NP (NP=H (NP=H (NNP ) (JJ ) (NNS ) (NNS=H )) (PRN (-LRB- ) (NP=H (JJ ) (NN ) (NN=H )) (-RRB- ))) (ADJP (JJ ) (JJ=H ))) (VP=H (VBP=H ) (ADJP (JJ=H ))) (. ))),1,93405,"0,0867836666"
"(ROOT (S=H (S (NP (NNP ) (NNS=H )) (VP=H (VBN=H ) (PP (IN=H ) (NP (NP=H (NNP ) (NNP ) (POS=H )) (NP (NP=H (CD=H )) (, ) (NP (NNP ) (NNPS ) (NNP=H ))))))) (, ) (NP (NNP=H ) (CD )) (VP=H (VBP=H ) (ADJP (JJ=H ))) (. )))",1,93406,"0,0867845957"
(ROOT (S=H (NP (NNP=H )) (VP=H (VBD=H ) (SBAR (S=H (NP (NP=H (NNS=H )) (VP (VBG=H ) (NP (JJ ) (NN=H )))) (VP=H (VBP=H ) (ADJP (JJ=H )))))) (. ))),1,93407,"0,0867855248"
(ROOT (S=H (NP (NP=H (NNP ) (NNP ) (NNS ) (NN=H )) (PP (IN=H ) (NP (NNS=H )))) (VP=H (VBP=H ) (ADJP (JJ=H ))) (. ))),1,93408,"0,0867864539"
(ROOT (S=H (NP (NP=H (NNP=H )) (PP (IN=H ) (NP (NP=H (NNP ) (NNP ) (NNP ) (NNP=H )) (PP (IN=H ) (NP (ADJP (NNP=H ) (NNP )) (NNS=H )))))) (VP=H (VBP=H ) (ADJP (JJ=H ))) (. ))),1,93409,"0,086787383"
(ROOT (S=H (NP (NP=H (NNP ) (NNP ) (NNP=H )) (PRN (-LRB- ) (NP=H (NNP ) (NNPS=H )) (-RRB- ))) (VP=H (VBD=H ) (SBAR (S=H (NP (JJ ) (NNS=H )) (VP=H (VBP=H ) (ADJP (JJ=H )))))) (. ))),1,93410,"0,0867883121"
(ROOT (S=H (NP (NP=H (NNP=H )) (SBAR (WHNP=H (WDT=H )) (S (VP=H (VBP=H ) (NP (JJ ) (NNS=H )))))) (VP=H (VBP=H ) (ADJP (JJ=H ))) (. ))),1,93411,"0,0867892413"
(ROOT (S=H (NP (NP=H (NNP=H )) (PP (IN=H ) (NP (JJ ) (NN=H )))) (VP=H (VBD=H ) (SBAR (S=H (NP (NNS=H )) (VP=H (VBP=H ) (ADJP (JJ=H )))))) (. ))),1,93412,"0,0867901704"
(ROOT (NP=H (NP=H (NNP=H )) (PP (IN=H ) (NP (NP=H (NNP=H )) (SBAR (WHNP=H (WP=H )) (S (VP=H (VBP=H ) (ADJP (JJ=H ))))))) (. ))),1,93413,"0,0867910995"
"(ROOT (S=H (PP (IN=H ) (NP (NN=H ))) (, ) (NP (NNS=H )) (VP=H (VBP=H ) (ADJP (JJ=H ))) (. )))",1,93414,"0,0867920286"
(ROOT (S=H (NP (NP=H (NNP ) (FW ) (FW ) (NNP=H )) (PP (IN=H ) (NP (NN ) (NNS=H )))) (VP=H (VBP=H ) (ADJP (JJ=H ))) (. ))),1,93415,"0,0867929577"
(ROOT (S=H (NP (NP=H (DT ) (NN=H )) (NP (CD ) (NNS=H ))) (VP=H (VBP=H ) (ADJP (JJ=H ))) (. ))),1,93416,"0,0867938868"
(ROOT (S=H (NP (NP=H (NNP=H )) (PP (IN=H ) (NP (NP=H (NNP ) (NNP ) (NNP ) (NNP=H )) (PP (IN=H ) (NP (NNP ) (NNS=H )))))) (VP=H (VBP=H ) (ADJP (JJ=H ))) (. ))),1,93417,"0,0867948159"
(ROOT (S=H (IN ) (NP (PRP=H )) (VP=H (VBP=H ) (SBAR (S=H (NP (PRP=H )) (VP=H (MD=H ) (VP (VB=H ) (SBAR (S=H (NP (JJ ) (NNS=H )) (VP=H (VBP=H ) (ADJP (JJ=H )))))))))) (. ))),1,93418,"0,086795745"
(ROOT (S=H (NP (NNP ) (NNP ) (NNP=H )) (VP=H (VBD=H ) (SBAR (S=H (NP (NN ) (CC ) (NN ) (NNS=H )) (VP=H (VBP=H ) (ADJP (JJ=H )))))) (. ))),1,93419,"0,0867966742"
"(ROOT (S=H (NP (NP=H (NNP=H )) (PP (IN=H ) (NP (NNPS ) (, ) (NNP ) (CC ) (NNP ) (NNPS=H )))) (VP=H (VBP=H ) (ADJP (JJ=H ))) (. )))",1,93420,"0,0867976033"
(ROOT (S=H (NP (NP=H (NP=H (NNP=H )) (PP (IN=H ) (NP (NNP ) (NNPS=H ) (CC ) (NNP )))) (PRN (-LRB- ) (NP=H (NNP=H )) (-RRB- ))) (VP=H (VBP=H ) (ADJP (JJ=H ))) (. ))),1,93421,"0,0867985324"
(ROOT (S=H (NP (NP=H (NN=H ) (CC ) (NN )) (PP (IN=H ) (NP (NNP ) (NNP ) (CC ) (DT ) (NNPS=H )))) (VP=H (VBP=H ) (ADJP (JJ=H ))) (. ))),1,93422,"0,0867994615"
(ROOT (S=H (NP (NNP ) (NNPS ) (NNP ) (NNP ) (NNS=H )) (VP=H (VBD=H ) (SBAR (S=H (NP (NNS=H )) (VP=H (VBP=H ) (ADJP (JJ=H )))))) (. ))),1,93423,"0,0868003906"
(ROOT (S=H (NP (NP=H (NNP ) (NNP=H )) (CC ) (NP (NP=H (NNP ) (NNPS=H )) (PP (IN=H ) (NP (NNP=H ))))) (VP=H (VBP=H ) (ADJP (JJ=H ))) (. ))),1,93424,"0,0868013197"
(ROOT (S=H (NP (NP=H (NNP=H )) (PP (IN=H ) (NP (JJ ) (VBN ) (NNS=H ) (CC ) (NNS )))) (VP=H (VBP=H ) (ADJP (JJ=H ))) (. ))),1,93425,"0,0868022488"
(ROOT (S=H (NP (NNP ) (NNP ) (NNP ) (ADJP (NP (CD ) (NNS=H )) (JJ=H )) (NNS=H )) (VP=H (VBP=H ) (ADJP (JJ=H ))) (. ))),1,93426,"0,0868031779"
(ROOT (S=H (NP (NP=H (NP=H (NNP ) (NNPS ) (JJ ) (NNS=H )) (NP (NNS=H ))) (VP (VBG=H ) (NP (NN=H )))) (VP=H (VBP=H ) (ADJP (JJ=H ))) (. ))),1,93427,"0,086804107"
(ROOT (S=H (NP (NP=H (NNP ) (NNPS ) (JJ ) (NNS=H )) (PP (IN=H ) (NP (NNPS=H )))) (VP=H (VBP=H ) (ADJP (JJ=H ))) (. ))),1,93428,"0,0868050362"
(ROOT (S=H (NP (NP (NNS=H )) (PRN (-LRB- ) (ADJP=H (NN=H )) (-RRB- )) (NNS=H )) (VP=H (VBP=H ) (ADJP (JJ=H ))) (. ))),1,93429,"0,0868059653"
(ROOT (S=H (NP (NP=H (NN=H ) (CC ) (NNS )) (PP (IN=H ) (NP (NNP ) (NNP=H )))) (VP=H (VBP=H ) (ADJP (JJ=H ))) (. ))),1,93430,"0,0868068944"
"(ROOT (S=H (S (VP=H (VB=H ) (NP (VBG ) (NNS=H )) (PP (VBN=H ) (PP (IN=H ) (NP (NNP ) (NNP=H )))))) (, ) (NP (NNP=H )) (VP=H (VBP=H ) (ADJP (JJ=H ))) (. )))",1,93431,"0,0868078235"
(ROOT (S=H (NP (NNP ) (NNP ) (NNP ) (. ) (NNPS ) (NNP=H )) (VP=H (VBP=H ) (ADJP (JJ=H ))) (. ))),1,93432,"0,0868087526"
(ROOT (S=H (NP (NP=H (NNP=H )) (PP (IN=H ) (NP (NP=H (NNP ) (NNP=H )) (VP (VBG=H ) (NP (NNS=H )))))) (VP=H (VBP=H ) (ADJP (JJ=H ))) (. ))),1,93433,"0,0868096817"
(ROOT (S=H (NP (NP=H (NNP=H )) (PP (VBN=H ) (PP (IN=H ) (NP (NP=H (DT ) (NNS=H )) (CC ) (NP (DT ) (NNP=H )))))) (VP=H (VBP=H ) (ADJP (JJ=H ))) (. ))),1,93434,"0,0868106108"
(ROOT (S=H (NP (NP=H (NNP=H )) (PP (VBN=H ) (PP (IN=H ) (NP (NP=H (DT ) (NNP=H )) (PP (IN=H ) (NP (DT ) (NNP ) (NNPS=H ))))))) (VP=H (VBP=H ) (ADJP (JJ=H ))) (. ))),1,93435,"0,0868115399"
(ROOT (S=H (NP (NP=H (NNP=H )) (PP (VBN=H ) (PP (IN=H ) (NP (NP=H (DT ) (NN=H )) (PP (IN=H ) (NP (DT ) (NNP ) (NNPS=H ))))))) (VP=H (VBP=H ) (ADJP (JJ=H ))) (. ))),1,93436,"0,086812469"
"(ROOT (S=H (S (NP (NNP=H )) (VP=H (VBN=H ) (PP (IN=H ) (NP (DT ) (NN=H ))))) (, ) (NP (NNP ) (NNP=H )) (VP=H (VBP=H ) (ADJP (JJ=H ))) (. )))",1,93437,"0,0868133982"
(ROOT (S=H (NP (NNP=H )) (VP=H (VBP=H ) (SBAR (S=H (NP (NP=H (NNS=H )) (PP (IN=H ) (NP (NNP=H )))) (VP=H (VBP=H ) (ADJP (JJ=H )))))) (. ))),1,93438,"0,0868143273"
(ROOT (S=H (NP (NP=H (NNP=H )) (PP (IN=H ) (NP (JJ ) (NNS=H ) (CC ) (NN )))) (VP=H (VBP=H ) (ADJP (JJ=H ))) (. ))),1,93439,"0,0868152564"
"(ROOT (S=H (PP (ADVP (RB=H )) (IN=H ) (NP (NNP=H ))) (, ) (NP (NNP ) (NNP ) (NNS=H )) (VP=H (VBP=H ) (ADJP (JJ=H ))) (. )))",1,93440,"0,0868161855"
(ROOT (S=H (NP (NNP ) (NNP=H )) (VP=H (VBD=H ) (SBAR (S=H (NP (NP=H (NNS ) (NNS=H )) (PP (IN=H ) (NP (DT ) (NNP ) (NNP ) (NNP=H )))) (VP=H (VBP=H ) (ADJP (JJ=H )))))) (. ))),1,93441,"0,0868171146"
(ROOT (S=H (NP (NP=H (JJ ) (ADJP (JJ=H ) (PRT (RP=H ))) (NN=H )) (PRN (-LRB- ) (NP=H (NP=H (NNPS=H )) (PP (IN=H ) (NP (RB ) (JJ ) (NNS=H )))) (-RRB- ))) (VP=H (VBP=H ) (SBAR (S=H (VP=H (VBP=H ) (ADJP (JJ=H )))))) (. ))),1,93442,"0,0868180437"
(ROOT (S=H (NP (NP=H (NP=H (NN=H ) (CC ) (NN )) (PP (IN=H ) (NP (DT ) (NNP ) (NNPS=H )))) (PRN (-LRB- ) (NP=H (NN=H )) (-RRB- ))) (VP=H (VBP=H ) (ADJP (JJ=H ))) (. ))),1,93443,"0,0868189728"
(ROOT (S=H (NP (NP=H (NP (CD ) (NNS ) (POS=H )) (NN=H )) (PP (IN=H ) (NP (NN=H )))) (VP=H (VBP=H ) (ADJP (JJ=H ))) (. ))),1,93444,"0,0868199019"
(ROOT (S=H (NP (NP=H (NNP ) (NNPS ) (NNP=H )) (PP (IN=H ) (NP (NP=H (NNP=H )) (PP (IN=H ) (NP (NNP ) (NNP ) (NNS=H )))))) (VP=H (VBP=H ) (ADJP (JJ=H ))) (. ))),1,93445,"0,0868208311"
(ROOT (S=H (NP (NP=H (NNP=H )) (VP (VBG=H ) (NP (JJ ) (NNS=H )) (PP (IN=H ) (NP (JJ ) (NNS=H ))))) (VP=H (VBP=H ) (ADJP (JJ=H ))) (. ))),1,93446,"0,0868217602"
(ROOT (NP=H (NP=H (NNP=H )) (: ) (NP (NP=H (NP (NNP ) (NNP ) (POS=H )) (NNP ) (NN=H )) (SBAR (S=H (NP (JJ ) (NNS=H )) (VP=H (VBP=H ) (ADJP (JJ=H )))))) (. ))),1,93447,"0,0868226893"
(ROOT (S=H (NP (NNP=H )) (VP=H (VBD=H ) (SBAR (S=H (NP (NP=H (NNS=H )) (PP (IN=H ) (NP (NP=H (NNS=H )) (PP (IN=H ) (NP (NNP ) (NNPS=H )))))) (VP=H (VBP=H ) (ADJP (JJ=H )))))) (. ))),1,93448,"0,0868236184"
"(ROOT (S=H (NP (NNP ) (NNP=H )) (, ) (ADJP (JJ=H )) (, ) (NP (JJ ) (JJ ) (NNS=H )) (VP=H (VBP=H ) (ADJP (JJ=H ))) (. )))",1,93449,"0,0868245475"
(ROOT (S=H (NP (NP=H (JJ ) (NN=H )) (PP (IN=H ) (NP (NNS=H ) (CC ) (NNS )))) (VP=H (VBP=H ) (ADJP (JJ=H ))) (. ))),1,93450,"0,0868254766"
(ROOT (S=H (NP (DT ) (NAC (NNS=H )) (NN=H )) (VP=H (VBZ=H ) (SBAR (S=H (VP=H (VBP=H ) (ADJP (JJ=H )))))) (. ))),1,93451,"0,0868264057"
"(ROOT (S=H (NP (NP=H (NNP=H )) (PP (IN=H ) (NP (NP=H (NNS=H )) (, ) (NP (NNP=H )) (CC ) (NP (DT ) (NN=H ))))) (VP=H (VBP=H ) (ADJP (JJ=H ))) (. )))",1,93452,"0,0868273348"
(ROOT (S=H (NP (NP=H (NNS ) (CC ) (NN ) (NNS=H )) (PP (IN=H ) (NP (DT ) (NNP ) (NNP ) (NNP ) (NNP=H )))) (VP=H (VBP=H ) (ADJP (JJ=H ))) (. ))),1,93453,"0,0868282639"
"(ROOT (S=H (NP (NP=H (NNP ) (NNP=H )) (PP (IN=H ) (NP (NP=H (NNP ) (NNP=H )) (, ) (NP (NNP ) (NNS=H ))))) (VP=H (VBP=H ) (ADJP (JJ=H ))) (. )))",1,93454,"0,0868291931"
(ROOT (S=H (NP (NP (NNP ) (NNP ) (NNP ) (NNP=H )) (PRN (: ) (FRAG=H (NP (NNP ) (NNP=H )) (NP=H (NN ) (NNS=H )) (. ))) (NNS=H )) (VP=H (VBP=H ) (ADJP (JJ=H ))) (. ))),1,93455,"0,0868301222"
"(ROOT (S=H (S (ADJP=H (VBN=H ) (PP (IN=H ) (NP (NNP ) (NNS=H ))))) (, ) (NP (NNS=H ) (CC ) (NNS )) (VP=H (VBP=H ) (ADJP (JJ=H ))) (. )))",1,93456,"0,0868310513"
(ROOT (S=H (NP (NP (CD ) (NNP=H )) (PRN (-LRB- ) (NP=H (NN=H )) (-RRB- )) (NNS=H )) (VP=H (VBP=H ) (ADJP (JJ=H ))) (. ))),1,93457,"0,0868319804"
(ROOT (S=H (NP (NP (CD ) (NN=H )) (PRN (-LRB- ) (NP=H (NN=H )) (-RRB- )) (NNS=H )) (VP=H (VBP=H ) (ADJP (JJ=H ))) (. ))),1,93458,"0,0868329095"
(ROOT (S=H (NP (NP=H (NNP=H )) (PP (VBN=H ) (PP (IN=H ) (NP (NP=H (DT ) (NNP=H )) (PP (IN=H ) (NP (DT ) (CD ) (NNS=H ))))))) (VP=H (VBP=H ) (ADJP (JJ=H ))) (. ))),1,93459,"0,0868338386"
(ROOT (S=H (NP (NP=H (NNP=H )) (CC ) (NP (NP=H (JJ ) (NNS=H )) (PP (IN=H ) (NP (NNS=H ))))) (VP=H (VBP=H ) (ADJP (JJ=H ))) (. ))),1,93460,"0,0868347677"
"(ROOT (S=H (S (VP=H (VP=H (ADVP (RB=H )) (VBG=H ) (PRT (RP=H ))) (CC ) (VP (JJ=H ) (PP (IN=H ) (NP (NNP=H )))))) (, ) (NP (NNP=H )) (VP=H (VBP=H ) (ADJP (JJ=H ))) (. )))",1,93461,"0,0868356968"
(ROOT (S=H (NP (NP=H (NNP ) (NNP=H )) (PP (IN=H ) (NP (NP=H (DT ) (NNPS=H )) (PP (TO=H ) (NP (DT ) (NNP ) (NNP=H )))))) (VP=H (VBP=H ) (ADJP (JJ=H ))) (. ))),1,93462,"0,0868366259"
(ROOT (S=H (NP (JJ ) (PRN (-LRB- ) (ADJP=H (NN=H )) (-RRB- )) (JJ ) (NNS=H )) (VP=H (VBP=H ) (ADJP (JJ=H ))) (. ))),1,93463,"0,0868375551"
(ROOT (S=H (PP (IN=H ) (NP (NP=H (CD ) (NNS=H )) (PRN (-LRB- ) (NP=H (NN=H )) (-RRB- )))) (NP (NNS=H )) (VP=H (VBP=H ) (ADJP (JJ=H ))) (. ))),1,93464,"0,0868384842"
(ROOT (S=H (NP (NP=H (NNP=H )) (PP (IN=H ) (NP (NP=H (NNP ) (NNP ) (NNS=H )) (VP (VBG=H ) (NP (JJ ) (NNS=H )))))) (VP=H (VBP=H ) (ADJP (JJ=H ))) (. ))),1,93465,"0,0868394133"
(ROOT (S=H (NP (NP=H (NN ) (CC ) (NN ) (NN=H )) (PP (IN=H ) (NP (JJ ) (JJ ) (CC ) (JJ ) (NN ) (NNS=H )))) (VP=H (VBP=H ) (ADJP (JJ=H ))) (. ))),1,93466,"0,0868403424"
(ROOT (S=H (NP (NNP ) (NNP=H )) (VP=H (VBP=H ) (SBAR (S=H (NP (JJ ) (NNP ) (NN ) (NN ) (NNS=H )) (VP=H (VBP=H ) (ADJP (JJ=H )))))) (. ))),1,93467,"0,0868412715"
(ROOT (S=H (NP (NNP=H )) (VP=H (VBD=H ) (SBAR (S=H (NP (NP=H (NNS=H )) (PP (IN=H ) (NP (NP=H (NNS=H )) (PP (IN=H ) (NP (DT ) (NNS ) (NN=H )))))) (VP=H (VBP=H ) (ADJP (JJ=H )))))) (. ))),1,93468,"0,0868422006"
(ROOT (NP=H (NP=H (NNS=H )) (: ) (S (NP (NNP ) (CC ) (NNP ) (NNS=H )) (VP=H (VBP=H ) (ADJP (JJ=H )))) (. ))),1,93469,"0,0868431297"
(ROOT (NP=H (NP=H (NNP ) (NNP=H )) (PRN (-LRB- ) (NP=H (JJ ) (JJ ) (NN=H )) (-RRB- )) (: ) (NP (NP=H (JJ ) (NNS=H )) (SBAR (S=H (VP=H (VBP=H ) (ADJP (JJ=H )))))) (. ))),1,93470,"0,0868440588"
(ROOT (NP=H (NP=H (NNP ) (NNP=H )) (PRN (-LRB- ) (NN=H ) (-RRB- )) (: ) (NP (NP=H (JJ ) (NNS=H )) (SBAR (S=H (VP=H (VBP=H ) (ADJP (JJ=H )))))) (. ))),1,93471,"0,086844988"
(ROOT (S=H (NP (NP=H (NNP=H )) (PP (TO=H ) (NP (JJ ) (PRN (-LRB- ) (NP=H (NNP ) (NNP ) (NNP=H )) (-RRB- )) (NNS=H )))) (VP=H (VBP=H ) (ADJP (JJ=H ))) (. ))),1,93472,"0,0868459171"
(ROOT (S=H (NP (NP=H (NNP=H )) (PP (IN=H ) (NP (NNP ) (CC ) (NNP ) (NNS=H ) (CC ) (NNS )))) (VP=H (VBP=H ) (ADJP (JJ=H ))) (. ))),1,93473,"0,0868468462"
(ROOT (S=H (NP (NP=H (NNP=H )) (VP (VBG=H ) (NP (NP=H (NNS=H )) (PP (IN=H ) (NP (DT ) (NNPS ) (CC ) (NNP ) (NNP=H )))))) (VP=H (VBP=H ) (ADJP (JJ=H ))) (. ))),1,93474,"0,0868477753"
(ROOT (S=H (NP (NP=H (NNP ) (NNP=H )) (CC ) (NP (NP=H (DT ) (NNP ) (NNS=H )) (VP (VBG=H ) (NP (NN=H ))))) (VP=H (VBP=H ) (ADJP (JJ=H ))) (. ))),1,93475,"0,0868487044"
(ROOT (S=H (NP (NP=H (NNP ) (NNP ) (NNP=H )) (VP (VBG=H ) (NP (NN ) (NNS=H )) (PP (IN=H ) (S (VP=H (VBG=H )))))) (VP=H (VBP=H ) (ADJP (JJ=H ))) (. ))),1,93476,"0,0868496335"
(ROOT (S=H (NP (NP=H (NNP ) (NNP=H )) (SBAR (S=H (NP (JJ ) (NN ) (NNS=H )) (VP=H (VBZ=H ))))) (VP=H (VBP=H ) (ADJP (JJ=H ))) (. ))),1,93477,"0,0868505626"
(ROOT (S=H (NP (NP=H (NNP ) (NNP=H )) (PP (IN=H ) (NP (NP=H (NNP ) (NNP ) (NNS=H )) (VP (VBG=H ) (NP (NN=H )))))) (VP=H (VBP=H ) (ADJP (JJ=H ))) (. ))),1,93478,"0,0868514917"
(ROOT (NP=H (NP=H (NNP=H )) (: ) (NP (NP=H (NNP ) (NNPS=H )) (SBAR (S=H (NP (NP=H (NNS=H )) (PP (IN=H ) (NP (JJ ) (NN=H )))) (VP=H (VBP=H ) (ADJP (JJ=H )))))) (. ))),1,93479,"0,0868524208"
(ROOT (S=H (NP (UCP (NP=H (NNP=H )) (CC ) (PP (IN=H ) (NP (DT ) (NN=H )))) (JJ ) (NNS=H )) (VP=H (VBP=H ) (ADJP (JJ=H ))) (. ))),1,93480,"0,08685335"
(ROOT (S=H (NP (NP=H (NP=H (NNP=H )) (PP (IN=H ) (NP (NNP=H )))) (PRN (-LRB- ) (NP=H (NN=H )) (-RRB- ))) (VP=H (VBP=H ) (SBAR (S=H (NP (NNS=H )) (VP=H (VBP=H ) (ADJP (JJ=H )))))) (. ))),1,93481,"0,0868542791"
(ROOT (S=H (NP-TMP (NNP=H )) (NP (NP=H (NNS=H )) (VP (VBN=H ) (PP (IN=H ) (NP (NNP ) (NNP=H ))))) (VP=H (VBP=H ) (ADJP (JJ=H ))) (. ))),1,93482,"0,0868552082"
(ROOT (S=H (NP (NP=H (DT ) (JJ ) (NNP ) (NNPS ) (NN=H )) (VP (VBZ=H ))) (VP=H (VBP=H ) (ADJP (JJ=H ))) (. ))),1,93483,"0,0868561373"
(ROOT (S=H (NP (NNP ) (NNPS ) (NN ) (NNP ) (NNP=H )) (NP (NN ) (NN ) (NNS=H )) (VP=H (VBP=H ) (ADJP (JJ=H ))) (. ))),1,93484,"0,0868570664"
(ROOT (S=H (NP (NP=H (NNP ) (NNP=H )) (PRN (-LRB- ) (NP=H (NNP ) (NNP ) (NNP ) (NNPS=H )) (-RRB- ))) (VP=H (VBP=H ) (ADJP (JJ=H ))) (. ))),1,93485,"0,0868579955"
"(ROOT (S=H (NP (NAC (NNP=H ) (PP (IN=H ) (NP (NNP=H ) (CD ) (, ) (CD )))) (NNS=H )) (VP=H (VBP=H ) (ADJP (JJ=H ))) (. )))",1,93486,"0,0868589246"
(ROOT (S=H (NP (NNP ) (NNP ) (NNP ) (NNP ) (NNPS ) (CC ) (NNP ) (NNP=H )) (VP=H (VBP=H ) (ADJP (JJ=H ))) (. ))),1,93487,"0,0868598537"
(ROOT (S=H (NP (NNP=H )) (VP=H (VBD=H ) (SBAR (S=H (NP (DT ) (NNPS=H )) (VP=H (VBP=H ) (ADJP (JJ=H )))))) (. ))),1,93488,"0,0868607829"
(ROOT (NP=H (NP=H (NP=H (NNP=H )) (PRN (-LRB- ) (NP=H (NN=H )) (-RRB- ))) (NP (NP=H (NNS=H )) (SBAR (WHNP=H (WP=H )) (S (VP=H (VBP=H ) (SBAR (S=H (NP (NN=H )) (VP=H (VBP=H ) (ADJP (JJ=H ))))))))) (. ))),1,93489,"0,086861712"
(ROOT (S=H (NP (NP=H (NNP ) (NNP ) (NNP ) (NNP=H )) (PP (IN=H ) (NP (NP=H (NNP ) (NNPS=H )) (CC ) (NP (NNP ) (NN=H ))))) (VP=H (VBP=H ) (ADJP (JJ=H ))) (. ))),1,93490,"0,0868626411"
(ROOT (S=H (NP (NAC (NNP=H ) (NNP ) (PP (IN=H ) (NP (NNP=H ) (CC ) (NNP )))) (NN=H )) (VP=H (VBP=H ) (ADJP (JJ=H ))) (. ))),1,93491,"0,0868635702"
(ROOT (S=H (NP (NP=H (NP=H (NNP=H )) (PP (IN=H ) (NP (DT ) (NNP ) (NNPS=H )))) (PRN (-LRB- ) (NP=H (NNP=H )) (-RRB- ))) (VP=H (VBP=H ) (ADJP (JJ=H ))) (. ))),1,93492,"0,0868644993"
(ROOT (S=H (NP (NP=H (NNP ) (NNP ) (NNP ) (NNP=H )) (PP (IN=H ) (NP (NNP ) (NNPS=H ) (CC ) (NNP )))) (VP=H (VBP=H ) (ADJP (JJ=H ))) (. ))),1,93493,"0,0868654284"
(ROOT (S=H (NP (NP (NNP ) (NNP ) (NNS=H )) (PRN (-LRB- ) (NP=H (NNP=H )) (-RRB- )) (NNS=H )) (VP=H (VBP=H ) (ADJP (JJ=H ))) (. ))),1,93494,"0,0868663575"
(ROOT (S=H (NP (NP=H (NNP ) (NNP=H )) (PP (IN=H ) (NP (NNP ) (CC ) (NNPS ) (NNP=H )))) (VP=H (VBP=H ) (ADJP (JJ=H ))) (. ))),1,93495,"0,0868672866"
(ROOT (S=H (NP (NP=H (NNP ) (NN=H )) (PP (IN=H ) (NP (NP=H (DT ) (NNP=H )) (PP (IN=H ) (NP (NNP ) (NNS=H )))))) (VP=H (VBP=H ) (ADJP (JJ=H ))) (. ))),1,93496,"0,0868682157"
(ROOT (NP=H (NP=H (NNPS=H )) (: ) (S (NP (JJ ) (NNP ) (NNS=H )) (VP=H (VBP=H ) (ADJP (JJ=H )))) (. ))),1,93497,"0,0868691449"
(ROOT (NP=H (NP=H (CD=H )) (: ) (NP (NP=H (CD ) (NNP ) (NNP ) (NNP=H )) (PRN (-LRB- ) (NP=H (NNP=H )) (-RRB- )) (SBAR (S=H (NP (NN ) (NN ) (NNS=H )) (VP=H (VBP=H ) (ADJP (JJ=H )))))) (. ))),1,93498,"0,086870074"
(ROOT (S=H (NP (NP=H (NNP ) (NN=H )) (PP (IN=H ) (NP (NNP ) (CC ) (NNP ) (NNS=H )))) (VP=H (VBP=H ) (ADJP (JJ=H ))) (. ))),1,93499,"0,0868710031"
(ROOT (S=H (NP (NP (NN ) (NN=H )) (PRN (-LRB- ) (NP=H (NNP=H )) (-RRB- )) (NNS=H )) (VP=H (VBP=H ) (ADJP (JJ=H ))) (. ))),1,93500,"0,0868719322"
(ROOT (S=H (NP (NP (NNP ) (NNP ) (NNP=H )) (PRN (-LRB- ) (NP=H (NN=H ) (CD )) (-RRB- )) (NNS=H )) (VP=H (VBP=H ) (ADJP (JJ=H ))) (. ))),1,93501,"0,0868728613"
(ROOT (FRAG=H (NP (NNP=H )) (: ) (S=H (NP (NP=H (NNP=H )) (PP (IN=H ) (NP (JJ ) (NNS=H )))) (VP=H (VBP=H ) (ADJP (JJ=H )))) (. ))),1,93502,"0,0868737904"
"(ROOT (S=H (S (NP (NNP ) (NN ) (NNS=H )) (VP=H (VBN=H ) (PP (IN=H ) (NP (NNP ) (NNP ) (NNP=H ))))) (, ) (NP (NNP=H )) (VP=H (VBP=H ) (ADJP (JJ=H ))) (. )))",1,93503,"0,0868747195"
(ROOT (S=H (NP (NP=H (NP=H (NN=H )) (PP (IN=H ) (NP (DT ) (NNP ) (NNPS=H )))) (PRN (-LRB- ) (NP=H (NNP=H )) (-RRB- ))) (VP=H (VBP=H ) (ADJP (JJ=H ))) (. ))),1,93504,"0,0868756486"
(ROOT (S=H (NP (NP=H (NNP ) (NNP=H )) (PRN (-LRB- ) (NP=H (NNP=H )) (-RRB- ))) (VP=H (VBD=H ) (SBAR (S=H (NP (NNP ) (NNS=H )) (VP=H (VBP=H ) (ADJP (JJ=H )))))) (. ))),1,93505,"0,0868765777"
(ROOT (S=H (NP (NP=H (NNP ) (NNP=H )) (PRN (-LRB- ) (NP=H (NNP=H )) (-RRB- ))) (VP=H (VBP=H ) (SBAR (S=H (NP (NNS=H )) (VP=H (VBP=H ) (ADJP (JJ=H )))))) (. ))),1,93506,"0,0868775069"
(ROOT (S=H (NP (DT ) (NNP ) (NNP ) (NNP ) (NNPS ) (NNS=H )) (VP=H (VBP=H ) (ADJP (JJ=H ))) (. ))),1,93507,"0,086878436"
(ROOT (S=H (NP (ADJP (JJ=H ) (PP (IN=H ) (NP (NP=H (NNP=H )) (PRN (-LRB- ) (NP=H (NN=H )) (-RRB- ))))) (NNS=H )) (VP=H (VBP=H ) (ADJP (JJ=H ))) (. ))),1,93508,"0,0868793651"
(ROOT (FRAG=H (NP (NNP ) (NNP=H )) (: ) (S=H (NP (-LRB- ) (NN ) (-RRB- ) (NNS=H )) (VP=H (VBP=H ) (ADJP (JJ=H )))) (. ))),1,93509,"0,0868802942"
(ROOT (S=H (NP (NP (PDT ) (DT ) (NNS=H )) (PRN (-LRB- ) (NP=H (NN=H )) (-RRB- )) (NNS=H )) (VP=H (VBP=H ) (ADJP (JJ=H ))) (. ))),1,93510,"0,0868812233"
(ROOT (S=H (CC ) (ADVP (RB=H )) (NP (EX=H )) (VP=H (VBD=H ) (NP (NP=H (NN=H )) (PRN (-LRB- ) (NP=H (NN=H )) (-RRB- )) (SBAR (S=H (NP (NNS=H )) (VP=H (VBP=H ) (ADJP (JJ=H ))))))) (. ))),1,93511,"0,0868821524"
(ROOT (S=H (NP (NP (DT ) (NNP ) (NNP ) (NNP=H )) (PRN (-LRB- ) (NP=H (NN=H )) (-RRB- )) (NNS=H )) (VP=H (VBP=H ) (ADJP (JJ=H ))) (. ))),1,93512,"0,0868830815"
(ROOT (S=H (NP (NP=H (JJ ) (ADJP (JJ=H ) (PRT (RP=H ))) (NN=H )) (PRN (-LRB- ) (NP=H (NP=H (NNP=H )) (VP (VBN=H ) (NP (NNS=H )))) (-RRB- ))) (VP=H (VBP=H ) (SBAR (S=H (VP=H (VBP=H ) (ADJP (JJ=H )))))) (. ))),1,93513,"0,0868840106"
(ROOT (S=H (NP (NP=H (NNP ) (NNP ) (NN=H )) (PP (IN=H ) (NP (DT ) (NNPS=H )))) (VP=H (VBP=H ) (ADJP (JJ=H ))) (. ))),1,93514,"0,0868849398"
(ROOT (S=H (NP (NNP ) (NNP=H )) (VP=H (VBZ=H ) (NP (NP=H (CD=H )) (PRN (-LRB- ) (NP=H (NNP ) (NNP=H )) (-RRB- )) (SBAR (WHNP=H (ADJP=H (JJ=H )) (NNS )) (S (VP=H (VBP=H ) (ADJP (JJ=H ))))))) (. ))),1,93515,"0,0868858689"
"(ROOT (S=H (NP-TMP (NP=H (NNP ) (NNP ) (NNPS ) (NNP=H )) (NP (NN ) (NNS=H ))) (, ) (NP (NN=H )) (VP=H (VBP=H ) (ADJP (JJ=H ))) (. )))",1,93516,"0,086886798"
"(ROOT (S=H (NP (NP=H (NP=H (NNP ) (NNP ) (NNPS ) (NNP=H )) (NP (NN ) (NNS=H ))) (, ) (NP (CD ) (NN=H ))) (VP=H (VBP=H ) (ADJP (JJ=H ))) (. )))",1,93517,"0,0868877271"
"(ROOT (S=H (NP-TMP (NP=H (NNP ) (NNP ) (NNPS ) (NNP=H )) (NP (NN ) (NNS=H ))) (, ) (NP (NN=H ) (CD )) (VP=H (VBP=H ) (ADJP (JJ=H ))) (. )))",1,93518,"0,0868886562"
(ROOT (S=H (NP (NP (NNPS=H )) (PRN (-LRB- ) (NP=H (NN=H )) (-RRB- )) (NNS=H )) (VP=H (VBP=H ) (ADJP (JJ=H ))) (. ))),1,93519,"0,0868895853"
(ROOT (S=H (PP (IN=H ) (NP (PRP=H ))) (NP (NP (NNP ) (NNP=H )) (PRN (-LRB- ) (NP=H (NN=H )) (-RRB- )) (NNS=H )) (VP=H (VBP=H ) (ADJP (JJ=H ))) (. ))),1,93520,"0,0868905144"
(ROOT (S=H (NP (NAC (NNPS=H ) (PP (IN=H ) (NP (NNP ) (NNP=H )))) (NNP ) (NNP=H )) (VP=H (VBP=H ) (ADJP (JJ=H ))) (. ))),1,93521,"0,0868914435"
(ROOT (S=H (NP (NP=H (NNP ) (NNP=H )) (PP (IN=H ) (NP (NP=H (NNP=H )) (CC ) (NP (NNP ) (NNPS ) (NNP=H ))))) (VP=H (VBP=H ) (ADJP (JJ=H ))) (. ))),1,93522,"0,0868923726"
(ROOT (S=H (S=H (VP=H (VBG=H ) ('' ) (NP (NNP=H )))) (: ) (S (NP (NN=H )) (VP=H (VBP=H ) (ADJP (JJ=H )))) (. ))),1,93523,"0,0868933018"
(ROOT (S=H (NP (NN ) (NNP ) (NNP=H ) (NP (JJ ) (NNS=H ))) (VP=H (VBP=H ) (ADJP (JJ=H ))) (. ))),1,93524,"0,0868942309"
(ROOT (S=H (NP (NP (NNP ) (NNP ) (POS=H )) (NNP ) (PRN (-LRB- ) (NNP=H ) (NNP ) (-RRB- )) (NNP=H )) (VP=H (VBP=H ) (ADJP (JJ=H ))) (. ))),1,93525,"0,08689516"
(ROOT (S=H (ADVP (RB=H )) (NP (NP=H (DT ) (NNP ) (NNS ) (NNS=H )) (PRN (-LRB- ) (NP=H (NN=H )) (-RRB- ))) (VP=H (VBP=H ) (ADJP (JJ=H ))) (. ))),1,93526,"0,0868960891"
(ROOT (S=H (NP (NP (JJ ) (NN=H )) (PRN (-LRB- ) (NP=H (NNP ) (NNP=H )) (-RRB- )) (NNS=H )) (VP=H (VBP=H ) (ADJP (JJ=H ))) (. ))),1,93527,"0,0868970182"
(ROOT (S=H (NP (NP=H (NNP ) (NNP=H )) (SBAR (S=H (NP (PRP=H )) (VP=H (VBP=H ) (SBAR (S=H (NP (JJ ) (NN ) (NNS=H )) (VP=H (VBZ=H )))))))) (VP=H (VBP=H ) (ADJP (JJ=H ))) (. ))),1,93528,"0,0868979473"
(ROOT (S=H (NP (NP=H (NNPS ) (NNP ) (NNP=H )) (NP (JJ ) (NNS=H ))) (VP=H (VBP=H ) (ADJP (JJ=H ))) (. ))),1,93529,"0,0868988764"
(ROOT (S=H (NP (NNP=H )) (VP=H (VBD=H ) (SBAR (S=H (NP (NP=H (NNS ) (NNP ) (NNP ) (NNP ) (NNP=H )) (PP (IN=H ) (NP (NNP=H )))) (VP=H (VBP=H ) (ADJP (JJ=H )))))) (. ))),1,93530,"0,0868998055"
(ROOT (S=H (NP (NNP=H )) (VP=H (VBD=H ) (SBAR (S=H (NP (NP=H (NNS ) (NNP ) (NNP ) (NNP ) (NNP=H )) (PP (IN=H ) (NP (NNP=H )))) (VP=H (VBD=H ) (SBAR (S=H (NP (NN=H )) (VP=H (VBP=H ) (ADJP (JJ=H ))))))))) (. ))),1,93531,"0,0869007346"
(ROOT (S=H (NP (NNP=H )) (VP=H (VBD=H ) (SBAR (S=H (NP (NP=H (NNS ) (NNP ) (NNP ) (NNP ) (NNP=H )) (PP (IN=H ) (NP (NNP ) (JJ ) (NN=H )))) (VP=H (VBP=H ) (ADJP (JJ=H )))))) (. ))),1,93532,"0,0869016638"
(ROOT (S=H (NP (NNP ) (NN ) (NN ) (NN=H )) (VP=H (VBP=H ) (SBAR (S=H (NP (NNS=H )) (VP=H (VBP=H ) (ADJP (JJ=H )))))) (. ))),1,93533,"0,0869025929"
(ROOT (S=H (NP (NP=H (NNS ) (NN=H ) (CC ) (NN )) (PP (IN=H ) (NP (NN=H )))) (VP=H (VBP=H ) (ADJP (JJ=H ))) (. ))),1,93534,"0,086903522"
(ROOT (S=H (NP (NNP=H )) (VP=H (VBD=H ) (SBAR (S=H (NP (NP=H (NNS=H )) (PP (IN=H ) (NP (JJ ) (NNP ) (NNS=H )))) (VP=H (VBP=H ) (ADJP (JJ=H )))))) (. ))),1,93535,"0,0869044511"
(ROOT (S=H (NP (NP=H (NNP=H )) (PP (IN=H ) (NP (NP=H (NNP ) (NNPS=H )) (PP (IN=H ) (NP (NP=H (NP (DT ) (NNS ) (POS=H )) (NNP=H )) (PP (IN=H ) (NP (NNP=H )))))))) (VP=H (VBP=H ) (ADJP (JJ=H ))) (. ))),1,93536,"0,0869053802"
(ROOT (S=H (NP (NP=H (NNP ) (NNP ) (NNP=H )) (PRN (-LRB- ) (NP=H (CD=H )) (-RRB- ))) (VP=H (VBP=H ) (SBAR (S=H (NP (NN ) (NNS=H )) (VP=H (VBP=H ) (ADJP (JJ=H )))))) (. ))),1,93537,"0,0869063093"
(ROOT (S=H (S=H (NP (NNP ) (NN=H )) (VP=H (VBZ=H ) (NP (JJ ) (NNS=H )) (PP (IN=H ) (NP (NNS=H ))))) (: ) (S (NP (JJ=H )) (VP=H (VBP=H ) (ADJP (JJ=H )))) (. ))),1,93538,"0,0869072384"
(ROOT (NP=H (NP=H (NNP ) (NNP=H )) (: ) (S (NP (NP=H (NNP=H )) (PP (IN=H ) (NP (NNP ) (NNS=H )))) (VP=H (VBP=H ) (ADJP (JJ=H )))) (. ))),1,93539,"0,0869081675"
(ROOT (S=H (NP (NP=H (NNP ) (NNP ) (NNS ) (NN ) (NNS=H )) (PP (IN=H ) (NP (NNS=H )))) (VP=H (VBP=H ) (ADJP (JJ=H ))) (. ))),1,93540,"0,0869090967"
"(ROOT (S=H (S (NP (NNP=H )) (VP=H (VBD=H ) (S (NP=H (NNS=H )) (NP (DT ) (NNP ) (NNP=H ))))) (, ) (NP (NN=H ) (CD )) (VP=H (VBP=H ) (ADJP (JJ=H ))) (. )))",1,93541,"0,0869100258"
(ROOT (S=H (IN ) (NP (PRP=H )) (VP=H (VBP=H ) (SBAR (S=H (NP (PRP=H )) (VP=H (MD=H ) (VP (VB=H ) (SBAR (S=H (-LRB- ) (NP (NNP ) (NNPS=H )) (-RRB- ) (VP=H (VBP=H ) (ADJP (JJ=H )))))))))) (. ))),1,93542,"0,0869109549"
(ROOT (S=H (NP (NP=H (NP=H (NNP=H )) (PP (IN=H ) (NP (NP=H (DT ) (NNPS=H )) (PP (IN=H ) (NP (NNP=H )))))) (PRN (-LRB- ) (NP=H (NNP ) (NNP ) (NNP=H )) (-RRB- ))) (VP=H (VBP=H ) (ADJP (JJ=H ))) (. ))),1,93543,"0,086911884"
(ROOT (S=H (NP (NP=H (NNP ) (NNP ) (NNP ) (NNS ) (NNS=H )) (PRN (-LRB- ) (NP=H (NN=H )) (-RRB- ))) (VP=H (VBP=H ) (ADJP (JJ=H ))) (. ))),1,93544,"0,0869128131"
"(ROOT (S=H (S (NP (NNP=H )) (VP=H (VBN=H ) (PP (IN=H ) (NP (NNP ) (, ) (NNP=H ))))) (, ) (NP (NNS=H )) (VP=H (VBP=H ) (ADJP (JJ=H ))) (. )))",1,93545,"0,0869137422"
(ROOT (S=H (NP (NP (JJ ) (NNS ) (POS=H )) (NNP ) (NNP ) (NNP=H )) (VP=H (VBP=H ) (ADJP (JJ=H ))) (. ))),1,93546,"0,0869146713"
(ROOT (S=H (NP (NP=H (NNP=H )) (PP (VBN=H ) (PP (IN=H ) (NP (NP=H (DT ) (NN=H )) (PP (IN=H ) (NP (DT ) (NNPS=H ))))))) (VP=H (VBP=H ) (ADJP (JJ=H ))) (. ))),1,93547,"0,0869156004"
(ROOT (S=H (NP (NNP=H )) (VP=H (VBD=H ) (NP (NP=H (NNS=H )) (SBAR (S=H (NP (NP=H (DT ) (NN=H )) (PRN (-LRB- ) (NP=H (NNP=H ) (QP (CD=H ) (CD ))) (-RRB- ))) (VP=H (VBP=H ) (ADJP (JJ=H ))))))) (. ))),1,93548,"0,0869165295"
(ROOT (S=H (NP (NP=H (NNP=H )) (PP (IN=H ) (NP (NP=H (DT ) (NNP=H )) (PP (IN=H ) (NP (NP=H (NNP ) (NNP=H )) (PP (IN=H ) (NP (NN ) (NNS=H )))))))) (VP=H (VBP=H ) (ADJP (JJ=H ))) (. ))),1,93549,"0,0869174587"
"(ROOT (S=H (S (VP=H (VBG=H ) (PP (IN=H ) (NP (JJ ) (NNS=H ))))) (, ) (NP (NNP=H )) (VP=H (VBP=H ) (ADJP (JJ=H ))) (. )))",1,93550,"0,0869183878"
(ROOT (S=H (NP (NNP=H )) (VP=H (VB=H ) (SBAR (S=H (NP (JJ ) (NN ) (NN ) (NNS=H )) (VP=H (VBP=H ) (ADJP (JJ=H )))))) (. ))),1,93551,"0,0869193169"
(ROOT (S=H (NP (NP=H (NNP ) (NN=H )) (PP (IN=H ) (NP (NN=H )))) (VP=H (VBD=H ) (SBAR (S=H (NP (NNS=H )) (VP=H (VBP=H ) (ADJP (JJ=H )))))) (. ))),1,93552,"0,086920246"
(ROOT (S=H (NP (NP (NNPS ) (POS=H )) (NNP ) (NNP ) (NNP ) (NNP=H )) (VP=H (VBP=H ) (ADJP (JJ=H ))) (. ))),1,93553,"0,0869211751"
(ROOT (S=H (NP (NP=H (NP (NNS ) (POS=H )) (NNP=H )) (PP (IN=H ) (NP (NP=H (NNP ) (NNS=H )) (PP (IN=H ) (NP (NNP ) (NNP=H )))))) (VP=H (VBP=H ) (ADJP (JJ=H ))) (. ))),1,93554,"0,0869221042"
(ROOT (S=H (NP (NP=H (NN=H )) (CC ) (NP (DT ) (NNP ) (NN ) (NNS=H ))) (VP=H (VBP=H ) (ADJP (JJ=H ))) (. ))),1,93555,"0,0869230333"
(ROOT (S=H (NP (NP=H (NNP ) (NNP=H )) (PP (IN=H ) (NP (NP=H (DT ) (NNPS=H )) (PP (TO=H ) (NP (NNP ) (NNP=H )))))) (VP=H (VBP=H ) (ADJP (JJ=H ))) (. ))),1,93556,"0,0869239624"
(ROOT (S=H (NP (NP (NNS ) (POS=H )) (NNP ) (NNP ) (ADJP (RB ) (JJ=H )) (NNS=H )) (VP=H (VBP=H ) (ADJP (JJ=H ))) (. ))),1,93557,"0,0869248915"
(ROOT (S=H (NP (NP=H (NNP=H )) (PP (VBN=H ) (PP (IN=H ) (NP (DT ) (NNP ) (NNS=H ))))) (VP=H (VBP=H ) (ADJP (JJ=H ))) (. ))),1,93558,"0,0869258207"
(ROOT (S=H (NP (NP (NNP ) (NNP=H )) (PRN (-LRB- ) (INTJ=H (UH=H ) (UH )) (-RRB- )) (NNS=H )) (VP=H (VBP=H ) (ADJP (JJ=H ))) (. ))),1,93559,"0,0869267498"
(ROOT (S=H (NP (NP=H (NNP=H )) (PP (IN=H ) (NP (NP=H (DT ) (NNPS=H )) (PP (IN=H ) (NP (NNP ) (NNP=H )))))) (VP=H (VBP=H ) (ADJP (JJ=H ))) (. ))),1,93560,"0,0869276789"
(ROOT (S=H (NP (NNP=H )) (VP=H (VBD=H ) (SBAR (S=H (NP (NNS=H )) (VP=H (VBD=H ) (SBAR (S=H (NP (JJ ) (NN=H )) (VP=H (VBP=H ) (ADJP (JJ=H ))))))))) (. ))),1,93561,"0,086928608"
(ROOT (S=H (NP (NP=H (NNP ) (NNP=H )) (PP (IN=H ) (NP (NP=H (DT ) (NNP ) (NNP ) (NNPS=H )) (PP (TO=H ) (NP (NNP=H )))))) (VP=H (VBP=H ) (ADJP (JJ=H ))) (. ))),1,93562,"0,0869295371"
(ROOT (S=H (NP (NP=H (NNP=H )) (PP (IN=H ) (NP (NP=H (NNS=H )) (PP (IN=H ) (NP (NP=H (NNP ) (NNP=H )) (PP (IN=H ) (NP (NN=H )))))))) (VP=H (VBP=H ) (ADJP (JJ=H ))) (. ))),1,93563,"0,0869304662"
(ROOT (S=H (S=H (NP (NNP=H )) (VP=H (VBD=H ) (NP (NNS=H )) (NP-TMP (CD=H )))) (: ) (S (NP (NP=H (CD ) (NNP ) (NNP ) (NN ) (NN=H )) (ADJP (JJ ) (JJ=H ))) (VP=H (VBP=H ) (ADJP (JJ=H )))) (. ))),1,93564,"0,0869313953"
(ROOT (S=H (S=H (NP (NNP=H )) (VP=H (VBD=H ) (NP (NNS=H )) (NP-TMP (CD=H )))) (: ) (S (NP (CD ) (NNP ) (NNP ) (NN ) (NN=H )) (VP=H (VBD=H ) (SBAR (S=H (NP (NN=H )) (VP=H (VBP=H ) (ADJP (JJ=H ))))))) (. ))),1,93565,"0,0869323244"
"(ROOT (S=H (NP (NP=H (CD ) (NN=H )) (, ) (FRAG (NP=H (NP=H (NN=H )) (, ) (NP (NNS=H )) (, ) (NP (NN=H ))) (. ))) (VP=H (VBP=H ) (ADJP (JJ=H ))) (. )))",1,93566,"0,0869332536"
(ROOT (S=H (NP (DT ) (NNS ) (NN ) (NNS=H )) (VP=H (VBP=H ) (ADJP (JJ=H ))) (. ))),1,93567,"0,0869341827"
"(ROOT (NP=H (NP=H (NNP ) (NNP=H )) (: ) (S (NP (NNP ) (NNP ) (, ) (NNP=H ) (CC ) (NNP )) (VP=H (VBP=H ) (ADJP (JJ=H )))) (. )))",1,93568,"0,0869351118"
(ROOT (S=H (NP (PRP=H )) (VP=H (VBP=H ) (VP (VBG=H ) (NP (NP=H (JJ ) (NN=H )) (SBAR (S=H (VP=H (VBP=H ) (ADJP (JJ=H )))))))) (. ))),1,93569,"0,0869360409"
(ROOT (S=H (NP (NP=H (NNP ) (NNPS ) (NNP ) (NNP ) (NNS=H )) (PP (IN=H ) (NP (JJ ) (NN ) (NN ) (NNS=H )))) (VP=H (VBP=H ) (ADJP (JJ=H ))) (. ))),1,93570,"0,08693697"
"(ROOT (S=H (NP (NP=H (NNP=H )) (, ) (NP (NNS=H )) (, ) (NP (NNS=H )) (, ) (NP (NNS=H ))) (VP=H (VBP=H ) (ADJP (JJ=H ))) (. )))",1,93571,"0,0869378991"
(ROOT (S=H (NP (NP=H (NNP ) (NNP=H )) (PP (IN=H ) (NP (NP=H (DT ) (NNP ) (NNP=H )) (PP (TO=H ) (NP (DT ) (NNP ) (NNPS=H )))))) (VP=H (VBP=H ) (ADJP (JJ=H ))) (. ))),1,93572,"0,0869388282"
"(ROOT (S=H (NP (NNP=H )) (VP=H (VBD=H ) (SBAR (S=H (NP (NN=H ) (S (VP=H (TO=H ) (VP (VB=H ) (NP (NP=H (DT ) (JJ ) (NN=H )) (FRAG (SBAR=H (WHNP=H (WDT=H )) (S (VP=H (MD=H ) (VP (VB=H ) (NP (DT ) (NN=H )) (PRT (RP=H )) (PP (IN=H ) (NP (NP=H (NNS=H )) (PRN (-LRB- ) (NP=H (NNP=H ) (CC ) (NNP )) (, ) (NP (CD=H )) (-RRB- )))))))) (. ))))))) (VP=H (VBP=H ) (ADJP (JJ=H )))))) (. )))",1,93573,"0,0869397573"
(ROOT (S=H (NP (NP=H (NNP ) (NN=H )) (PP (IN=H ) (NP (NP=H (DT ) (NNP ) (NNPS=H )) (PP (IN=H ) (NP (NN=H ) (CC ) (NN )))))) (VP=H (VBP=H ) (ADJP (JJ=H ))) (. ))),1,93574,"0,0869406864"
(ROOT (NP=H (NP=H (JJ ) (NN=H )) (: ) (S (NP (NNP=H )) (VP=H (VBP=H ) (ADJP (JJ=H )))) (. ))),1,93575,"0,0869416156"
(ROOT (S=H (NP (NNP ) (JJ ) (NN=H )) (VP=H (VBP=H ) (SBAR (S=H (NP (NN ) (NNS=H )) (VP=H (VBP=H ) (ADJP (JJ=H )))))) (. ))),1,93576,"0,0869425447"
"(ROOT (S=H (NP (NP=H (NNP=H )) (PP (IN=H ) (NP (NP=H (NNP=H )) (, ) (NP (NP=H (NNP ) (NNP=H )) (PP (IN=H ) (NP (NNS ) (CC ) (NN ) (NN=H ))))))) (VP=H (VBP=H ) (ADJP (JJ=H ))) (. )))",1,93577,"0,0869434738"
(ROOT (S=H (NP (NP=H (NNP ) (NNPS ) (JJ ) (NNS=H )) (PP (IN=H ) (NP (NNP ) (NN=H )))) (VP=H (VBP=H ) (ADJP (JJ=H ))) (. ))),1,93578,"0,0869444029"
(ROOT (NP=H (NP=H (NNP ) (NNP=H )) (: ) (S (NP (NNP ) (NNP ) (CC ) (NNP ) (NNS=H )) (VP=H (VBP=H ) (ADJP (JJ=H )))) (. ))),1,93579,"0,086945332"
"(ROOT (S=H (NP (NNP ) (NNP ) (NNP=H )) (VP=H (VBZ=H ) (SBAR (S=H (NP (NP=H (DT ) (JJ ) (NN=H )) (. ) (S (VP=H (VB=H ) (PP (IN=H ) (NP (NP=H (NN ) (`` ) (NN=H ) ('' )) (, ) (NP (NP=H (NNS=H )) (PP (IN=H ) (NP (JJ ) (NN=H )))))) (. )))) (VP=H (VBP=H ) (ADJP (JJ=H )))))) (. )))",1,93580,"0,0869462611"
(ROOT (NP=H (NP=H (NN=H )) (: ) (S (NP (NNP ) (NNP ) (NNP ) (NNP=H )) (VP=H (VBP=H ) (ADJP (JJ=H )))) (. ))),1,93581,"0,0869471902"
(ROOT (S=H (NP (NP=H (NNP ) (NNP ) (NNP ) (NNP ) (NNP=H )) (VP (VBG=H ) (NP (NN ) (NNS=H )))) (VP=H (VBP=H ) (ADJP (JJ=H ))) (. ))),1,93582,"0,0869481193"
(ROOT (S=H (NP (NP=H (NP (NNS ) (POS=H )) (NNP ) (NNP ) (NNP=H )) (PP (IN=H ) (NP (NNP ) (NNP=H )))) (VP=H (VBP=H ) (ADJP (JJ=H ))) (. ))),1,93583,"0,0869490485"
(ROOT (S=H (NP (NP=H (NNS ) (CC ) (NN ) (NNS=H )) (PP (IN=H ) (NP (DT ) (NNP ) (NNP=H )))) (VP=H (VBP=H ) (ADJP (JJ=H ))) (. ))),1,93584,"0,0869499776"
(ROOT (S=H (NP (NP=H (NNP ) (NNP=H )) (PP (IN=H ) (NP (NNP ) (NNS ) (NNP=H ) (CC ) (NNP )))) (VP=H (VBZ=H ) (ADJP (JJ=H ) (SBAR (S=H (VP=H (VBP=H ) (ADJP (JJ=H ))))))) (. ))),1,93585,"0,0869509067"
(ROOT (FRAG=H (NP (NNP=H )) (: ) (S=H (NP (RB ) (NNP ) (NNP=H )) (VP=H (VBP=H ) (ADJP (JJ=H )))) (. ))),1,93586,"0,0869518358"
(ROOT (S=H (NP (NP (NNP ) (POS=H )) (NNP ) (PRN (-LRB- ) (NP=H (JJ ) (NN=H )) (-RRB- )) (NNP=H )) (VP=H (VBP=H ) (ADJP (JJ=H ))) (. ))),1,93587,"0,0869527649"
(ROOT (S=H (NP (NP=H (NNP=H )) (SBAR (IN=H ) (S (NP (NP=H (JJ ) (NNS=H )) (PP (IN=H ) (NP (NNP=H )))) (VP=H (VBD=H ) (NP (NN=H )))))) (VP=H (VBP=H ) (ADJP (JJ=H ))) (. ))),1,93588,"0,086953694"
(ROOT (NP=H (NP=H (NNS=H )) (: ) (NP (NP=H (NNP ) (NNP=H )) (SBAR (S=H (NP (NP (NNS ) (POS=H )) (NN ) (NNS=H )) (VP=H (VBP=H ) (ADJP (JJ=H )))))) (. ))),1,93589,"0,0869546231"
(ROOT (NP=H (NP=H (NNS=H )) (: ) (NP (NP=H (NNP ) (NNP=H )) (SBAR (S=H (NP (NP (NNS ) (POS=H )) (NN=H )) (VP=H (VBP=H ) (ADJP (JJ=H )))))) (. ))),1,93590,"0,0869555522"
(ROOT (S=H (NP (NP (RB ) (RB=H )) (PRN (-LRB- ) (NP=H (NN=H )) (-RRB- )) (NNS=H )) (VP=H (VBP=H ) (ADJP (JJ=H ))) (. ))),1,93591,"0,0869564813"
(ROOT (S=H (NP (NP (NNP ) (NNP ) (NN ) (NNS ) (POS=H )) (NN ) (NNS=H )) (VP=H (VBP=H ) (ADJP (JJ=H ))) (. ))),1,93592,"0,0869574105"
(ROOT (S=H (NP (NP (NNP ) (NNP ) (NN ) (NNS ) (POS=H )) (NN=H )) (VP=H (VBP=H ) (ADJP (JJ=H ))) (. ))),1,93593,"0,0869583396"
(ROOT (S=H (NP (NP=H (JJ ) (NNS ) (NNS=H )) (PP (IN=H ) (NP (NP=H (DT ) (NN=H )) (PP (IN=H ) (NP (NNP ) (NNP ) (NNP=H )))))) (VP=H (VBP=H ) (ADJP (JJ=H ))) (. ))),1,93594,"0,0869592687"
(ROOT (S=H (NP (NP=H (NN ) (CC ) (NN ) (NN=H )) (PP (IN=H ) (NP (NN ) (NNS=H )))) (VP=H (VBP=H ) (ADJP (JJ=H ))) (. ))),1,93595,"0,0869601978"
(ROOT (NP=H (NP=H (NNP=H )) (: ) (NP (NP=H (NNP ) (NNP ) (NNPS=H )) (SBAR (S=H (NP (NP (NNS ) (POS=H )) (NN ) (NNS=H )) (VP=H (VBP=H ) (ADJP (JJ=H )))))) (. ))),1,93596,"0,0869611269"
(ROOT (NP=H (NP=H (NNP=H )) (: ) (NP (NP=H (NNP ) (NNP ) (NNPS=H )) (SBAR (S=H (NP (NP (NNS ) (POS=H )) (NN=H )) (VP=H (VBP=H ) (ADJP (JJ=H )))))) (. ))),1,93597,"0,086962056"
(ROOT (S=H (NP (NP=H (NNP ) (NNPS ) (NNP=H )) (PP (IN=H ) (NP (NNS ) (NNS=H )))) (VP=H (VBP=H ) (ADJP (JJ=H ))) (. ))),1,93598,"0,0869629851"
(ROOT (S=H (NP (NP=H (NNP ) (NNP ) (. ) (NNP=H )) (NP (NN ) (NNS=H ))) (VP=H (VBP=H ) (ADJP (JJ=H ))) (. ))),1,93599,"0,0869639142"
"(ROOT (S=H (S (VP=H (VB=H ) (PP (IN=H ) (NP (NNPS ) (NNP=H ))))) (, ) (NP (NNP=H )) (VP=H (VBP=H ) (ADJP (JJ=H ))) (. )))",1,93600,"0,0869648433"
(ROOT (S=H (NP (NP (NNP ) (NNP ) (POS=H )) (NNP ) (NNPS ) (NNP=H )) (VP=H (VBP=H ) (ADJP (JJ=H ))) (. ))),1,93601,"0,0869657725"
(ROOT (S=H (NP (NNPS ) (NNP=H )) (VP=H (VBP=H ) (SBAR (S=H (NP (NN ) (NNS=H )) (VP=H (VBP=H ) (ADJP (JJ=H )))))) (. ))),1,93602,"0,0869667016"
(ROOT (S=H (NP (JJ ) (PRN (-LRB- ) (NP=H (NP=H (NNP ) (NNP=H )) (NP (NN=H ))) (-RRB- )) (NNS=H )) (VP=H (VBP=H ) (ADJP (JJ=H ))) (. ))),1,93603,"0,0869676307"
(ROOT (S=H (NP (ADJP (ADJP=H (JJ=H )) (PRN (-LRB- ) (NP=H (NNS=H )) (-RRB- ))) (NN ) (NNS=H )) (VP=H (VBP=H ) (ADJP (JJ=H ))) (. ))),1,93604,"0,0869685598"
(ROOT (S=H (NP (NP=H (NNP=H )) (PP (IN=H ) (NP (DT ) (NNP ) (JJ ) (NNS ) (NN=H )))) (ADVP (RB=H )) (VP=H (VBP=H ) (ADJP (JJ=H ))) (. ))),1,93605,"0,0869694889"
(ROOT (S=H (NP (NP=H (NNP ) (NNP=H )) (PP (IN=H ) (NP (DT ) (NNP ) (JJ ) (NNS ) (NN=H )))) (ADVP (RB=H )) (VP=H (VBP=H ) (ADJP (JJ=H ))) (. ))),1,93606,"0,086970418"
(ROOT (FRAG=H (NP (NP=H (NNP=H )) (PP (IN=H ) (NP (NP=H (NNS=H )) (PP (IN=H ) (NP (NP=H (NNS=H )) (PP (IN=H ) (NP (NNP=H )))))))) (: ) (S=H (NP (NNP=H )) (VP=H (VBP=H ) (ADJP (JJ=H )))) (. ))),1,93607,"0,0869713471"
(ROOT (NP=H (NP=H (NNP ) (NNP=H )) (: ) (S (NP (NP=H (NNP ) (NNPS=H )) (PP (IN=H ) (NP (NNP ) (NNS=H )))) (VP=H (VBP=H ) (ADJP (JJ=H )))) (. ))),1,93608,"0,0869722762"
(ROOT (S=H (NP (NP=H (NNP ) (NNP ) (NNP ) (NNP=H )) (CC ) (NP (NP=H (NN ) (NNS=H )) (NP (JJ ) (NNS=H )))) (VP=H (VBP=H ) (ADJP (JJ=H ))) (. ))),1,93609,"0,0869732054"
(ROOT (S=H (NP (NP=H (NN ) (NN=H )) (PP (IN=H ) (NP (NP=H (NNS=H )) (PP (IN=H ) (NP (NP=H (NNP=H )) (PP (IN=H ) (NP (DT ) (JJ ) (CC ) (JJ ) (NN=H )))))))) (VP=H (VBP=H ) (ADJP (JJ=H ))) (. ))),1,93610,"0,0869741345"
(ROOT (S=H (NP (NP=H (NNP=H )) (PP (IN=H ) (NP (NP=H (CD ) (NNS=H )) (PP (IN=H ) (NP (NP=H (NN=H )) (VP (VBN=H ) (PP (IN=H ) (NP (DT ) (NNP ) (NNPS=H ))))))))) (VP=H (VBP=H ) (ADJP (JJ=H ))) (. ))),1,93611,"0,0869750636"
(ROOT (S=H (NP (NP=H (NNP=H )) (PP (IN=H ) (NP (NP=H (CD ) (NNS=H )) (PP (IN=H ) (NP (NP=H (NN=H )) (VP (VBN=H ) (PP (IN=H ) (NP (DT ) (NNP ) (NNP=H ))))))))) (VP=H (VBP=H ) (ADJP (JJ=H ))) (. ))),1,93612,"0,0869759927"
"(ROOT (S=H (S (NP (NNS=H )) (VP=H (VBD=H ) (PP (IN=H ) (NP (NNP ) (NNP ) (NNP=H ))))) (, ) (NP (NNP ) (NNP=H )) (VP=H (VBP=H ) (ADJP (JJ=H ))) (. )))",1,93613,"0,0869769218"
(ROOT (S=H (NP (NP=H (NN ) (NN=H )) (NP (JJ ) (NN ) (NN ) (NNS=H ))) (VP=H (VBP=H ) (ADJP (JJ=H ))) (. ))),1,93614,"0,0869778509"
(ROOT (S=H (NP (NNP ) (NNP=H )) (VP=H (VBP=H ) (SBAR (S=H (NP (NN ) (NN ) (NN ) (NNS=H )) (VP=H (VBP=H ) (ADJP (JJ=H )))))) (. ))),1,93615,"0,08697878"
(ROOT (S=H (SBARQ (WHNP (WP=H )) (SQ=H (VBP=H ) (NP (PRP=H )) (VP (VB=H ) (SBAR (S=H (VP=H (MD=H ) (VP (VB=H ) (VP (VBN=H ) (PP (IN=H ) (NP (DT ) (`` ) (S (VP=H (VB=H ) (ADVP (RB=H )))) ('' ) (NN=H )))))))))) (. )) (NP (PRP=H )) (VP=H (VBP=H ) (SBAR (S=H (S=H (NP (PRP=H )) (VP=H (MD=H ) (VP (VB=H ) (ADJP (JJ=H ) (S (VP=H (TO=H ) (VP (VB=H ) (NP (DT ) (NN=H )) (PP (TO=H ) (NP (NP (NNS ) (POS=H )) (NN=H )))))))))) (CC ) (S (NP (NP=H (JJR=H )) (PP (IN=H ) (NP (NP=H (DT ) (NN ) (NNS=H )) (VP (VBN=H ) (PP (IN=H ) (NP (PRP=H ))) (. ))))) (VP=H (VBP=H ) (ADJP (JJ=H ))))))) (. ))),1,93616,"0,0869797091"
"(ROOT (S=H (S (VP=H (VBG=H ) (PP (IN=H ) (NP (NNP ) (NNP ) (NNP=H ))))) (, ) (NP (NNP=H )) (VP=H (VBP=H ) (ADJP (JJ=H ))) (. )))",1,93617,"0,0869806382"
(ROOT (NP=H (NP=H (NNP=H )) (: ) (S (NP (NP=H (NNP ) (NNS=H )) (PP (IN=H ) (NP (JJ ) (NN=H )))) (VP=H (VBP=H ) (ADJP (JJ=H )))) (. ))),1,93618,"0,0869815674"
(ROOT (S=H (S=H (NP (NNP ) (NN=H )) (VP=H (VBZ=H ) (NP (JJ ) (NNS=H )) (PP (IN=H ) (NP (NNS=H ))))) (: ) (S (NP (NP=H (NNP=H )) (PP (IN=H ) (NP (NNP=H )))) (VP=H (VBP=H ) (ADJP (JJ=H )))) (. ))),1,93619,"0,0869824965"
(ROOT (S=H (NP (NP=H (NNP ) (PRN (-LRB- ) (NP=H (NP=H (NN=H )) (CC ) (NP (NN=H ))) (-RRB- )) (NNP=H )) (PP (IN=H ) (NP (DT ) (NNP ) (NNP ) (NNPS=H )))) (VP=H (VBP=H ) (ADJP (JJ=H ))) (. ))),1,93620,"0,0869834256"
(ROOT (S=H (NP (NNP ) (NNPS ) (NNP ) (NNP ) (NN=H )) (VP=H (VBZ=H ) (SBAR (S=H (NP (NNS=H )) (VP=H (VBP=H ) (ADJP (JJ=H )))))) (. ))),1,93621,"0,0869843547"
(ROOT (S=H (NP (NP=H (NNP=H )) (PP (IN=H ) (NP (NP=H (NNP=H )) (PP (IN=H ) (NP (NP=H (DT ) (NNP ) (NNPS=H )) (PP (IN=H ) (NP (NNP=H )))))))) (VP=H (VBP=H ) (ADJP (JJ=H ))) (. ))),1,93622,"0,0869852838"
(ROOT (S=H (NP (PRP=H )) (VP=H (VBZ=H ) (NP (NP=H (DT ) (NNP ) (NNPS=H )) (SBAR (S=H (NP (NNS=H )) (VP=H (VBP=H ) (ADJP (JJ=H ))))))) (. ))),1,93623,"0,0869862129"
(ROOT (S=H (NP (NNP=H )) (PRN (-LRB- ) (NP=H (NNP ) (NN=H )) (-RRB- )) (NP (NNP ) (NNP ) (NNS=H )) (VP=H (VBP=H ) (ADJP (JJ=H ))) (. ))),1,93624,"0,086987142"
(ROOT (S=H (NP (NP=H (NNP ) (NNP ) (NNP=H )) (PP (IN=H ) (NP (NNP ) (NNP ) (NNPS ) (CC ) (NNP ) (NNP=H )))) (VP=H (VBP=H ) (ADJP (JJ=H ))) (. ))),1,93625,"0,0869880711"
"(ROOT (S=H (NP-TMP (NP=H (NNS=H )) (PP (IN=H ) (NP (NP=H (DT ) (NNP ) (NNP=H )) (PP (IN=H ) (NP (NNP=H )))))) (, ) (NP (NP=H (NNP ) (NNP=H )) (PRN (-LRB- ) (NP=H (JJ ) (NN ) (NN=H )) (-RRB- ))) (VP=H (VBP=H ) (ADJP (JJ=H ))) (. )))",1,93626,"0,0869890002"
(ROOT (S=H (NP (NP=H (NP (NNP ) (POS=H )) (NN=H )) (PP (IN=H ) (NP (NNP ) (NN ) (NNS=H )))) (VP=H (VBP=H ) (ADJP (JJ=H ))) (. ))),1,93627,"0,0869899294"
(ROOT (FRAG=H (NP (NP=H (NNS=H )) (PP (IN=H ) (NP (NNP=H )))) (: ) (S=H (NP (NNS=H )) (VP=H (VBP=H ) (ADJP (JJ=H )))) (. ))),1,93628,"0,0869908585"
(ROOT (FRAG=H (NP (NNP=H )) (: ) (S=H (NP (NP=H (NNP=H )) (PP (IN=H ) (NP (ADJP (ADJP=H (RB ) (JJ=H )) (ADVP (RB=H ))) (NNS=H )))) (VP=H (VBP=H ) (ADJP (JJ=H )))) (. ))),1,93629,"0,0869917876"
(ROOT (S=H (NP (NP (NNP ) (DT ) (NNP=H )) (PRN (-LRB- ) (NP=H (NNP=H )) (-RRB- )) (NNS=H )) (VP=H (VBP=H ) (ADJP (JJ=H ))) (. ))),1,93630,"0,0869927167"
(ROOT (S=H (NP (PRP=H )) (VP=H (VBP=H ) (SBAR (S=H (NP (NP=H (NN=H )) (PP (IN=H ) (NP (JJ ) (NN ) (CC ) (NN ) (NN=H )))) (VP=H (VBP=H ) (ADJP (JJ=H )))))) (. ))),1,93631,"0,0869936458"
(ROOT (FRAG=H (NP (NNP ) (NNP ) (NNP=H )) (: ) (S=H (NP (NNP ) (NNPS ) (NNP ) (NNS=H )) (VP=H (VBP=H ) (ADJP (JJ=H )))) (. ))),1,93632,"0,0869945749"
(ROOT (S=H (NP (NNP=H )) (VP=H (VBZ=H ) (NP (NP=H (JJ ) (NNS=H )) (SBAR (S=H (VP=H (VBP=H ) (ADJP (JJ=H ))))))) (. ))),1,93633,"0,086995504"
(ROOT (S=H (NP (NP=H (NNP=H )) (CC ) (NP (JJ=H ))) (VP=H (VBP=H ) (SBAR (S=H (NP (NP=H (NNS=H )) (PP (VBN=H ) (PP (IN=H ) (NP (NNP ) (NNP=H ))))) (VP=H (VBP=H ) (ADJP (JJ=H )))))) (. ))),1,93634,"0,0869964331"
(ROOT (S=H (NP (NNP ) (NNP=H )) (VP=H (VBD=H ) (SBAR (S=H (NP (NP=H (NNS=H )) (PP (IN=H ) (NP (DT ) (NNP ) (NNP=H )))) (VP=H (VBP=H ) (ADJP (JJ=H )))))) (. ))),1,93635,"0,0869973623"
(ROOT (S=H (NP (NNP ) (NNP=H )) (VP=H (VBD=H ) (SBAR (S=H (NP (NP=H (NNS=H )) (PP (IN=H ) (NP (DT ) (NNP ) (NNPS=H )))) (VP=H (VBP=H ) (ADJP (JJ=H )))))) (. ))),1,93636,"0,0869982914"
(ROOT (S=H (NP (NP=H (NNP ) (NNPS ) (NNP ) (NNP ) (NN ) (NN=H )) (NP (JJ ) (NNS=H ))) (VP=H (VBP=H ) (ADJP (JJ=H ))) (. ))),1,93637,"0,0869992205"
(ROOT (S=H (NP (NNP ) (NNPS ) (NN ) (NNP ) (NNP=H )) (VP=H (VBP=H ) (SBAR (S=H (NP (NNS=H )) (VP=H (VBP=H ) (ADJP (JJ=H )))))) (. ))),1,93638,"0,0870001496"
(ROOT (S=H (NP (NP=H (NNP ) (NNP ) (NNP=H )) (CC ) (NP (CD ) (NNP ) (NNS=H ))) (VP=H (VBP=H ) (ADJP (JJ=H ))) (. ))),1,93639,"0,0870010787"
(ROOT (S=H (NP (NP=H (NNP=H )) (PP (IN=H ) (NP (NP=H (NNP ) (NNP=H )) (PP (IN=H ) (NP (NNPS=H )))))) (VP=H (VBP=H ) (ADJP (JJ=H ))) (. ))),1,93640,"0,0870020078"
(ROOT (S=H (NP (NP=H (NNP=H )) (VP (VBN=H ) (PP (IN=H ) (NP (DT ) (CD ) (NNS=H ))))) (VP=H (VBP=H ) (ADJP (JJ=H ))) (. ))),1,93641,"0,0870029369"
"(ROOT (S=H (S (VP=H (VBG=H ) (NP (NNS=H )) (PP (IN=H ) (NP (DT ) (CD ) (NNPS ) (NNPS=H ))))) (, ) (NP (NNP ) (NNP ) (, ) (NNP=H )) (VP=H (VBP=H ) (ADJP (JJ=H ))) (. )))",1,93642,"0,087003866"
"(ROOT (S=H (S (VP=H (VBG=H ) (PP (IN=H ) (NP (NP=H (JJ ) (NNS=H )) (PP (IN=H ) (NP (NNP=H ) (CD ))) (NP-TMP (NP=H (CD=H )) (, ) (NP (NN=H ) (CD ))))))) (, ) (NP (NNP=H ) (CD )) (VP=H (VBP=H ) (ADJP (JJ=H ))) (. )))",1,93643,"0,0870047951"
(ROOT (S=H (NP (NP=H (NNP=H )) (VP (VBN=H ) (NP (NP=H (NNS=H )) (PP (IN=H ) (NP (NNP=H ))))) (PRN (-LRB- ) (NN=H ) (-RRB- ))) (VP=H (VBP=H ) (ADJP (JJ=H ))) (. ))),1,93644,"0,0870057243"
"(ROOT (S=H (NP (NN ) (, ) (NN=H ) (CC ) (NN )) (VP=H (VBP=H ) (ADJP (JJ=H ))) (. )))",1,93645,"0,0870066534"
(ROOT (S=H (NP (NP=H (NNP ) (NNP ) (NN ) (NNP ) (FW ) (NNP=H )) (NP (NNS=H ))) (VP=H (VBP=H ) (ADJP (JJ=H ))) (. ))),1,93646,"0,0870075825"
(ROOT (S=H (NP (PRP=H )) (VP=H (VBP=H ) (SBAR (S=H (NP (NP=H (NNS=H ) (CC ) (NNS )) (PP (IN=H ) (NP (JJ ) (NN ) (NN ) (NNS=H )))) (VP=H (VBP=H ) (ADJP (JJ=H )))))) (. ))),1,93647,"0,0870085116"
(ROOT (NP=H (NP=H (NNP=H )) (: ) (NP (NP=H (NNP ) (NNP=H )) (SBAR (S=H (NP (NP (NNS ) (POS=H )) (JJ ) (NNS=H )) (VP=H (VBP=H ) (ADJP (JJ=H )))))) (. ))),1,93648,"0,0870094407"
"(ROOT (S=H (NP (NP=H (NNP ) (NNP=H )) (, ) (NP (NP=H (NNP=H )) (PP (IN=H ) (NP (NP=H (NNP ) (NNS=H )) (PP (IN=H ) (NP (NN=H ))))))) (VP=H (VBP=H ) (ADJP (JJ=H ))) (. )))",1,93649,"0,0870103698"
(ROOT (S=H (NP (NNP=H )) (VP=H (VBD=H ) (SBAR (S=H (NP (NNS=H )) (VP=H (VBD=H ) (SBAR (S=H (NP (NP=H (NN ) (NNS=H )) (ADJP (JJ ) (JJ=H ))) (VP=H (VBP=H ) (ADJP (JJ=H ))))))))) (. ))),1,93650,"0,0870112989"
(ROOT (S=H (NP (NNP=H )) (VP=H (VBD=H ) (SBAR (S=H (NP (NNS=H )) (VP=H (VBD=H ) (SBAR (S=H (NP (NN ) (NNS=H )) (VP=H (VBD=H ) (SBAR (S=H (NP (NN=H )) (VP=H (VBP=H ) (ADJP (JJ=H )))))))))))) (. ))),1,93651,"0,087012228"
(ROOT (S=H (NP (NP=H (NNP ) (NNP ) (NNP=H )) (PP (IN=H ) (NP (NP=H (DT ) (NN ) (NNS=H )) (PP (IN=H ) (NP (NNP ) (NNS=H )))))) (VP=H (VBP=H ) (ADJP (JJ=H ))) (. ))),1,93652,"0,0870131571"
(ROOT (S=H (NP (NNP=H )) (PRN (NP (CD ) (NNP ) (NN ) (NNS=H )) (VP=H (VBZ=H ))) (VP=H (VBP=H ) (ADJP (JJ=H ))) (. ))),1,93653,"0,0870140863"
(ROOT (NP=H (NP=H (NP=H (NNP=H )) (PP (IN=H ) (NP (JJ ) (NNP=H )))) (SBAR (S=H (NP (`` ) (NP=H (NP (NNP ) (POS=H )) (NNP=H )) ('' ) (PP (IN=H ) (NP (NNP ) (NNP ) (NNP=H )))) (VP=H (VBP=H ) (ADJP (JJ=H ))))) (. ))),1,93654,"0,0870150154"
(ROOT (S=H (NP (NP=H (NNP ) (NNP ) (PRN (-LRB- ) (NP=H (NNP=H )) (-RRB- )) (NNP=H )) (PP (IN=H ) (NP (DT ) (NNPS=H )))) (VP=H (VBP=H ) (ADJP (JJ=H ))) (. ))),1,93655,"0,0870159445"
(ROOT (S=H (NP (NP (CD ) (NNS=H )) (NN=H ) (PP (IN=H ) (NP (NNP ) (NNP=H )))) (VP=H (VBP=H ) (ADJP (JJ=H ))) (. ))),1,93656,"0,0870168736"
(ROOT (S=H (NP (NP=H (NNP ) (NNP ) (CC ) (NNP ) (NNP ) (NNS=H )) (PP (IN=H ) (NP (DT ) (NNPS=H )))) (VP=H (VBP=H ) (ADJP (JJ=H ))) (. ))),1,93657,"0,0870178027"
(ROOT (NP=H (NP=H (NN=H )) (: ) (S (NP (NP=H (NNS=H )) (PP (IN=H ) (NP (DT ) (NNP ) (NNPS=H )))) (VP=H (VBP=H ) (ADJP (JJ=H )))) (. ))),1,93658,"0,0870187318"
(ROOT (NP=H (NP=H (NN=H )) (: ) (S (NP (NP=H (NNS=H )) (PP (IN=H ) (NP (DT ) (NNP ) (NNP=H )))) (VP=H (VBP=H ) (ADJP (JJ=H )))) (. ))),1,93659,"0,0870196609"
(ROOT (S=H (NP (NP=H (NNP=H )) (PP (IN=H ) (NP (NP=H (NN=H )) (PP (IN=H ) (NP (NP=H (DT ) (NNP ) (NNPS=H )) (PP (IN=H ) (NP (NN=H )))))))) (VP=H (VBP=H ) (ADJP (JJ=H ))) (. ))),1,93660,"0,08702059"
(ROOT (S=H (NP (NNP ) (NNPS ) (NNS=H )) (VP=H (VBZ=H ) (NP (NP=H (NN=H )) (SBAR (S=H (NP (JJ ) (NN ) (NNS=H )) (VP=H (VBP=H ) (ADJP (JJ=H ))))))) (. ))),1,93661,"0,0870215192"
(ROOT (S=H (NP (NNP ) (NNPS ) (NNS=H )) (VP=H (VBZ=H ) (ADJP (JJ=H ) (SBAR (S=H (NP (JJ ) (NN ) (NNS=H )) (VP=H (VBP=H ) (ADJP (JJ=H ))))))) (. ))),1,93662,"0,0870224483"
(ROOT (S=H (NP (NNP=H )) (PRN (-LRB- ) (NP=H (NN=H )) (-RRB- )) (NP (JJ ) (NNS ) (NN ) (NNS=H )) (VP=H (VBP=H ) (ADJP (JJ=H ))) (. ))),1,93663,"0,0870233774"
(ROOT (NP=H (NP=H (NNP=H )) (: ) (S (NP (NP (NNP ) (NNP ) (NNP ) (NNS ) (POS=H )) (NN=H )) (VP=H (VBZ=H ) (SBAR (S=H (NP (NNS=H )) (VP=H (VBP=H ) (ADJP (JJ=H ))))))) (. ))),1,93664,"0,0870243065"
(ROOT (NP=H (NP=H (NNP=H )) (: ) (S (NP (NNP ) (NNP ) (NNP ) (NNS ) (NNS=H )) (VP=H (VBP=H ) (ADJP (JJ=H )))) (. ))),1,93665,"0,0870252356"
(ROOT (S=H (NP (NP=H (NNP=H )) (PP (VBN=H ) (PP (IN=H ) (NP (NP=H (DT ) (CD ) (NNS=H )) (CC ) (NP (CD ) (NNS=H )))))) (VP=H (VBP=H ) (ADJP (JJ=H ))) (. ))),1,93666,"0,0870261647"
(ROOT (S=H (NP (NNP=H )) (VP=H (VBD=H ) (NP (NP=H (NNS=H )) (SBAR (S=H (NP (NNP=H ) (CD )) (VP=H (VBD=H ) (SBAR (S=H (NP (NN=H )) (VP=H (VBP=H ) (ADJP (JJ=H )))))))))) (. ))),1,93667,"0,0870270938"
(ROOT (S=H (NP (NNP=H )) (VP=H (VBD=H ) (NP (NP=H (NNS=H )) (SBAR (S=H (NP (NNP=H ) (CD )) (VP=H (VBP=H ) (ADJP (JJ=H ))))))) (. ))),1,93668,"0,0870280229"
"(ROOT (S=H (NP (NP=H (NN=H )) (, ) (NP (NNP=H )) (, ) (NP (NNP ) (NNS=H )) (CC ) (NP (NP=H (NNS=H )) (, ) (NP (NN ) (NN=H )))) (VP=H (VBP=H ) (ADJP (JJ=H ))) (. )))",1,93669,"0,087028952"
(ROOT (S=H (NP (NP=H (NNP=H )) (VP (VBG=H ) (PP (IN=H ) (NP (NP=H (JJ ) (NNS=H )) (PP (IN=H ) (NP (DT ) (NNPS=H ))))))) (VP=H (VBP=H ) (ADJP (JJ=H ))) (. ))),1,93670,"0,0870298812"
(ROOT (S=H (NP (NP=H (NNP=H )) (PP (IN=H ) (NP (DT ) (CD ) (NNP ) (NNS=H )))) (VP=H (VBP=H ) (ADJP (JJ=H ))) (. ))),1,93671,"0,0870308103"
(ROOT (NP=H (NP=H (NP=H (NNP ) (JJ ) (NNS=H )) (PP (IN=H ) (NP (DT ) (JJ=H )))) (: ) (S (NP (NNP ) (NNP=H )) (VP=H (VBP=H ) (ADJP (JJ=H )))) (. ))),1,93672,"0,0870317394"
(ROOT (S=H (NP (NP=H (NNP=H )) (PP (IN=H ) (NP (NN ) (NNS ) (NNS=H )))) (VP=H (VBP=H ) (ADJP (JJ=H ))) (. ))),1,93673,"0,0870326685"
(ROOT (S=H (NP (NP=H (NNP=H )) (PP (IN=H ) (NP (NN ) (NN ) (NNS ) (NN ) (NNS=H )))) (VP=H (VBP=H ) (ADJP (JJ=H ))) (. ))),1,93674,"0,0870335976"
"(ROOT (S=H (S (NP (NNP=H )) (VP=H (VBD=H ) (NP (NNS=H )) (PP (IN=H ) (NP (NNP ) (NNPS=H ))))) (, ) (NP (NNP=H )) (VP=H (VBP=H ) (ADJP (JJ=H ))) (. )))",1,93675,"0,0870345267"
"(ROOT (S=H (S (NP=H (NP=H (NNP ) (NNP ) (NNP=H )) (PP (IN=H ) (NP (NNP=H ) (CC ) (NNP ))))) (, ) (NP (NNP ) (NN=H )) (VP=H (VBP=H ) (ADJP (JJ=H ))) (. )))",1,93676,"0,0870354558"
(ROOT (S=H (NP (NP=H (DT ) (NN=H )) (PP (IN=H ) (NP (PRP ) (NNS=H )))) (VP=H (VBP=H ) (ADJP (JJ=H ))) (. ))),1,93677,"0,0870363849"
(ROOT (S=H (NP (DT ) (NAC (NNP=H ) (PP (IN=H ) (NP (PRP=H )))) (NN=H )) (VP=H (VBP=H ) (ADJP (JJ=H ))) (. ))),1,93678,"0,087037314"
"(ROOT (S=H (S (NP (NNP ) (NNP ) (NNP=H )) (VP=H (VBZ=H ) (NP (NP=H (NN=H )) (PP (IN=H ) (NP (NP=H (NNP ) (NNP ) (NNP=H )) (, ) (NP (DT ) (NN=H )) (, ) (ADVP (RB=H )) (NP (NP=H (NN=H )) (PP (IN=H ) (NP (NNP ) (NNPS=H ))))))) (, ) (PP (IN=H ) (NP (NNP ) (NNP ) (NNP=H ))))) (, ) (NP (PRP=H )) (VP=H (VBD=H ) (ADVP (RB=H )) (NP (NP=H (DT ) (JJ ) (NN=H )) (PP (IN=H ) (NP (NP=H (DT ) (NNP=H )) (PP (IN=H ) (NP (NNP ) (NNP ) (NNP=H )))))) (, ) (SBAR (IN=H ) (S (NP (NNP ) (NNP ) (NNP=H ) (. )) (VP=H (VBP=H ) (ADJP (JJ=H )))))) (. )))",1,93679,"0,0870382432"
(ROOT (S=H (NP (NP=H (NNP ) (NNP=H )) (PP (IN=H ) (NP (NP=H (DT ) (NN ) (NNS=H )) (PP (IN=H ) (NP (JJ ) (NNS=H )))))) (VP=H (VBP=H ) (ADJP (JJ=H ))) (. ))),1,93680,"0,0870391723"
(ROOT (S=H (NP (NNP=H )) (VP=H (VBD=H ) (SBAR (S=H (NP (JJS ) (NNP ) (NNS=H )) (VP=H (VBP=H ) (ADJP (JJ=H )))))) (. ))),1,93681,"0,0870401014"
(ROOT (S=H (NP (NNP=H )) (VP=H (VBD=H ) (SBAR (S=H (NP (JJS ) (NNP ) (NNP ) (NNS=H )) (VP=H (VBP=H ) (ADJP (JJ=H )))))) (. ))),1,93682,"0,0870410305"
(ROOT (S=H (NP (JJ ) (NN=H )) (VP=H (VBD=H ) (SBAR (S=H (NP (NNS=H )) (VP=H (VBP=H ) (ADJP (JJ=H )))))) (. ))),1,93683,"0,0870419596"
(ROOT (S=H (NP (NNP ) (NNPS ) (CC ) (NN ) (NNS ) (CC ) (NN ) (NNS=H )) (VP=H (VBP=H ) (ADJP (JJ=H ))) (. ))),1,93684,"0,0870428887"
(ROOT (S=H (NP (DT ) (JJ ) (NNS ) (CC ) (NN ) (NNS=H )) (VP=H (VBP=H ) (ADJP (JJ=H ))) (. ))),1,93685,"0,0870438178"
(ROOT (S=H (ADVP (RB=H )) (NP (JJ ) (NNS ) (NN ) (NNS=H )) (VP=H (VBP=H ) (ADJP (JJ=H ))) (. ))),1,93686,"0,0870447469"
"(ROOT (S=H (S (NP (JJ ) (NNS=H )) (VP=H (VBD=H ) (PP (IN=H ) (NP (NNP ) (NNPS=H ))))) (, ) (NP (NNP=H )) (VP=H (VBP=H ) (ADJP (JJ=H ))) (. )))",1,93687,"0,0870456761"
(ROOT (S=H (NP (NP=H (NNP ) (NNP=H )) (CC ) (NP (NNPS ) (NNP ) (NNS ) (NN ) (NNS=H ))) (VP=H (VBP=H ) (ADJP (JJ=H ))) (. ))),1,93688,"0,0870466052"
"(ROOT (S=H (NP (NNP ) (NNP ) (, ) (NNP ) (CC ) (NNP ) (NNP ) (NNP ) (NNS ) (NNS=H )) (VP=H (VBP=H ) (ADJP (JJ=H ))) (. )))",1,93689,"0,0870475343"
(ROOT (S=H (NP (NP=H (NNP ) (NNP=H )) (CC ) (NP (DT ) (NNP ) (JJ ) (NNS ) (NN=H ))) (ADVP (RB=H )) (VP=H (VBP=H ) (ADJP (JJ=H ))) (. ))),1,93690,"0,0870484634"
(ROOT (S=H (NP (NP=H (JJ ) (CC ) (NNS ) (NNS=H )) (PP (IN=H ) (NP (NN=H )))) (VP=H (VBP=H ) (ADJP (JJ=H ))) (. ))),1,93691,"0,0870493925"
(ROOT (S=H (`` ) (NP (NNP ) (NNP ) ('' ) (NNP=H )) (VP=H (VBP=H ) (SBAR (S=H (NP (NNS=H )) (VP=H (VBP=H ) (ADJP (JJ=H )))))) (. ))),1,93692,"0,0870503216"
(ROOT (S=H (NP (NNP ) (. ) (NNP ) (. ) (NNP ) (. ) (NNPS ) (NNP=H )) (VP=H (VBP=H ) (ADJP (JJ=H ))) (. ))),1,93693,"0,0870512507"
(ROOT (S=H (NP (NNP ) (. ) (NNP ) (. ) (NNPS ) (NNP=H )) (VP=H (VBP=H ) (ADJP (JJ=H ))) (. ))),1,93694,"0,0870521798"
(ROOT (S=H (NP (NP=H (NNP ) (NNPS ) (NNP ) (NNP ) (NNP ) (NNS=H )) (PP (IN=H ) (NP (NNP ) (NNP=H ) (PRP )))) (VP=H (VBP=H ) (ADJP (JJ=H ))) (. ))),1,93695,"0,0870531089"
(ROOT (S=H (NP (PRP=H )) (VP=H (VBZ=H ) (NP (NP=H (DT ) (NN=H )) (SBAR (S=H (NP (CD=H ) (. )) (VP=H (VBP=H ) (ADJP (JJ=H ))))))) (. ))),1,93696,"0,0870540381"
(ROOT (NP=H (NP=H (CD=H )) (: ) (NP (NP=H (CD=H )) (SBAR (S=H (NP (NP (NNP ) (NNP ) (POS=H )) (NNPS ) (NNP ) (NNP=H )) (VP=H (VBP=H ) (ADJP (JJ=H )))))) (. ))),1,93697,"0,0870549672"
(ROOT (S=H (NP (PRP=H )) (VP=H (VBD=H ) (RB ) (VP (VB=H ) (NP (PRP=H )) (PP (NP (NNS=H )) (IN=H ) (NP (NP=H (NNS=H )) (SBAR (S=H (VP=H (VBP=H ) (ADJP (JJ=H ))))))))) (. ))),1,93698,"0,0870558963"
(ROOT (NP=H (NP=H (JJ=H )) (: ) (S (NP (JJ ) (JJ ) (NNS=H )) (VP=H (VBP=H ) (ADJP (JJ=H )))) (. ))),1,93699,"0,0870568254"
(ROOT (S=H (NP (NP=H (NNS ) (CC ) (NN ) (NNS=H )) (PP (IN=H ) (NP (NNP ) (NNP ) (NNP=H )))) (VP=H (VBP=H ) (ADJP (JJ=H ))) (. ))),1,93700,"0,0870577545"
(ROOT (S=H (VP=H (VB=H ) (NP (JJ ) (NNS=H )) (SBAR (S=H (NP (NN ) (NNS=H )) (VP=H (VBP=H ) (ADJP (JJ=H )))))) (. ))),1,93701,"0,0870586836"
(ROOT (S=H (NP (NP=H (NNP ) (NNP=H )) (CC ) (NP (NP=H (JJ ) (JJ ) (NNS=H )) (NP (NN ) (NNS=H )))) (VP=H (VBP=H ) (ADJP (JJ=H ))) (. ))),1,93702,"0,0870596127"
(ROOT (S=H (NP (NP=H (NNP=H )) (CC ) (NP (NP=H (JJ ) (JJ ) (NNS=H )) (NP (NN ) (NNS=H )))) (VP=H (VBP=H ) (ADJP (JJ=H ))) (. ))),1,93703,"0,0870605418"
(ROOT (S=H (NP (DT ) (NNPS ) (NN ) (NN=H )) (VP=H (VBP=H ) (ADJP (JJ=H ))) (. ))),1,93704,"0,087061471"
(ROOT (S=H (NP (NP=H (NNP=H ) (. )) (PP (IN=H ) (NP (DT ) (NNP=H )))) (VP=H (VBP=H ) (SBAR (S=H (NP (NNS=H )) (VP=H (VBP=H ) (ADJP (JJ=H )))))) (. ))),1,93705,"0,0870624001"
(ROOT (S=H (PP (IN ) (IN=H ) (NP (NNP=H ))) (NP (JJ ) (NNS=H )) (VP=H (VBP=H ) (ADJP (JJ=H ))) (. ))),1,93706,"0,0870633292"
(ROOT (S=H (NP (NP=H (NNP ) (NN=H )) (VP (VBN=H ) (PP (IN=H ) (NP (NNS=H ))))) (VP=H (VBP=H ) (ADJP (JJ=H ))) (. ))),1,93707,"0,0870642583"
(ROOT (S=H (NP (NP=H (NNP=H )) (PP (VBN=H ) (PP (IN=H ) (NP (NN ) (NN ) (NNS=H ))))) (VP=H (VBP=H ) (ADJP (JJ=H ))) (. ))),1,93708,"0,0870651874"
(ROOT (S=H (NP (NP=H (NNP ) (POS=H )) (PP (IN=H ) (NP (DT ) (CD ) (NNP ) (NNPS=H )))) (VP=H (VBP=H ) (ADJP (JJ=H ))) (. ))),1,93709,"0,0870661165"
"(ROOT (S=H (NP (NP=H (NNP ) (NNPS ) (NNP ) (NN=H )) (PP (IN=H ) (NP (NP=H (NNP ) (NNP=H )) (, ) (NP (CD ) (: ) (CD=H )) (, ))) (NP-TMP (NNP=H ) (CD ))) (VP=H (VBP=H ) (ADJP (JJ=H ))) (. )))",1,93710,"0,0870670456"
(ROOT (S=H (NP (NP=H (NNP=H )) (PP (IN=H ) (NP (NNP ) (CC ) (NNP ) (NNS ) (NNS=H )))) (VP=H (VBP=H ) (ADJP (JJ=H ))) (. ))),1,93711,"0,0870679747"
(ROOT (S=H (NP (NP=H (NNP=H )) (PP (IN=H ) (NP (NNP ) (CC ) (NNP ) (NN ) (NNS ) (NN ) (NNS=H )))) (VP=H (VBP=H ) (ADJP (JJ=H ))) (. ))),1,93712,"0,0870689038"
(ROOT (S=H (NP (NP=H (NN=H )) (PP (IN=H ) (NP (JJ ) (NNS ) (NNS=H )))) (VP=H (VBP=H ) (ADJP (JJ=H ))) (. ))),1,93713,"0,087069833"
(ROOT (S=H (NP (NP=H (NN=H )) (PP (IN=H ) (NP (NNP ) (NN ) (NNS ) (NN ) (NNS=H )))) (VP=H (VBP=H ) (ADJP (JJ=H ))) (. ))),1,93714,"0,0870707621"
(ROOT (S=H (NP (NP=H (NNP=H )) (PP (IN=H ) (NP (NNP ) (NNP ) (NN ) (NNS ) (NN ) (NNS=H )))) (VP=H (VBP=H ) (ADJP (JJ=H ))) (. ))),1,93715,"0,0870716912"
(ROOT (S=H (NP (NP=H (NNP ) (NNP ) (NNP=H ) (. )) (NP (NN ) (NNS=H ))) (VP=H (VBP=H ) (ADJP (JJ=H ))) (. ))),1,93716,"0,0870726203"
"(ROOT (S=H (S (NP (NNPS=H )) (VP=H (VBN=H ) (PP (IN=H ) (NP (NNP ) (CC ) (NNP ) (NNP=H ))))) (, ) (NP (NNP=H )) (VP=H (VBP=H ) (ADJP (JJ=H ))) (. )))",1,93717,"0,0870735494"
(ROOT (S=H (VP=H (VB=H ) (SBAR (S=H (NP (NP (PRP$ ) (NNS=H )) (PRN (-LRB- ) (NP=H (NN=H )) (-RRB- )) (NNS=H )) (VP=H (VBP=H ) (ADJP (JJ=H )))))) (. ))),1,93718,"0,0870744785"
(ROOT (S=H (NP (NP (NNP ) (POS=H )) (NN=H )) (VP=H (VBP=H ) (SBAR (S=H (NP (NNS=H )) (VP=H (VBP=H ) (ADJP (JJ=H )))))) (. ))),1,93719,"0,0870754076"
"(ROOT (S=H (NP (NNP ) (NNP=H )) (, ) (S (VP=H (VBG=H ) (NP (NN ) (, ) (NN ) (, ) (JJ ) (NNS ) (NN=H )))) (VP=H (VBP=H ) (ADJP (JJ=H ))) (. )))",1,93720,"0,0870763367"
(ROOT (S=H (NP (NP (JJ ) (NNS=H )) (PRN (-LRB- ) (NP=H (NP=H (CD=H )) (: ) (NP (CD=H ))) (-RRB- )) (NNS=H )) (VP=H (VBP=H ) (ADJP (JJ=H ))) (. ))),1,93721,"0,0870772658"
(ROOT (S=H (NP (NNP=H ) (CC ) (NNP )) (PRN (-LRB- ) (NP=H (NN=H )) (-RRB- )) (NP (NN ) (NNS=H )) (VP=H (VBP=H ) (ADJP (JJ=H ))) (. ))),1,93722,"0,087078195"
(ROOT (S=H (NP (NNP ) (NNP ) (NNP ) (PRN (-LRB- ) (NP=H (NP=H (NNP ) (NNPS=H )) (NP (NN=H ))) (-RRB- )) (NNP=H )) (VP=H (VBP=H ) (ADJP (JJ=H ))) (. ))),1,93723,"0,0870791241"
(ROOT (S=H (NP (NP (NNP ) (NNP ) (FW ) (NNP=H )) (PRN (-LRB- ) (NP=H (NP=H (CD=H )) (: ) (NP (CD=H ))) (-RRB- )) (NNS=H )) (VP=H (VBP=H ) (ADJP (JJ=H ))) (. ))),1,93724,"0,0870800532"
(ROOT (S=H (NP (NNP ) (NNP=H )) (PRN (-LRB- ) (NP=H (NN ) (NN=H )) (-RRB- )) (NP (NN ) (NNS=H )) (VP=H (VBP=H ) (ADJP (JJ=H ))) (. ))),1,93725,"0,0870809823"
(ROOT (S=H (NP (NP=H (NNP ) (NNPS ) (JJ ) (NNS=H )) (PP (IN=H ) (NP (NNS=H ) (CC ) (NN )))) (VP=H (VBP=H ) (ADJP (JJ=H ))) (. ))),1,93726,"0,0870819114"
(ROOT (S=H (NP (NNP ) (NNS ) (NX=H (JJ ) (NN=H ))) (VP=H (VBP=H ) (ADJP (JJ=H ))) (. ))),1,93727,"0,0870828405"
(ROOT (S=H (NP (NP=H (NNP=H )) (PP (IN=H ) (NP (NP=H (NNS=H )) (PP (IN=H ) (NP (NN ) (NN=H )))))) (VP=H (VBP=H ) (ADJP (JJ=H ))) (. ))),1,93728,"0,0870837696"
(ROOT (S=H (NP (NN ) (NN=H )) (VP=H (VBP=H ) (SBAR (S=H (NP (NNS=H )) (VP=H (VBP=H ) (ADJP (JJ=H )))))) (. ))),1,93729,"0,0870846987"
(ROOT (S=H (NP (NP=H (NNP ) (NNP=H )) (PRN (-LRB- ) (NP=H (NNP ) (NNPS=H )) (-RRB- ))) (ADVP (RB=H )) (VP=H (VBP=H ) (ADJP (JJ=H ))) (. ))),1,93730,"0,0870856279"
(ROOT (S=H (NP (NP=H (CD=H )) (CC ) (NP (NNP ) (NNS=H ))) (VP=H (VBP=H ) (ADJP (JJ=H ))) (. ))),1,93731,"0,087086557"
(ROOT (S=H (NP (DT ) (JJ ) (FW ) (PRN (-LRB- ) (NP=H (NN=H )) (-RRB- )) (NN=H )) (VP=H (VBZ=H ) (SBAR (S=H (VP=H (VBP=H ) (ADJP (JJ=H )))))) (. ))),1,93732,"0,0870874861"
(ROOT (S=H (NP (NAC (NNP=H ) (PP (IN=H ) (NP (DT ) (NNP ) (NNP ) (NN=H )))) (NNS=H )) (VP=H (VBP=H ) (ADJP (JJ=H ))) (. ))),1,93733,"0,0870884152"
(ROOT (S=H (NP (JJ ) (NN=H )) (PRN (-LRB- ) (NP=H (NNP ) (NNP=H )) (-RRB- )) (NP (NN ) (NNS=H )) (VP=H (VBP=H ) (ADJP (JJ=H ))) (. ))),1,93734,"0,0870893443"
(ROOT (S=H (NP (NP=H (NNP=H )) (CC ) (NP (NP (NNP ) (NNS ) (POS=H )) (NNS=H ))) (VP=H (VBP=H ) (ADJP (JJ=H ))) (. ))),1,93735,"0,0870902734"
(ROOT (S=H (LST (LS=H )) (NP (NNP=H ) (CD )) (VP=H (VBP=H ) (SBAR (S=H (NP (NNS=H )) (VP=H (VBP=H ) (ADJP (JJ=H )))))) (. ))),1,93736,"0,0870912025"
"(ROOT (S=H (S (VP=H (VP=H (VBN=H )) (CC ) (VP (NN=H ) (NP (JJ ) (NN=H ))))) (, ) (NP (NP=H (CD ) (NNS=H )) (PP (IN=H ) (NP (NN=H )))) (VP=H (VBP=H ) (ADJP (JJ=H ))) (. )))",1,93737,"0,0870921316"
(ROOT (S=H (NP (CD ) (NN=H )) (VP=H (VBP=H ) (SBAR (S=H (NP (NNS=H )) (VP=H (VBP=H ) (ADJP (JJ=H )))))) (. ))),1,93738,"0,0870930607"
"(ROOT (S=H (ADVP (RB=H )) (, ) (NP (NNP ) (NNPS ) (. ) (NNPS=H )) (VP=H (VBP=H ) (ADJP (JJ=H ))) (. )))",1,93739,"0,0870939899"
(ROOT (S=H (S=H (NP (NNS=H )) (ADJP=H (JJ=H ) (PP (IN=H ) (NP (NN=H ) (S (VP=H (TO=H ) (VP (VB=H ) (NP (NNP=H ))))))))) (: ) (S (NP (NNP=H )) (VP=H (VBP=H ) (ADJP (JJ=H )))) (. ))),1,93740,"0,087094919"
(ROOT (S=H (NP (NP (JJ ) (NNS ) (POS=H )) (NNS ) (NN=H )) (VP=H (VBP=H ) (ADJP (JJ=H ))) (. ))),1,93741,"0,0870958481"
(ROOT (S=H (NP (NP (NNP ) (NNP ) (POS=H )) (NNP ) (NNP ) (JJ ) (NN=H )) (VP=H (VBP=H ) (SBAR (S=H (NP (NNS=H )) (VP=H (VBP=H ) (ADJP (JJ=H )))))) (. ))),1,93742,"0,0870967772"
(ROOT (S=H (NP (NP=H (JJ ) (NNS ) (NNS=H )) (PP (IN=H ) (NP (NP=H (DT ) (NN=H )) (PP (IN=H ) (NP (NN=H )))))) (VP=H (VBP=H ) (ADJP (JJ=H ))) (. ))),1,93743,"0,0870977063"
(ROOT (S=H (NP (NP=H (NNP ) (NNP=H )) (PP (IN=H ) (NP (JJ ) (NNPS=H )))) (VP=H (VBP=H ) (ADJP (JJ=H ))) (. ))),1,93744,"0,0870986354"
(ROOT (S=H (NP (NP (NNP ) (NNP ) (NNP ) (POS=H )) (NNS ) (NN=H )) (VP=H (VBP=H ) (ADJP (JJ=H ))) (. ))),1,93745,"0,0870995645"
(ROOT (S=H (NP (NP=H (NNP ) (NN ) (NN=H )) (PP (IN=H ) (NP (NNS=H )))) (VP=H (VBP=H ) (ADJP (JJ=H ))) (. ))),1,93746,"0,0871004936"
(ROOT (S=H (NP (PRP=H )) (VP=H (VBP=H ) (SBAR (S=H (NP (DT=H )) (VP=H (VBZ=H ) (SBAR (SBAR=H (WHADVP=H (WRB=H )) (S (S=H (NP (PRP=H )) (VP=H (VBP=H ) (NP (NP=H (DT ) (NN=H )) (PP (IN=H ) (NP (DT ) (NN ) (NN=H ))))) (. )) (IN ) (S (NP (PRP=H )) (VP=H (MD=H ) (VP (VB=H ) (NP (PRP=H )))))) (. )) (CC ) (SBAR (X (ADVP (RB=H )) (NP=H (NN ) (NN=H )) (. )) (S=H (NP (JJ ) (NNS=H )) (VP=H (VBP=H ) (ADJP (JJ=H )))))))))) (. ))),1,93747,"0,0871014227"
(ROOT (S=H (NP (NP (NNPS=H ) (CC ) (NNPS )) (PRN (-LRB- ) (NP=H (NN=H )) (-RRB- )) (NNS=H )) (VP=H (VBP=H ) (ADJP (JJ=H ))) (. ))),1,93748,"0,0871023519"
(ROOT (NP=H (NP=H (NNP=H )) (: ) (S (NP (DT ) (NNP ) (NNS=H )) (VP=H (VBP=H ) (ADJP (JJ=H )))) (. ))),1,93749,"0,087103281"
"(ROOT (S=H (NP (NP=H (NNP ) (, ) (NNP ) (, ) (NNP ) (, ) (NNP ) (, ) (NNP ) (, ) (NNP ) (, ) (NNP ) (, ) (NNP=H ) (, )) (PP (NNP=H ) (NP (DT ) (NNPS=H )))) (VP=H (VBP=H ) (ADJP (JJ=H ))) (. )))",1,93750,"0,0871042101"
(ROOT (S=H (NP (NP=H (NNP ) (NNPS ) (NNP ) (NNP ) (NN=H )) (CC ) (NP (NN ) (NNS=H ))) (VP=H (VBP=H ) (ADJP (JJ=H ))) (. ))),1,93751,"0,0871051392"
(ROOT (S=H (NP (NP=H (NNP ) (NNP=H )) (PP (IN=H ) (NP (NP=H (DT ) (NNP ) (NNS=H )) (PP (TO=H ) (NP (NNP ) (NNP=H )))))) (VP=H (VBP=H ) (ADJP (JJ=H ))) (. ))),1,93752,"0,0871060683"
(ROOT (S=H (NP (NP (NNP ) (NNP ) (NNP ) (NNPS ) (POS=H )) (NNP ) (NNS=H )) (VP=H (VBP=H ) (ADJP (JJ=H ))) (. ))),1,93753,"0,0871069974"
(ROOT (S=H (NP (NP (NNP ) (POS=H )) (NNP=H )) (VP=H (VBP=H ) (SBAR (S=H (NP (NNS=H )) (VP=H (VBP=H ) (ADJP (JJ=H )))))) (. ))),1,93754,"0,0871079265"
(ROOT (S=H (NP (NNP=H ) (CC ) (NNP )) (VP=H (VBZ=H ) (PP (TO=H ) (NP (NP=H (NNP ) (NNPS=H ) (CC ) (NNPS )) (SBAR (S=H (VP=H (VBP=H ) (ADJP (JJ=H )))))))) (. ))),1,93755,"0,0871088556"
(ROOT (S=H (NP (NP=H (NNP ) (NNP=H )) (CC ) (NP (NP=H (DT ) (NNP ) (NNS=H )) (PP (TO=H ) (NP (DT ) (NNP ) (NNP=H ))))) (VP=H (VBP=H ) (ADJP (JJ=H ))) (. ))),1,93756,"0,0871097848"
(ROOT (S=H (NP (NP=H (NNP ) (NNP ) (NNP ) (NNP=H )) (PP (IN=H ) (NP (DT ) (NNP ) (NNPS ) (NNP ) (NNP=H )))) (VP=H (VBP=H ) (ADJP (JJ=H ))) (. ))),1,93757,"0,0871107139"
(ROOT (S=H (NP (NNP ) (SYM ) (NNP ) (NNPS ) (NNP=H )) (PP (IN=H ) (NP (NN=H ))) (VP=H (VBP=H ) (ADJP (JJ=H ))) (. ))),1,93758,"0,087111643"
(ROOT (S=H (NP (NP=H (NNP=H )) (CC ) (NP (DT ) (NN ) (NN ) (NNS=H ))) (VP=H (VBP=H ) (ADJP (JJ=H ))) (. ))),1,93759,"0,0871125721"
(ROOT (S=H (NP (NP=H (NNP ) (NNP ) (NNP ) (NNP=H )) (PP (IN=H ) (NP (JJS ) (NNP ) (NNP ) (NN ) (NNS=H )))) (VP=H (VBP=H ) (ADJP (JJ=H ))) (. ))),1,93760,"0,0871135012"
(ROOT (S=H (NP (NP=H (CD ) (NNP ) (NNP ) (NNP=H )) (PP (IN=H ) (NP (DT ) (NNP ) (NNPS ) (NN=H )))) (VP=H (VBZ=H ) (SBAR (S=H (NP (NNS=H )) (VP=H (VBP=H ) (ADJP (JJ=H )))))) (. ))),1,93761,"0,0871144303"
(ROOT (S=H (NP (NNP ) (NNS ) (NX=H (NX=H (JJ ) (NN ) (NNS=H )) (PP (IN=H ) (NP (NN=H ))))) (VP=H (VBP=H ) (ADJP (JJ=H ))) (. ))),1,93762,"0,0871153594"
(ROOT (S=H (NP (DT=H )) (VP=H (VBZ=H ) (NP (NP=H (DT ) (NN ) (NN=H )) (SBAR (S=H (VP=H (VBP=H ) (ADJP (JJ=H ))))))) (. ))),1,93763,"0,0871162885"
(ROOT (S=H (NP (NNP ) (NNP ) (NNP=H )) (VP=H (VBZ=H ) (PP (TO=H ) (NP (NP=H (NNP ) (NNPS=H ) (CC ) (NNPS )) (SBAR (S=H (VP=H (VBP=H ) (ADJP (JJ=H )))))))) (. ))),1,93764,"0,0871172176"
(ROOT (S=H (NP (NP=H (NNP ) (NNPS ) (CC ) (NNP ) (NNS=H )) (PP (IN=H ) (NP (JJ ) (NNP ) (NNP ) (NN=H )))) (VP=H (VBP=H ) (ADJP (JJ=H ))) (. ))),1,93765,"0,0871181468"
(ROOT (S=H (NP (NP=H (NNP ) (NNPS ) (CC ) (NNP ) (NNS=H )) (PP (TO=H ) (NP (DT ) (NNP ) (NNP ) (NNP=H )))) (VP=H (VBP=H ) (ADJP (JJ=H ))) (. ))),1,93766,"0,0871190759"
(ROOT (S=H (NP (NP=H (NNP ) (NNPS ) (NNP ) (NNP ) (NNS=H )) (PP (IN=H ) (NP (NNP ) (CC ) (NNP ) (NNP=H )))) (VP=H (VBP=H ) (ADJP (JJ=H ))) (. ))),1,93767,"0,087120005"
(ROOT (S=H (NP (NP=H (NNP ) (NNPS ) (CC ) (NNP ) (NNS=H )) (PP (TO=H ) (NP (DT ) (NNP ) (NNPS ) (NNP ) (NNP=H )))) (VP=H (VBP=H ) (ADJP (JJ=H ))) (. ))),1,93768,"0,0871209341"
(ROOT (S=H (NP (NP=H (NNP ) (NNPS ) (NNP ) (NNP ) (NNS=H )) (PP (IN=H ) (NP (NP=H (NNP ) (NNP=H )) (CC ) (NP (NNP ) (NNP=H ))))) (VP=H (VBP=H ) (ADJP (JJ=H ))) (. ))),1,93769,"0,0871218632"
(ROOT (S=H (NP (NP (JJ ) (NN=H )) (PRN (-LRB- ) (NP=H (NN ) (NN=H )) (-RRB- )) (NNS=H )) (VP=H (VBP=H ) (ADJP (JJ=H ))) (. ))),1,93770,"0,0871227923"
(ROOT (S=H (NP (NP=H (NNP ) (NNP=H )) (CC ) (NP (NP=H (DT ) (NNP ) (NNS=H )) (PP (TO=H ) (NP (NNP ) (NNP=H ))))) (VP=H (VBP=H ) (ADJP (JJ=H ))) (. ))),1,93771,"0,0871237214"
(ROOT (S=H (NP (NP=H (NNP ) (NNP=H )) (CC ) (NP (NP=H (DT ) (NNP ) (NNS=H )) (PP (TO=H ) (NP (DT ) (NNPS ) (CC ) (NNP ) (NNP=H ))))) (VP=H (VBP=H ) (ADJP (JJ=H ))) (. ))),1,93772,"0,0871246505"
(ROOT (S=H (NP (NP=H (NNPS ) (CC ) (NNP ) (NNP=H )) (ADJP (JJ=H ) (PP (TO=H ) (NP (NNP=H ))))) (VP=H (VBP=H ) (ADJP (JJ=H ))) (. ))),1,93773,"0,0871255796"
(ROOT (S=H (NP (NP=H (NNPS ) (CC ) (NNP ) (NNP=H )) (ADJP (JJ=H ) (PP (TO=H ) (NP (DT ) (NNP ) (NNPS=H ))))) (VP=H (VBP=H ) (ADJP (JJ=H ))) (. ))),1,93774,"0,0871265088"
(ROOT (S=H (S (VP=H (VBG=H ) (NP (NP=H (NNP=H ) (. )) (FRAG (NP (PRP$ ) (NN=H )) (: ) (S=H (CC ) (ADVP (RB=H )) (NP (PRP=H )) (VP=H (VBP=H ) (VP (VBG=H ) (S (VP=H (TO=H ) (VP (VB=H ) (NP (PRP$ ) (JJ ) (NNP ) (NN=H )))))))) (. ))) (NP-TMP (NNP=H )) (PP (IN=H ) (NP (NP=H (CD ) (NN=H )) (: ) (SQ (VP=H (VB=H ) (ADVP (RB=H ) (PP (IN=H ) (FRAG (VP=H (VB=H ) (NP (NN=H ))))))) (. )))))) (NP (NN=H )) (VP=H (VBP=H ) (ADJP (JJ=H ))) (. ))),1,93775,"0,0871274379"
(ROOT (NP=H (NP=H (NNP=H )) (: ) (S (NP (NNP ) (NNS ) (NNS=H )) (VP=H (VBP=H ) (ADJP (JJ=H )))) (. ))),1,93776,"0,087128367"
(ROOT (S=H (NP (NP=H (ADJP (RB ) (JJ=H )) (NN=H )) (CC ) (NP (NN ) (NNS=H ))) (VP=H (VBP=H ) (ADJP (JJ=H ))) (. ))),1,93777,"0,0871292961"
(ROOT (S=H (NP (NP=H (NNP ) (NNPS ) (CC ) (NNP ) (NNS=H )) (VP (VBN=H ) (PP (TO=H ) (NP (NN ) (NN=H ))))) (VP=H (VBP=H ) (ADJP (JJ=H ))) (. ))),1,93778,"0,0871302252"
(ROOT (S=H (NP (NP=H (NNP=H )) (PP (IN=H ) (NP (NP (NN ) (NNS ) (POS=H )) (JJ ) (NN ) (NNS=H )))) (VP=H (VBP=H ) (ADJP (JJ=H ))) (. ))),1,93779,"0,0871311543"
(ROOT (NP=H (NP=H (NNP=H )) (: ) (S (NP (NP=H (NNP ) (NNP=H )) (CC ) (NP (DT ) (NNP ) (NNS=H ))) (VP=H (VBP=H ) (ADJP (JJ=H )))) (. ))),1,93780,"0,0871320834"
(ROOT (NP=H (NP=H (NNP ) (NNP=H )) (: ) (S (NP (NP=H (NNP ) (NNP=H )) (CC ) (NP (DT ) (NNP ) (NNS=H ))) (VP=H (VBP=H ) (ADJP (JJ=H )))) (. ))),1,93781,"0,0871330125"
(ROOT (S=H (NP (NP=H (NNP=H )) (SBAR (S=H (NP (NP=H (NNS=H )) (PP (IN=H ) (NP (NNPS=H )))) (VP=H (VBP=H ) (VP (VBN=H )))))) (VP=H (VBP=H ) (ADJP (JJ=H ))) (. ))),1,93782,"0,0871339417"
(ROOT (S=H (NP (NP=H (JJ ) (ADJP (JJ=H ) (PRT (RP=H ))) (NN=H )) (PRN (-LRB- ) (VP=H (VBN=H ) (S (VP=H (VBG=H ) (NP (JJR ) (JJ ) (NN ) (NNS=H ))))) (-RRB- ))) (VP=H (VBP=H ) (SBAR (S=H (VP=H (VBP=H ) (ADJP (JJ=H )))))) (. ))),1,93783,"0,0871348708"
(ROOT (S=H (NP (NP=H (NN=H )) (PP (IN=H ) (NP (NNPS ) (NNPS=H )))) (VP=H (VBP=H ) (ADJP (JJ=H ))) (. ))),1,93784,"0,0871357999"
(ROOT (S=H (NP (NP (NNP ) (NNP=H )) (PRN (-LRB- ) (NP=H (NP=H (CD=H )) (: ) (NP (NNP ) (NNP=H ))) (-RRB- )) (NNS=H )) (VP=H (VBP=H ) (ADJP (JJ=H ))) (. ))),1,93785,"0,087136729"
(ROOT (S=H (NP (NP=H (NNP ) (NNP=H )) (PP (IN=H ) (NP (DT ) (NNP ) (NN ) (NN ) (NNS=H )))) (VP=H (VBP=H ) (ADJP (JJ=H ))) (. ))),1,93786,"0,0871376581"
(ROOT (NP=H (NP=H (NNP=H )) (: ) (S (NP (NNP ) (NN ) (NN ) (NN=H )) (VP=H (VBP=H ) (ADJP (JJ=H )))) (. ))),1,93787,"0,0871385872"
(ROOT (S=H (NP (NP=H (NNP ) (NNP=H )) (CC ) (NP (NP=H (DT ) (NNP ) (NNS=H )) (PP (IN=H ) (NP (NP=H (DT ) (NNS=H )) (PP (IN=H ) (NP (NNP ) (NNP=H ))))))) (VP=H (VBP=H ) (ADJP (JJ=H ))) (. ))),1,93788,"0,0871395163"
(ROOT (S=H (NP (NP=H (NNP ) (NNP=H )) (CC ) (NP (NP=H (DT ) (NNP ) (NNS=H )) (PP (IN=H ) (NP (NNP ) (NNP=H ))))) (VP=H (VBP=H ) (ADJP (JJ=H ))) (. ))),1,93789,"0,0871404454"
(ROOT (S=H (PP (IN=H ) (NP (NP=H (DT ) (NNP=H )) (CC ) (NP (DT ) (NN=H )))) (NP (NNS=H )) (VP=H (VBP=H ) (ADJP (JJ=H ))) (. ))),1,93790,"0,0871413745"
(ROOT (S=H (NP (CD ) (NNP ) (NNP ) (NNP ) (NNS ) (NNS=H )) (VP=H (VBP=H ) (ADJP (JJ=H ))) (. ))),1,93791,"0,0871423037"
(ROOT (NP=H (NP=H (CD ) (NNP ) (NNP ) (NNP ) (NNS=H )) (: ) (S (NP (NNP=H )) (VP=H (VBP=H ) (ADJP (JJ=H )))) (. ))),1,93792,"0,0871432328"
(ROOT (NP=H (NP=H (CD ) (NNP ) (NNP ) (NNP=H )) (: ) (S (NP (NNP ) (FW ) (NNP=H )) (VP=H (VBP=H ) (ADJP (JJ=H )))) (. ))),1,93793,"0,0871441619"
"(ROOT (S=H (NP (NP=H (JJ ) (NNS ) (, ) (NNS=H ) (CC ) (NNS )) (PP (IN=H ) (NP (NN=H )))) (VP=H (VBP=H ) (ADJP (JJ=H ))) (. )))",1,93794,"0,087145091"
"(ROOT (S=H (NP (NP=H (JJ ) (NNS ) (, ) (NNS=H ) (CC ) (NNS )) (PP (IN=H ) (NP (NNP ) (NNP=H )))) (VP=H (VBP=H ) (ADJP (JJ=H ))) (. )))",1,93795,"0,0871460201"
(ROOT (S=H (NP (NP=H (NNP ) (NNP=H )) (CC ) (NP (NP=H (DT ) (NNP ) (NNS=H )) (PP (IN=H ) (NP (NP=H (DT ) (NNS=H )) (PP (IN=H ) (NP (NNP=H ) (CC ) (NNP ))))))) (VP=H (VBP=H ) (ADJP (JJ=H ))) (. ))),1,93796,"0,0871469492"
(ROOT (S=H (NP (NP=H (NNP ) (NNP=H )) (CC ) (NP (NP=H (DT ) (NNP ) (NNS=H )) (PP (IN=H ) (NP (NP=H (DT ) (NNS=H )) (PP (IN=H ) (NP (DT ) (NNP ) (NNP ) (NNP=H ))))))) (VP=H (VBP=H ) (ADJP (JJ=H ))) (. ))),1,93797,"0,0871478783"
(ROOT (S=H (NP (NP=H (NNP ) (NNP=H )) (CC ) (NP (NP=H (DT ) (NNP ) (NNS=H )) (PP (IN=H ) (NP (DT ) (NNP ) (NNP ) (NNP=H ))))) (VP=H (VBP=H ) (ADJP (JJ=H ))) (. ))),1,93798,"0,0871488074"
(ROOT (S=H (NP (NNP=H )) (VP=H (VBD=H ) (NP (NP=H (NNS=H )) (SBAR (S=H (NP (NNP ) (NNP ) (NNP ) (NNS=H )) (VP=H (VBD=H ) (SBAR (S=H (NP (NN=H )) (VP=H (VBP=H ) (ADJP (JJ=H )))))))))) (. ))),1,93799,"0,0871497366"
"(ROOT (S=H (NP-TMP (JJ ) (NN=H )) (, ) (NP (NNP=H )) (VP=H (VBP=H ) (ADJP (JJ=H ))) (. )))",1,93800,"0,0871506657"
(ROOT (NP=H (NP=H (CD ) (NNP ) (NNP ) (NNP ) (NNS=H )) (: ) (S (NP (NNP ) (NNP=H )) (VP=H (VBP=H ) (ADJP (JJ=H )))) (. ))),1,93801,"0,0871515948"
(ROOT (S=H (SBARQ (WHNP (WP=H )) (SQ=H (VBZ=H ) (NP (NP=H (DT ) (NN=H )) (PP (IN=H ) (NP (NP=H (DT ) (`` ) (NNP ) (NNP ) ('' ) (NN=H )) (VP (VBG=H ) (VP (VBN=H ))))))) (. )) (NP (DT=H )) (VP=H (VBZ=H ) (PP (TO=H ) (SBAR (WHNP=H (NP=H (DT=H )) (PP (IN=H ) (NP (DT ) (NNS=H )) (. ))) (S (VP=H (VBP=H ) (ADJP (JJ=H ))))))) (. ))),1,93802,"0,0871525239"
(ROOT (S=H (NP (NP=H (NNP ) (NNPS ) (CC ) (NNP ) (NNS=H )) (PP (IN=H ) (NP (NP=H (DT ) (NNS=H )) (PP (IN=H ) (NP (NNP=H ) (CC ) (NNP )))))) (VP=H (VBP=H ) (ADJP (JJ=H ))) (. ))),1,93803,"0,087153453"
(ROOT (S=H (NP (NP=H (NNP ) (NNPS ) (CC ) (NNP ) (NNS=H )) (PP (IN=H ) (NP (NP=H (DT ) (NNS=H )) (PP (IN=H ) (NP (DT ) (NNP ) (NNP ) (NNP=H )))))) (VP=H (VBP=H ) (ADJP (JJ=H ))) (. ))),1,93804,"0,0871543821"
(ROOT (S=H (NP (NP=H (NNP ) (NNPS ) (CC ) (NNP ) (NNS=H )) (PP (IN=H ) (NP (NP=H (DT ) (NNS=H )) (PP (IN=H ) (NP (NNP ) (NNP=H )))))) (VP=H (VBP=H ) (ADJP (JJ=H ))) (. ))),1,93805,"0,0871553112"
(ROOT (S=H (NP (NP=H (NNP ) (NNPS ) (CC ) (NNP ) (NNS=H )) (PP (IN=H ) (NP (NP=H (DT ) (NNS=H )) (PP (IN=H ) (NP (NNP ) (NNP ) (CC ) (DT ) (NNPS=H )))))) (VP=H (VBP=H ) (ADJP (JJ=H ))) (. ))),1,93806,"0,0871562403"
(ROOT (S=H (NP (NNP ) (NNP ) (NNP=H )) (VP=H (VBZ=H ) (PP (IN=H ) (NP (NP=H (NNP ) (NNPS=H ) (CC ) (NNPS )) (SBAR (S=H (VP=H (VBP=H ) (ADJP (JJ=H )))))))) (. ))),1,93807,"0,0871571694"
(ROOT (S=H (S=H (NP (NNP ) (NNP ) (NNP=H )) (VP=H (VBZ=H ) (PP (IN=H ) (NP (NNP ) (NNP=H ))))) (CC ) (S (NP (DT ) (NNPS=H )) (VP=H (VBP=H ) (ADJP (JJ=H )))) (. ))),1,93808,"0,0871580986"
(ROOT (S=H (S=H (NP (NNP ) (NNP=H )) (VP=H (VBZ=H ) (PP (IN=H ) (NP (NNP ) (NNP=H ))))) (CC ) (S (NP (DT ) (NNPS=H )) (VP=H (VBP=H ) (ADJP (JJ=H )))) (. ))),1,93809,"0,0871590277"
(ROOT (S=H (NP (NP=H (NNP ) (NNPS ) (CC ) (NNP ) (NNS=H )) (PP (IN=H ) (NP (NNP=H ) (CC ) (NNP )))) (VP=H (VBP=H ) (ADJP (JJ=H ))) (. ))),1,93810,"0,0871599568"
(ROOT (S=H (NP (NP=H (NNP ) (NNPS ) (CC ) (NNP ) (NNS=H )) (PP (IN=H ) (NP (DT ) (NNP ) (NNP ) (NNP=H )))) (VP=H (VBP=H ) (ADJP (JJ=H ))) (. ))),1,93811,"0,0871608859"
(ROOT (S=H (NP (NP=H (NNP ) (NNPS ) (CC ) (NNP ) (NNS=H )) (PP (IN=H ) (NP (NNP ) (NNP=H )))) (VP=H (VBP=H ) (ADJP (JJ=H ))) (. ))),1,93812,"0,087161815"
(ROOT (S=H (NP (NP=H (NNP ) (NNPS ) (CC ) (NNP ) (NNS=H )) (PP (IN=H ) (NP (NNP ) (NNP ) (CC ) (DT ) (NNPS=H )))) (VP=H (VBP=H ) (ADJP (JJ=H ))) (. ))),1,93813,"0,0871627441"
(ROOT (S=H (NP (NP=H (NNP ) (NNP ) (NNP=H )) (PRN (-LRB- ) (NP=H (NP (NNS ) (POS=H )) (NN=H )) (-RRB- ))) (VP=H (VBP=H ) (ADJP (JJ=H ))) (. ))),1,93814,"0,0871636732"
"(ROOT (S=H (S (NP (NNP ) (NNP ) (NNP=H )) (VP=H (VBZ=H ) (PP (IN=H ) (NP (NNP=H ))))) (, ) (NP (NNP ) (NNP ) (NNP=H )) (VP=H (VBP=H ) (ADJP (JJ=H ))) (. )))",1,93815,"0,0871646023"
(ROOT (S=H (NP (NP=H (JJ ) (ADJP (JJ=H ) (PRT (RP=H ))) (NN=H )) (PRN (-LRB- ) (S=H (NP (NNP ) (NNS=H )) (VP=H (VBG=H ) (NP (NN=H )) (PP (IN=H ) (NP (NN ) (NN=H ))))) (-RRB- ))) (VP=H (VBP=H ) (SBAR (S=H (VP=H (VBP=H ) (ADJP (JJ=H )))))) (. ))),1,93816,"0,0871655314"
"(ROOT (S=H (S (NP (NNP ) (NNP ) (NNP=H )) (VP=H (VBZ=H ) (PP (IN=H ) (NP (NNP ) (NNP ) (NNP=H ))))) (, ) (NP (NNP=H )) (VP=H (VBP=H ) (ADJP (JJ=H ))) (. )))",1,93817,"0,0871664606"
(ROOT (S=H (NP (NNP ) (NNP=H )) (VP=H (VBZ=H ) (SBAR (S=H (NP (VBG ) (NNS=H )) (VP=H (VBP=H ) (ADJP (JJ=H )))))) (. ))),1,93818,"0,0871673897"
(ROOT (S=H (NP (NP=H (NNP=H )) (PP (IN=H ) (NP (ADJP (JJ=H ) (CC ) (JJ )) (NNS ) (NN=H )))) (VP=H (VBP=H ) (ADJP (JJ=H ))) (. ))),1,93819,"0,0871683188"
"(ROOT (S=H (S (NP (NNP ) (NNP ) (NNP=H )) (VP=H (VBZ=H ) (PP (IN=H ) (NP (NNP ) (NNP=H ))))) (, ) (NP (JJ ) (JJ ) (NN=H )) (VP=H (VBP=H ) (ADJP (JJ=H ))) (. )))",1,93820,"0,0871692479"
"(ROOT (S=H (S (NP (NNP ) (NNP ) (NNP=H )) (VP=H (VBZ=H ) (PP (IN=H ) (NP (DT ) (JJ ) (NN=H ))))) (, ) (NP (NNP ) (NNP=H )) (VP=H (VBP=H ) (ADJP (JJ=H ))) (. )))",1,93821,"0,087170177"
"(ROOT (S=H (S (ADVP (RB=H )) (NP=H (NP=H (NN=H )) (PP (IN=H ) (NP (DT ) (NNP ) (NNP=H ))))) (, ) (NP (NNP=H )) (VP=H (VBP=H ) (ADJP (JJ=H ))) (. )))",1,93822,"0,0871711061"
(ROOT (S=H (NP (NNP=H )) (VP=H (VBZ=H ) (SBAR (S=H (NP (ADJP (JJ=H ) (NNP ) (NNP )) (NNS=H )) (VP=H (VBP=H ) (ADJP (JJ=H )))))) (. ))),1,93823,"0,0871720352"
(ROOT (S=H (NP (NP=H (NNP ) (NNP=H ) (CC ) (NNP )) (PP (IN=H ) (NP (DT ) (NNP ) (NNPS=H )))) (VP=H (VBP=H ) (ADJP (JJ=H ))) (. ))),1,93824,"0,0871729643"
"(ROOT (S=H (S (NP (NNP ) (NNP ) (NNP=H )) (VP=H (VBZ=H ) (PP (IN=H ) (NP (NNP=H ))))) (, ) (NP (NP=H (NNP ) (NNP=H )) (PRN (-LRB- ) (NP=H (NNP=H )) (-RRB- ))) (VP=H (VBP=H ) (ADJP (JJ=H ))) (. )))",1,93825,"0,0871738935"
"(ROOT (S=H (S (NP (NNP ) (NNP ) (NNP=H )) (VP=H (VBZ=H ) (PP (IN=H ) (NP (NNP=H ))))) (, ) (NP (NP=H (NNP ) (NNP ) (NNP=H )) (PRN (-LRB- ) (NP=H (NNP=H )) (-RRB- ))) (VP=H (VBP=H ) (ADJP (JJ=H ))) (. )))",1,93826,"0,0871748226"
(ROOT (S=H (S=H (NP (NNP ) (NNP ) (NNP=H )) (VP=H (VBZ=H ) (PP (IN=H ) (NP (NNP ) (NNP=H ))))) (: ) (S (NP (NNP ) (NNS=H )) (VP=H (VBP=H ) (ADJP (JJ=H )))) (. ))),1,93827,"0,0871757517"
"(ROOT (S=H (NP (NP=H (NNP ) (NNP ) (NNP=H )) (SBAR (S=H (VP=H (VBZ=H ) (PP (IN=H ) (NP (NNP ) (, ) (NNP=H ) (CC ) (NNP )))))) (PRN (-LRB- ) (NP=H (NP=H (JJ ) (, ) (JJ ) (NNS=H )) (: ) (NP (CD=H ))) (-RRB- ))) (VP=H (VBP=H ) (ADJP (JJ=H ))) (. )))",1,93828,"0,0871766808"
"(ROOT (S=H (NP (NP=H (NNP ) (NNP ) (NNP=H )) (SBAR (S=H (VP=H (VBZ=H ) (PP (IN=H ) (NP (NNP ) (NNP=H )))))) (PRN (-LRB- ) (NP=H (NP=H (JJ ) (, ) (JJ ) (NNS=H )) (: ) (NP (CD=H ))) (-RRB- ))) (VP=H (VBP=H ) (ADJP (JJ=H ))) (. )))",1,93829,"0,0871776099"
"(ROOT (S=H (NP (NP=H (NNP ) (NNP ) (NNP=H )) (SBAR (S=H (VP=H (VBZ=H ) (PP (IN=H ) (NP (NNP ) (NNP=H )))))) (PRN (-LRB- ) (NP=H (NP=H (JJ ) (, ) (JJ ) (NNS=H )) (: ) (NP (NNS=H ))) (-RRB- ))) (VP=H (VBP=H ) (ADJP (JJ=H ))) (. )))",1,93830,"0,087178539"
(ROOT (S=H (NP (NNP ) (NNP ) (NNP=H )) (VP=H (VBZ=H ) (PP (IN=H ) (NP (NP=H (NNPS ) (NNPS=H )) (SBAR (S=H (VP=H (VBP=H ) (ADJP (JJ=H )))))))) (. ))),1,93831,"0,0871794681"
(ROOT (S=H (NP (NNP ) (NNP ) (NNP=H )) (VP=H (VBZ=H ) (SBAR (IN=H ) (S (NP (NNP ) (NNPS ) (NNP=H )) (VP=H (VBP=H ) (ADJP (JJ=H )))))) (. ))),1,93832,"0,0871803972"
"(ROOT (S=H (S (NP (NNP ) (NNP ) (NNP=H )) (VP=H (VBZ=H ) (PP (IN=H ) (NP (NNP=H ) (CC ) (NNP ))))) (, ) (NP (NNP=H )) (VP=H (VBP=H ) (ADJP (JJ=H ))) (. )))",1,93833,"0,0871813263"
"(ROOT (S=H (S (NP (NNP ) (NNP ) (NNP=H )) (VP=H (VBZ=H ) (PP (IN=H ) (NP (NP=H (NNP ) (NNP=H )) (PP (IN=H ) (NP (NP=H (NNP ) (NNP=H )) (PRN (-LRB- ) (NP=H (NNP=H )) (-RRB- )))))))) (, ) (NP (NNP ) (NNP=H )) (VP=H (VBP=H ) (ADJP (JJ=H ))) (. )))",1,93834,"0,0871822555"
"(ROOT (S=H (S (NP (NNP ) (NNP ) (NNP=H )) (VP=H (VBZ=H ) (PP (IN=H ) (NP (NP=H (NN=H )) (, ) (NP (NN ) (NN=H )))))) (, ) (NP (NNP=H )) (VP=H (VBP=H ) (ADJP (JJ=H ))) (. )))",1,93835,"0,0871831846"
"(ROOT (S=H (S (NP (NNP ) (NNP ) (NNP=H )) (VP=H (VBZ=H ) (PP (IN=H ) (NP (NN=H ))))) (, ) (NP (NP=H (NN=H )) (ADJP (JJ ) (, ) (JJ=H ))) (VP=H (VBP=H ) (ADJP (JJ=H ))) (. )))",1,93836,"0,0871841137"
"(ROOT (S=H (S (NP (NNP ) (NNP ) (NNP=H )) (VP=H (VBZ=H ) (PP (IN=H ) (NP (NNP ) (NN=H ))))) (, ) (NP (NNP=H )) (VP=H (VBP=H ) (ADJP (JJ=H ))) (. )))",1,93837,"0,0871850428"
(ROOT (S=H (NP (NNP ) (NNP ) (NNP=H )) (VP=H (VBZ=H ) (PP (IN=H ) (NP (NP=H (NNP ) (NNPS ) (NNP=H )) (SBAR (S=H (VP=H (VBP=H ) (ADJP (JJ=H )))))))) (. ))),1,93838,"0,0871859719"
(ROOT (S=H (NP (NNP ) (NNP ) (NNP=H )) (VP=H (VBZ=H ) (PP (IN=H ) (NP (NP=H (NNP ) (NNP=H )) (SBAR (S=H (NP (NP (NNP ) (NNP ) (POS=H )) (NNS=H )) (VP=H (VBP=H ) (ADJP (JJ=H )))))))) (. ))),1,93839,"0,087186901"
"(ROOT (S=H (S (NP (NNP ) (NNP ) (NNP=H )) (VP=H (VBZ=H ) (PP (IN=H ) (NP (NP=H (DT ) (NN=H )) (PP (IN=H ) (NP (NNP ) (NNPS=H ))))))) (, ) (NP (NNP=H )) (VP=H (VBP=H ) (ADJP (JJ=H ))) (. )))",1,93840,"0,0871878301"
"(ROOT (S=H (S (NP (NNP ) (NNP ) (NNP=H )) (VP=H (VBZ=H ) (PP (IN=H ) (NP (DT ) (JJ ) (NN=H ))))) (, ) (NP (NNP=H )) (VP=H (VBP=H ) (ADJP (JJ=H ))) (. )))",1,93841,"0,0871887592"
(ROOT (SINV=H (ADVP (RB ) (RB=H ) (. )) (VP=H (VBZ=H ) (NP (NP=H (NNP=H ) (CC ) (NNP )) (CC ) (SBAR (WHNP=H (WDT=H )) (S (VP=H (VBZ=H ) (S (S=H (UCP=H (NP=H (NP=H (NN=H )) (NP (NNP=H ))) (CC ) (S (NP (PRP=H )) (VP=H (VBD=H ) (NP-TMP (NN=H )) (SBAR (IN=H ) (S (NP (NP=H (DT ) (NN=H )) (SBAR (WHNP=H (WP=H )) (S (VP=H (VBP=H ) (NP (PRP$ ) (NN=H )))))) (VP=H (VBD=H ) (S (NP (DT ) (JJ ) (NN=H )) (ADJP=H (JJ=H )))))))) (. ))) (SBARQ (WHADVP (WRB=H )) (SQ=H (MD=H ) (NP (PRP=H )) (VP (VB=H ) (NP (PRP=H )) (PP (TO=H ) (NP (NNP=H ))))) (. )))))))) (NP (NP=H (NNP=H ) (. )) (SBAR (S=H (VP=H (VBP=H ) (ADJP (JJ=H )))))) (. ))),1,93842,"0,0871896883"
(ROOT (S=H (NP (NP (NNP ) (NNPS ) (NNP ) (POS=H )) (JJ ) (JJ ) (NN ) (NN=H )) (VP=H (VBP=H ) (ADJP (JJ=H ))) (. ))),1,93843,"0,0871906175"
(ROOT (S=H (NP (NP (NNP ) (NNPS ) (NNP ) (POS=H )) (JJ ) (JJ ) (NN ) (NNS=H )) (VP=H (VBP=H ) (ADJP (JJ=H ))) (. ))),1,93844,"0,0871915466"
(ROOT (S=H (NP (NAC (NNP=H ) (PP (IN=H ) (NP (NNP ) (FW ) (NNP=H )))) (NNS=H )) (VP=H (VBP=H ) (ADJP (JJ=H ))) (. ))),1,93845,"0,0871924757"
(ROOT (S=H (NP (NP=H (NNP ) (NNP=H )) (PP (IN=H ) (NP (NP=H (DT ) (NNP ) (NN=H )) (CC ) (NP (NN ) (NNS=H ))))) (VP=H (VBP=H ) (ADJP (JJ=H ))) (. ))),1,93846,"0,0871934048"
(ROOT (FRAG=H (NP (NN=H )) (: ) (S=H (NP (NP=H (CD ) (NNP=H ) (CD )) (PRN (-LRB- ) (NP=H (NNP ) (NNP ) (NNP ) (NNP ) (NNP=H )) (-RRB- ))) (VP=H (VBP=H ) (ADJP (JJ=H )))) (. ))),1,93847,"0,0871943339"
(ROOT (S=H (NP (NP=H (JJ ) (NN ) (NN=H )) (PP (VBN=H ) (PP (IN=H ) (NP (NNP ) (NNS=H ))))) (VP=H (VBP=H ) (ADJP (JJ=H ))) (. ))),1,93848,"0,087195263"
(ROOT (S=H (NP (NP=H (NNP=H ) (CD )) (SBAR (S=H (NP (NP (NNP ) (NNS ) (POS=H )) (NN=H )) (VP=H (VBZ=H ))))) (VP=H (VBP=H ) (ADJP (JJ=H ))) (. ))),1,93849,"0,0871961921"
(ROOT (S=H (NP (DT ) (NNP ) (NNPS ) (NN=H )) (VP=H (VBP=H ) (SBAR (S=H (NP (NN ) (NNS=H )) (VP=H (VBP=H ) (ADJP (JJ=H )))))) (. ))),1,93850,"0,0871971212"
(ROOT (S=H (NP (DT ) (NNS ) (NN=H )) (VP=H (VBP=H ) (SBAR (S=H (NP (NN ) (NNS=H )) (VP=H (VBP=H ) (ADJP (JJ=H )))))) (. ))),1,93851,"0,0871980504"
(ROOT (S=H (NP (DT ) (NNP ) (NNP ) (NN=H )) (VP=H (VBP=H ) (SBAR (S=H (NP (NN ) (NNS=H )) (VP=H (VBP=H ) (ADJP (JJ=H )))))) (. ))),1,93852,"0,0871989795"
(ROOT (S=H (NP (NP=H (NNP ) (NNP=H )) (PP (IN=H ) (NP (NP=H (DT ) (NNP=H )) (PP (IN=H ) (NP (NP=H (NNP=H )) (PP (TO=H ) (NP (NNP ) (NNS=H )))))))) (VP=H (VBP=H ) (ADJP (JJ=H ))) (. ))),1,93853,"0,0871999086"
(ROOT (FRAG=H (NP (NNP ) (NNP ) (NNP=H )) (: ) (S=H (NP (NNP=H ) (CC ) (NNP )) (VP=H (VBP=H ) (ADJP (JJ=H )))) (. ))),1,93854,"0,0872008377"
(ROOT (S=H (NP (NP (NNP ) (NNP ) (POS=H )) (NNP ) (NNP ) (NNP ) (NN=H )) (VP=H (VBP=H ) (SBAR (S=H (NP (NNS=H )) (VP=H (VBP=H ) (ADJP (JJ=H )))))) (. ))),1,93855,"0,0872017668"
(ROOT (S=H (NP (NP=H (NNP ) (FW ) (NNP=H )) (PP (IN=H ) (NP (NN ) (NN ) (NNS=H )))) (VP=H (VBP=H ) (ADJP (JJ=H ))) (. ))),1,93856,"0,0872026959"
(ROOT (S=H (NP (NP=H (NNP=H )) (PP (IN=H ) (NP (NP=H (NNP ) (CC ) (NNP ) (NNP=H )) (PP (IN=H ) (NP (NP=H (NP (DT ) (NNS ) (POS=H )) (NNP=H )) (PP (IN=H ) (NP (NNP=H )))))))) (VP=H (VBP=H ) (ADJP (JJ=H ))) (. ))),1,93857,"0,087203625"
(ROOT (S=H (NP (NP=H (NNP=H )) (CC ) (NP (NP=H (NN ) (NNS=H )) (PP (IN=H ) (NP (NP=H (DT ) (NNP ) (NNP=H )) (PP (IN=H ) (NP (NNP ) (NNPS=H ))))))) (VP=H (VBP=H ) (ADJP (JJ=H ))) (. ))),1,93858,"0,0872045541"
(ROOT (S=H (NP (NP=H (NNS ) (CC ) (NN ) (NNS=H )) (PP (IN=H ) (NP (DT ) (NNP=H )))) (VP=H (VBP=H ) (ADJP (JJ=H ))) (. ))),1,93859,"0,0872054832"
(ROOT (NP=H (NP=H (NNP ) (NNP ) (NNP=H )) (: ) (S (NP (NP=H (NNP ) (NNP=H )) (PP (IN=H ) (NP (NNP=H )))) (VP=H (VBP=H ) (ADJP (JJ=H )))) (. ))),1,93860,"0,0872064124"
(ROOT (NP=H (NP=H (NNP ) (NNP ) (NNP=H )) (: ) (S (NP (NP=H (NNP ) (NNP=H )) (PP (IN=H ) (NP (NNP ) (NN=H )))) (VP=H (VBP=H ) (ADJP (JJ=H )))) (. ))),1,93861,"0,0872073415"
(ROOT (NP=H (NP=H (NNP ) (NNP ) (NNP=H )) (: ) (S (NP (NP=H (NNP ) (NNP=H )) (PP (IN=H ) (NP (NNP ) (NNP ) (NNP=H )))) (VP=H (VBP=H ) (ADJP (JJ=H )))) (. ))),1,93862,"0,0872082706"
(ROOT (NP=H (NP=H (NNP ) (NNP ) (NNP=H )) (: ) (S (NP (NP=H (NNP ) (NNP=H )) (PP (IN=H ) (NP (NNP ) (JJ ) (NNS=H )))) (VP=H (VBP=H ) (ADJP (JJ=H )))) (. ))),1,93863,"0,0872091997"
(ROOT (S=H (NP (NP=H (JJ ) (NN ) (NNS ) (NNS=H )) (PP (IN=H ) (NP (NP=H (DT ) (NNP ) (NNPS=H )) (PP (IN=H ) (NP (NN=H )))))) (VP=H (VBP=H ) (ADJP (JJ=H ))) (. ))),1,93864,"0,0872101288"
(ROOT (S=H (NP (NNP ) (NNP=H )) (VP=H (ADVP (FW ) (FW=H )) (VBP=H ) (SBAR (S=H (NP (JJ ) (NNS=H )) (VP=H (VBP=H ) (ADJP (JJ=H )))))) (. ))),1,93865,"0,0872110579"
(ROOT (S=H (NP (PRP$ ) (JJ ) (FW ) (PRN (-LRB- ) (NP=H (NN=H )) (-RRB- )) (NN=H )) (VP=H (VBZ=H ) (SBAR (S=H (VP=H (VBP=H ) (ADJP (JJ=H )))))) (. ))),1,93866,"0,087211987"
(ROOT (S=H (NP (NP=H (NNP ) (NNP ) (NNP=H )) (PRN (-LRB- ) (NP=H (NN=H )) (-RRB- ))) (VP=H (VBP=H ) (SBAR (S=H (NP (NNS=H )) (VP=H (VBP=H ) (ADJP (JJ=H )))))) (. ))),1,93867,"0,0872129161"
(ROOT (S=H (NP (NNP ) (NNP ) (NNP=H )) (PRN (-LRB- ) (NP=H (NN=H )) (-RRB- )) (NP (NN ) (NNS=H )) (VP=H (VBP=H ) (ADJP (JJ=H ))) (. ))),1,93868,"0,0872138452"
(ROOT (S=H (NP (NP=H (NNP ) (NNPS ) (JJ ) (NNS=H )) (PP (IN=H ) (NP (NNS=H ) (CC ) (NNS )))) (VP=H (VBP=H ) (ADJP (JJ=H ))) (. ))),1,93869,"0,0872147744"
(ROOT (S=H (S=H (NP (NNP=H )) (VP=H (VBD=H ) (PP (IN=H ) (NP (DT ) (NNP ) (NNP=H ))))) (: ) (S (NP (NNS=H )) (VP=H (VBP=H ) (SBAR (S=H (NP (NN=H )) (VP=H (VBP=H ) (ADJP (JJ=H ))))))) (. ))),1,93870,"0,0872157035"
(ROOT (S=H (NP (ADJP (NNP ) (NN=H )) (NNS=H )) (VP=H (VBP=H ) (ADJP (JJ=H ))) (. ))),1,93871,"0,0872166326"
"(ROOT (S=H (NP (NP=H (NNP=H )) (PP (IN=H ) (NP (NP=H (NNP ) (NNP=H )) (, ) (NP (NP=H (NNP=H )) (PP (IN=H ) (NP (NNP ) (NNP ) (NNS=H ))))))) (VP=H (VBP=H ) (ADJP (JJ=H ))) (. )))",1,93872,"0,0872175617"
(ROOT (S=H (NP (NP (JJ ) (CD ) (NNP ) (NNS=H )) (POS ) (ADJP (RB ) (JJ=H )) (NNS=H )) (VP=H (VBP=H ) (ADJP (JJ=H ))) (. ))),1,93873,"0,0872184908"
(ROOT (S=H (NP (NP=H (NNP ) (NNP=H )) (PP (IN=H ) (NP (NP=H (NNP=H )) (PP (IN=H ) (NP (DT ) (NN ) (NNS=H )))))) (VP=H (VBP=H ) (ADJP (JJ=H ))) (. ))),1,93874,"0,0872194199"
(ROOT (S=H (NP (NP=H (NP (NNP ) (NNP ) (POS=H )) (NNP=H )) (PP (IN=H ) (NP (NP=H (NP (DT ) (NNS ) (POS=H )) (NNP=H )) (PP (IN=H ) (NP (NNP ) (NNS=H )))))) (VP=H (VBP=H ) (ADJP (JJ=H ))) (. ))),1,93875,"0,087220349"
(ROOT (S=H (NP (NP=H (NNP ) (NNP=H )) (PP (IN=H ) (NP (NP=H (DT ) (NNP ) (NNP=H )) (PP (IN=H ) (NP (NNP ) (NNS=H )))))) (VP=H (VBP=H ) (ADJP (JJ=H ))) (. ))),1,93876,"0,0872212781"
(ROOT (S=H (S=H (NP (NNP=H )) (VP=H (VBZ=H ) (S (NP (NN ) (NNS=H )) (VP=H (SYM ) (NP=H (DT ) (NN ) (CD ) (NN ) (CD ) (NN ) (NN=H )))))) (: ) (S (NP (DT ) (NNP ) (CD ) (NNP ) (CD ) (JJ ) (NN=H )) (VP=H (VBP=H ) (ADJP (JJ=H )))) (. ))),1,93877,"0,0872222073"
(ROOT (NP=H (NP=H (NNS=H )) (: ) (S (NP (NNP ) (NNP ) (NN=H )) (VP=H (VBP=H ) (ADJP (JJ=H )))) (. ))),1,93878,"0,0872231364"
(ROOT (S=H (VP=H (VB=H ) (NP (NP=H (JJ ) (JJ ) (NN ) (NN=H )) (SBAR (S=H (NP (JJ ) (NNS=H )) (VP=H (VBP=H ) (ADJP (JJ=H ))))))) (. ))),1,93879,"0,0872240655"
(ROOT (S=H (NP (NP=H (JJ ) (NN ) (NN=H )) (PRN (-LRB- ) (NP=H (NNP ) (NNPS=H )) (-RRB- ))) (VP=H (VBP=H ) (ADJP (JJ=H ))) (. ))),1,93880,"0,0872249946"
(ROOT (NP=H (NP=H (NP=H (NNS=H )) (PP (IN=H ) (NP (NNP=H )))) (: ) (NP (NP=H (NNP=H )) (SBAR (S=H (NP (JJ ) (NN=H )) (VP=H (VBP=H ) (ADJP (JJ=H )))))) (. ))),1,93881,"0,0872259237"
(ROOT (S=H (NP (NP=H (NNPS ) (NNP ) (JJ ) (JJ ) (NNS=H )) (PP (IN=H ) (NP (NN=H )))) (VP=H (VBP=H ) (ADJP (JJ=H ))) (. ))),1,93882,"0,0872268528"
(ROOT (S=H (NP (NP=H (NNP ) (NNPS ) (CC ) (NNP ) (NNS=H )) (PP (IN=H ) (NP (NNS=H )))) (VP=H (VBP=H ) (ADJP (JJ=H ))) (. ))),1,93883,"0,0872277819"
(ROOT (S=H (PP (IN=H ) (NP (JJ ) (NN ) (NN=H ))) (NP (JJ ) (NNS=H )) (VP=H (VBP=H ) (ADJP (JJ=H ))) (. ))),1,93884,"0,087228711"
(ROOT (S=H (NP (NP=H (NNP ) (NNP=H )) (PP (IN=H ) (NP (NP=H (DT ) (JJ ) (NNPS=H )) (PP (IN=H ) (NP (NNP=H )))))) (VP=H (VBP=H ) (ADJP (JJ=H ))) (. ))),1,93885,"0,0872296401"
(ROOT (S=H (NP (NNP=H )) (VP=H (VBZ=H ) (SBAR (S=H (NP (NP=H (NP=H (NNS=H )) (PP (IN=H ) (NP (NNP=H )))) (PRN (-LRB- ) (NNP ) (NN=H ) (-RRB- ))) (VP=H (VBP=H ) (ADJP (JJ=H )))))) (. ))),1,93886,"0,0872305693"
"(ROOT (S=H (SBAR (IN=H ) (S (NP (PRP=H )) (VP=H (VBD=H ) (NP (NNS=H )) (PP (IN=H ) (NP (NNP=H )))))) (, ) (NP (NNP=H )) (VP=H (VBP=H ) (ADJP (JJ=H ))) (. )))",1,93887,"0,0872314984"
(ROOT (S=H (NP (NP=H (NNPS ) (NNS=H )) (VP (VBN=H ) (PP (IN=H ) (NP (JJ ) (NNP=H ))))) (VP=H (VBP=H ) (ADJP (JJ=H ))) (. ))),1,93888,"0,0872324275"
(ROOT (S=H (NP (NP=H (NNP=H )) (CC ) (NP (NP=H (NN ) (NNS=H )) (VP (VBN=H ) (PP (IN=H ) (NP (DT ) (NNP=H )))))) (VP=H (VBP=H ) (ADJP (JJ=H ))) (. ))),1,93889,"0,0872333566"
(ROOT (S=H (NP (NNP ) (NN=H )) (VP=H (VBD=H ) (SBAR (S=H (NP (VBG ) (NNS ) (NNS=H )) (VP=H (VBP=H ) (ADJP (JJ=H )))))) (. ))),1,93890,"0,0872342857"
(ROOT (S=H (NP (NP=H (JJ ) (NN ) (NNS ) (NN=H )) (PP (IN=H ) (NP (DT ) (JJ ) (NN=H )))) (VP=H (VBP=H ) (ADJP (JJ=H ))) (. ))),1,93891,"0,0872352148"
(ROOT (S=H (NP (NP=H (NNP=H )) (PP (IN=H ) (NP (NP (NNP ) (NNP ) (NNP ) (POS=H )) (NN ) (NNS=H )))) (VP=H (VBP=H ) (ADJP (JJ=H ))) (. ))),1,93892,"0,0872361439"
(ROOT (S=H (NP (NP=H (DT ) (NNP ) (NNP ) (NN=H )) (CC ) (NP (NN ) (NNS=H ))) (VP=H (VBP=H ) (ADJP (JJ=H ))) (. ))),1,93893,"0,087237073"
(ROOT (S=H (NP (NP=H (NNP ) (NNPS ) (NNP ) (NN=H )) (PRN (-LRB- ) (NP=H (CD=H )) (-RRB- ))) (VP=H (VBP=H ) (ADJP (JJ=H ))) (. ))),1,93894,"0,0872380021"
(ROOT (S=H (NP (NNP ) (NN=H )) (VP=H (VBP=H ) (SBAR (S=H (NP (VBG ) (NNS ) (NNS=H )) (VP=H (VBP=H ) (ADJP (JJ=H )))))) (. ))),1,93895,"0,0872389313"
(ROOT (S=H (ADVP (RB=H )) (NP (JJ ) (NN ) (NNS ) (NNS=H )) (VP=H (VBP=H ) (ADJP (JJ=H ))) (. ))),1,93896,"0,0872398604"
(ROOT (S=H (S=H (NP (PRP=H )) (VP=H (VBP=H ) (ADVP (RB=H )))) (: ) (S (NP (NNP ) (NNP=H )) (VP=H (VBP=H ) (ADJP (JJ=H )))) (. ))),1,93897,"0,0872407895"
(ROOT (S=H (NP (CD ) (NNP ) (NNP ) (NNP ) (NNPS ) (NNP ) (NNS=H )) (VP=H (VBP=H ) (ADJP (JJ=H ))) (. ))),1,93898,"0,0872417186"
(ROOT (S=H (NP (NP=H (NNP ) (NN=H )) (ADJP (JJ ) (JJ=H ))) (VP=H (VBZ=H ) (SBAR (S=H (NP (JJ ) (NNS=H )) (VP=H (VBP=H ) (ADJP (JJ=H )))))) (. ))),1,93899,"0,0872426477"
"(ROOT (S=H (S (NP (NNP ) (NNP=H )) (VP=H (VBD=H ) (NP (NNS=H )) (PP (IN=H ) (NP (NNP=H ))))) (, ) (NP (NNP=H )) (VP=H (VBP=H ) (ADJP (JJ=H ))) (. )))",1,93900,"0,0872435768"
"(ROOT (S=H (S (NP (NNP ) (NNP=H )) (VP=H (VBZ=H ) (NP (NP=H (VBN ) (NNS=H )) (PP (IN=H ) (NP (NNP=H )))))) (, ) (NP (NNP=H )) (VP=H (VBP=H ) (ADJP (JJ=H ))) (. )))",1,93901,"0,0872445059"
"(ROOT (S=H (NP (NP=H (NNP ) (NNP ) (NNP=H )) (PP (IN=H ) (NP (NN ) (, ) (NN ) (CC ) (NN ) (NNS=H )))) (VP=H (VBP=H ) (ADJP (JJ=H ))) (. )))",1,93902,"0,087245435"
(ROOT (S=H (NP (NP=H (DT ) (NNP ) (NNP=H )) (PRN (-LRB- ) (NP=H (NN ) (NN=H )) (-RRB- ))) (VP=H (VBP=H ) (SBAR (S=H (NP (NNS=H )) (VP=H (VBP=H ) (ADJP (JJ=H )))))) (. ))),1,93903,"0,0872463642"
(ROOT (S=H (NP (NNP=H )) (VP=H (VBD=H ) (SBAR (S=H (NP (NP=H (NNS ) (NNP ) (CC ) (NNP ) (NNP=H )) (PP (IN=H ) (NP (NP=H (NNP ) (NNP=H )) (PP (IN=H ) (NP (NNP ) (JJ ) (NN=H )))))) (VP=H (VBP=H ) (ADJP (JJ=H )))))) (. ))),1,93904,"0,0872472933"
(ROOT (S=H (NP (DT ) (NNP=H )) (PRN (-LRB- ) (NP=H (NN ) (NN=H )) (-RRB- )) (NP (JJ ) (NNS=H )) (VP=H (VBP=H ) (ADJP (JJ=H ))) (. ))),1,93905,"0,0872482224"
"(ROOT (S=H (NP (NP=H (NNP=H )) (, ) (NP (NNS=H )) (, ) (NP (JJ ) (NN ) (NNS=H )) (, ) (NP (NN ) (NNS=H )) (, ) (NP (NN ) (NNS=H ))) (VP=H (VBP=H ) (ADJP (JJ=H ))) (. )))",1,93906,"0,0872491515"
(ROOT (S=H (NP (ADJP (ADJP=H (JJ=H )) (PRN (-LRB- ) (NP=H (NN ) (NN=H )) (-RRB- ))) (NN=H )) (VP=H (VBP=H ) (ADJP (JJ=H ))) (. ))),1,93907,"0,0872500806"
(ROOT (S=H (NP (NP=H (NNP ) (NNP=H )) (PP (IN=H ) (NP (NP=H (DT ) (NNP ) (NNS=H )) (PP (IN=H ) (NP (NP=H (DT ) (NNP=H )) (PP (IN=H ) (NP (DT ) (NNP=H )))))))) (VP=H (VBP=H ) (ADJP (JJ=H ))) (. ))),1,93908,"0,0872510097"
(ROOT (S=H (NP (NP=H (NNP ) (NNP ) (NNP=H )) (PP (IN=H ) (NP (DT ) (JJ ) (NNS=H )))) (VP=H (VBP=H ) (ADJP (JJ=H ))) (. ))),1,93909,"0,0872519388"
(ROOT (S=H (S (VP=H (VBP=H ) (RB ) (VP (VB=H )))) (VP=H (VBP=H ) (ADJP (JJ=H ))) (. ))),1,93910,"0,0872528679"
(ROOT (NP=H (NP=H (NNP=H )) (: ) (NP (NP=H (NNP ) (NNP=H )) (SBAR (S=H (NP (JJ ) (NN ) (NNS=H )) (VP=H (VBP=H ) (ADJP (JJ=H )))))) (. ))),1,93911,"0,087253797"
"(ROOT (S=H (SBAR (WHADVP=H (WRB=H )) (S (S (VP=H (VBG=H ) (NP (NP=H (NNP ) (NNP=H )) (, ) (NP (NP=H (VP (VB=H ) (ADJP (JJ=H ) (S (RB ) (VP=H (TO=H ) (VP (VB=H ) (NP (NP=H (DT ) (NN=H )) (PP (IN=H ) (NP (NNS=H ))))))))) (PP=H (IN=H ) (NP (PRP$ ) (NNS=H )))) (. ) (NP (NP=H (NP (NNP ) (POS=H )) (NN=H )) (PP (IN=H ) (NP (NN=H )))))))) (VP=H (VBZ=H ) (NP (NP=H (NN=H )) (PP (IN=H ) (NP (DT ) (NN=H ))))))) (VP=H (VBP=H ) (ADJP (JJ=H ))) (. )))",1,93912,"0,0872547262"
(ROOT (S=H (PP (IN=H ) (NP (ADJP (NN ) (VBN=H )) (NNS=H ))) (NP (NN=H )) (VP=H (VBP=H ) (S (VP=H (VB=H ) (SBAR (S=H (NP (DT ) (NN=H )) (VP=H (VBP=H ) (ADJP (JJ=H )))))))) (. ))),1,93913,"0,0872556553"
(ROOT (S=H (NP (NP=H (NNP ) (NNP ) (NNP ) (NNP ) (NNP=H )) (PP (IN=H ) (NP (DT ) (NNP ) (NNPS ) (NNP=H )))) (VP=H (VBP=H ) (ADJP (JJ=H ))) (. ))),1,93914,"0,0872565844"
(ROOT (S=H (NP (NP=H (NNP ) (NNP ) (NNP ) (NNP=H )) (PP (IN=H ) (NP (NNP ) (NNP ) (NNP ) (NNS=H )))) (VP=H (VBP=H ) (ADJP (JJ=H ))) (. ))),1,93915,"0,0872575135"
(ROOT (S=H (NP (NNP=H )) (VP=H (VBD=H ) (SBAR (S=H (NP (JJ ) (NN ) (NNS ) (NNS=H )) (VP=H (VBP=H ) (ADJP (JJ=H )))))) (. ))),1,93916,"0,0872584426"
"(ROOT (S=H (S (NP (NNP ) (NNS=H )) (VP=H (VBN=H ) (PP (IN=H ) (NP (NNP ) (NNP=H ))))) (, ) (NP (NNP ) (NNP=H )) (VP=H (VBP=H ) (ADJP (JJ=H ))) (. )))",1,93917,"0,0872593717"
(ROOT (S=H (NP (NP=H (JJ ) (NN ) (NN=H )) (SBAR (S=H (NP (NN ) (NNS=H )) (VP=H (VBD=H ) (PP (IN=H ) (NP (DT ) (NNP ) (NNPS=H ))))))) (VP=H (VBP=H ) (ADJP (JJ=H ))) (. ))),1,93918,"0,0872603008"
(ROOT (S=H (NP (NP=H (NNP=H )) (PP (IN=H ) (NP (NP (NNP ) (NNPS ) (NNP ) (POS=H )) (NN ) (NNS=H )))) (VP=H (VBP=H ) (ADJP (JJ=H ))) (. ))),1,93919,"0,0872612299"
(ROOT (S=H (NP (NP=H (JJ ) (NN ) (NN=H )) (SBAR (S=H (NP (NN ) (NNS=H )) (VP=H (VBD=H ) (PP (IN=H ) (NP (NP=H (DT ) (NNP=H )) (PP (IN=H ) (NP (NNP=H ))))))))) (VP=H (VBP=H ) (ADJP (JJ=H ))) (. ))),1,93920,"0,0872621591"
(ROOT (NP=H (NP=H (NNP ) (NNP ) (NNP ) (NNP ) (NNP=H )) (: ) (NP (NP=H (NP (NNP ) (POS=H )) (CD ) (NN=H )) (SBAR (S=H (NP (NNP ) (NNP=H )) (VP=H (VBP=H ) (ADJP (JJ=H )))))) (. ))),1,93921,"0,0872630882"
"(ROOT (S=H (NP (PRP=H )) (VP=H (VBZ=H ) (SBAR (IN=H ) (S (NP (NP=H (NN=H )) (, ) (VP (ADVP (RB=H )) (VBN=H ) (PP (IN=H ) (NP (ADJP (RBR ) (VBN=H )) (NNS=H )))) (, )) (VP=H (VBZ=H ) (S (VP=H (TO=H ) (VP (VB=H ) (NP (NP=H (DT ) (NN=H )) (PP (IN=H ) (NP (NP=H (DT ) (NNS=H )) (PP (IN=H ) (S (VP=H (VBG=H ) (NP (NP=H (NNS=H )) (, ) (ADJP (RB ) (RB ) (JJ=H )) (, ) (SBAR (WHNP=H (WP=H )) (S (VP=H (VBP=H ) (RB ) (ADJP (RB ) (JJ=H ) (SBAR (S=H (VP=H (VBP=H ) (ADJP (JJ=H ))))))))))))))))))))))) (. )))",1,93922,"0,0872640173"
(ROOT (S=H (NP (NP=H (JJ ) (NN ) (NN=H )) (SBAR (S=H (NP (NN ) (NNS=H )) (VP=H (VBD=H ) (PP (IN=H ) (NP (NNP=H ) (CC ) (NNP ))))))) (VP=H (VBP=H ) (ADJP (JJ=H ))) (. ))),1,93923,"0,0872649464"
(ROOT (S=H (NP (NNP=H )) (VP=H (VBZ=H ) (NP (NP=H (DT ) (JJS ) (NN=H )) (PP (IN=H ) (S (VP=H (VBG=H ) (NP (NP=H (CD ) (NNS=H )) (SBAR (S=H (VP=H (VBP=H ) (ADJP (JJ=H ))))))))))) (. ))),1,93924,"0,0872658755"
(ROOT (S=H (NP (NAC (NNP=H ) (CD )) (NNP=H )) (VP=H (VBP=H ) (ADJP (JJ=H ))) (. ))),1,93925,"0,0872668046"
(ROOT (S=H (NP (NP=H (DT ) (NN=H )) (SBAR (WHADVP=H (WRB=H )) (S (NP (NN=H )) (VP=H (VBZ=H ) (NP (JJ ) (NNS=H )))))) (VP=H (VBP=H ) (ADJP (JJ=H ))) (. ))),1,93926,"0,0872677337"
(ROOT (NP=H (NP=H (NNS=H )) (PP (IN=H ) (NP (NP=H (NNP=H )) (SBAR (WHNP=H (WP=H )) (S (VP=H (VBP=H ) (ADJP (JJ=H ))))))) (. ))),1,93927,"0,0872686628"
(ROOT (NP=H (NP=H (NP=H (NNP=H )) (PP (IN=H ) (NP (DT ) (NNP=H )))) (: ) (NP (NP=H (NNP ) (NNP=H )) (SBAR (S=H (NP (JJ ) (NN=H )) (VP=H (VBP=H ) (ADJP (JJ=H )))))) (. ))),1,93928,"0,0872695919"
(ROOT (NP=H (NP=H (NNP=H )) (: ) (NP (NP=H (NNP ) (NNP=H )) (SBAR (S=H (NP (JJ ) (NN ) (NN ) (NNS=H )) (VP=H (VBP=H ) (ADJP (JJ=H )))))) (. ))),1,93929,"0,0872705211"
"(ROOT (NP=H (NP=H (NNP=H )) (: ) (NP (NP=H (NNP ) (, ) (NNP=H )) (SBAR (S=H (NP (JJ ) (NN=H )) (VP=H (VBP=H ) (ADJP (JJ=H )))))) (. )))",1,93930,"0,0872714502"
(ROOT (NP=H (NP=H (NNP ) (NNP=H )) (: ) (NP (NP=H (NNP ) (NNP ) (NNP=H )) (: ) (S (NP (NNP ) (JJ ) (NN=H )) (VP=H (VBP=H ) (ADJP (JJ=H ))))) (. ))),1,93931,"0,0872723793"
(ROOT (S=H (NP (NP=H (DT=H )) (SBAR (S=H (VP=H (VBZ=H ) (SBAR (S=H (S=H (NP (NNS=H )) (VP=H (VBD=H ) (SBAR (IN=H ) (S (NP (NP=H (JJS=H )) (PP (IN=H ) (NP (NP=H (NN=H )) (PP (IN=H ) (NP (RB=H )))))) (VP=H (VBZ=H ) (ADJP (JJ=H ))) (. ))))) (IN ) (S (NP (PRP=H )) (VP=H (VBD=H ) (SBAR (IN=H ) (S (NP (PRP=H )) (VP=H (VBP=H ) (VP (VBN=H ) (S (VP=H (TO=H ) (VP (VB=H ) (NP (PRP=H )))))))))) (. )))))))) (VP=H (VBP=H ) (ADJP (JJ=H ))) (. ))),1,93932,"0,0872733084"
(ROOT (S=H (NP (PRP=H )) (VP=H (MD=H ) (VP (VB=H ) (SBAR (S=H (NP (PRP$ ) (NN ) (NN ) (NN ) (NN=H )) (VP=H (VBP=H ) (ADJP (JJ=H ))))))) (. ))),1,93933,"0,0872742375"
"(ROOT (S=H (NP (NP (NNP ) (NNP ) (POS=H )) (NNP ) (PRN (-LRB- ) (NP=H (NP=H (NNP=H )) (PP (IN=H ) (NP (NNP ) (, ) (NNP=H )))) (-RRB- )) (NNP=H )) (VP=H (VBP=H ) (ADJP (JJ=H ))) (. )))",1,93934,"0,0872751666"
(ROOT (S=H (NP (NP=H (NNP ) (NNPS ) (NNP ) (NNP=H )) (PRN (-LRB- ) (NP=H (CD=H )) (-RRB- ))) (VP=H (VBP=H ) (ADJP (JJ=H ))) (. ))),1,93935,"0,0872760957"
(ROOT (S=H (NP (NP=H (NNP ) (NNP=H )) (PP (IN=H ) (NP (NNP ) (CC ) (NNP ) (CC ) (NNP ) (NNP ) (NNS=H )))) (VP=H (VBP=H ) (ADJP (JJ=H ))) (. ))),1,93936,"0,0872770248"
(ROOT (FRAG=H (NP (NNP ) (NNP ) (NNP ) (NNP=H )) (: ) (S=H (NP (NNS=H )) (VP=H (VBP=H ) (ADJP (JJ=H )))) (. ))),1,93937,"0,0872779539"
(ROOT (NP=H (NP=H (DT ) (NNP ) (NNP=H )) (: ) (S (NP (NNS=H )) (VP=H (VBP=H ) (ADJP (JJ=H )))) (. ))),1,93938,"0,0872788831"
(ROOT (S=H (NP (NP=H (NNP=H )) (PP (VBG=H ) (NP (NP=H (NNS=H )) (PP (IN=H ) (NP (JJ ) (NN=H )))))) (ADVP (IN=H )) (VP=H (VBP=H ) (ADJP (JJ=H ))) (. ))),1,93939,"0,0872798122"
(ROOT (S=H (NP (NP=H (NNP=H )) (PP (VBG=H ) (NP (NP=H (NNS=H )) (PP (IN=H ) (NP (NN=H )))))) (VP=H (VBP=H ) (ADJP (JJ=H ))) (. ))),1,93940,"0,0872807413"
(ROOT (S=H (NP (NP=H (NNP=H )) (PP (IN=H ) (NP (NP=H (NNP=H )) (PP (IN=H ) (NP (ADJP (NNP ) (JJ=H )) (NNS=H )))))) (VP=H (VBP=H ) (ADJP (JJ=H ))) (. ))),1,93941,"0,0872816704"
(ROOT (S=H (NP (NP=H (JJ ) (NN ) (NN=H )) (SBAR (S=H (NP (NN ) (NNS=H )) (VP=H (VBD=H ) (PP (IN=H ) (NP (DT ) (NNP ) (NNP=H ))))))) (VP=H (VBP=H ) (ADJP (JJ=H ))) (. ))),1,93942,"0,0872825995"
(ROOT (NP=H (NP=H (NNP ) (PRN (-LRB- ) (NP=H (NN=H )) (-RRB- )) (NNP=H )) (: ) (NP (NP=H (NN ) (NN ) (NNS=H )) (SBAR (S=H (NP (NN=H )) (VP=H (VBP=H ) (ADJP (JJ=H )))))) (. ))),1,93943,"0,0872835286"
(ROOT (S=H (ADVP (RB=H )) (PRN (-LRB- ) (NP=H (NNP=H )) (-RRB- )) (NP (NNP=H )) (VP=H (VBP=H ) (ADJP (JJ=H ))) (. ))),1,93944,"0,0872844577"
"(ROOT (S=H (S (INTJ (VB=H )) (NP (NN=H )) (VP=H (VBP=H ) (NP (DT=H )))) (, ) (NP (NN=H )) (VP=H (VBP=H ) (ADJP (JJ=H ))) (. )))",1,93945,"0,0872853868"
(ROOT (S=H (NP (NP=H (NNP ) (CC ) (NNS ) (NNS=H )) (PP (IN=H ) (NP (JJ ) (NNS=H )))) (VP=H (VBP=H ) (ADJP (JJ=H ))) (. ))),1,93946,"0,087286316"
"(ROOT (S=H (FRAG (ADJP=H (NNP=H ) (NNP ))) (, ) (NP (NNP ) (NNS=H )) (VP=H (VBP=H ) (ADJP (JJ=H ))) (. )))",1,93947,"0,0872872451"
"(ROOT (S=H (NP (NP=H (NNP=H )) (PP (IN=H ) (NP (NP=H (NNP=H )) (, ) (NP (JJ ) (NNS=H ))))) (VP=H (VBP=H ) (ADJP (JJ=H ))) (. )))",1,93948,"0,0872881742"
(ROOT (S=H (NP (NP=H (ADJP (JJ ) (JJ=H )) (NN=H )) (PP (IN=H ) (NP (VBG ) (NNS=H )))) (VP=H (VBP=H ) (ADJP (JJ=H ))) (. ))),1,93949,"0,0872891033"
(ROOT (S=H (NP (NNP=H )) (VP=H (VBP=H ) (SBAR (S=H (NP (VBG ) (NNS ) (NNS=H )) (VP=H (VBP=H ) (ADJP (JJ=H )))))) (. ))),1,93950,"0,0872900324"
(ROOT (S=H (NP (NNP=H )) (VP=H (VBP=H ) (SBAR (S=H (NP (JJ ) (NN ) (NNS ) (NNS=H )) (VP=H (VBP=H ) (ADJP (JJ=H )))))) (. ))),1,93951,"0,0872909615"
(ROOT (S=H (NP (NP (DT ) (NN=H )) (PRN (-LRB- ) (NP=H (JJ ) (NN=H )) (-RRB- )) (NNS=H )) (VP=H (VBP=H ) (ADJP (JJ=H ))) (. ))),1,93952,"0,0872918906"
(ROOT (S=H (NP (NP=H (NN ) (NN=H )) (PP (VBN=H ) (PP (IN=H ) (NP (NNS=H ) (CC ) (NNS ))))) (VP=H (VBP=H ) (ADJP (JJ=H ))) (. ))),1,93953,"0,0872928197"
(ROOT (S=H (NP (ADJP (NN=H ) (CD )) (NNP=H )) (VP=H (VBP=H ) (ADJP (JJ=H ))) (. ))),1,93954,"0,0872937488"
"(ROOT (S=H (S (NP (NNS=H )) (VP=H (VBD=H ) (PP (IN=H ) (NP (NP=H (DT ) (NN=H )) (PP (IN=H ) (NP (NNP=H ))))))) (, ) (NP (NNP=H )) (VP=H (VBP=H ) (ADJP (JJ=H ))) (. )))",1,93955,"0,087294678"
(ROOT (S=H (NP (NP=H (NNP ) (NNP ) (NNP ) (NNS ) (NNP ) (NN=H )) (PP (IN=H ) (NP (JJS ) (NNP ) (NNS=H )))) (VP=H (VBP=H ) (ADJP (JJ=H ))) (. ))),1,93956,"0,0872956071"
(ROOT (S=H (NP (NN=H )) (VP=H (VBZ=H ) (NP (NP=H (JJ ) (VBG ) (NNS=H )) (SBAR (S=H (NP (NNS=H )) (VP=H (VBP=H ) (ADJP (JJ=H ))))))) (. ))),1,93957,"0,0872965362"
(ROOT (S=H (NP (NP=H (NNP=H )) (PP (IN=H ) (NP (NP=H (NNP=H )) (CC ) (NP (NNP ) (NNP ) (NNPS=H ))))) (VP=H (VBP=H ) (ADJP (JJ=H ))) (. ))),1,93958,"0,0872974653"
(ROOT (S=H (NP (NP=H (NNP ) (NNP ) (NNP ) (NNP=H )) (PP (IN=H ) (NP (NP=H (NNP ) (NNP=H )) (PP (IN=H ) (NP (DT ) (NNPS=H )))))) (VP=H (VBP=H ) (ADJP (JJ=H ))) (. ))),1,93959,"0,0872983944"
(ROOT (NP=H (NP=H (NNP ) (PRN (-LRB- ) (NP=H (NN=H )) (-RRB- )) (NNP=H )) (: ) (S (NP (NP=H (NN ) (NN ) (NN=H )) (PP (IN=H ) (NP (DT ) (NNP ) (NNP=H )))) (VP=H (VBP=H ) (ADJP (JJ=H )))) (. ))),1,93960,"0,0872993235"
(ROOT (S=H (NP (NNP=H )) (VP=H (VBD=H ) (SBAR (S=H (NP (NNP ) (NNP ) (NNPS=H )) (VP=H (VBP=H ) (ADJP (JJ=H )))))) (. ))),1,93961,"0,0873002526"
"(ROOT (S=H (NP (ADJP (JJ=H ) (CC ) (JJ )) (NN=H )) (PRN (, ) (S=H (NP (FW=H )) (VP=H (VBP=H ) (VP (VBN=H ) (VP (VBG=H ) (PP (IN=H ) (NP-TMP (DT ) (NN=H ) (RB ))) (S (VP=H (TO=H ) (VP (VB=H ) (PP (IN=H ) (NP (DT=H )))))))))) (, )) (NP (ADJP (RB ) (JJ=H )) (NNS=H )) (VP=H (VBP=H ) (ADJP (JJ=H ))) (. )))",1,93962,"0,0873011817"
(ROOT (NP=H (NP=H (NNP ) (PRN (-LRB- ) (NP=H (NNP=H )) (-RRB- )) (NNP=H )) (: ) (NP (NP=H (NN=H )) (SBAR (S=H (NP (JJ ) (NN ) (NN ) (NN=H )) (VP=H (VBP=H ) (ADJP (JJ=H )))))) (. ))),1,93963,"0,0873021108"
(ROOT (S=H (NP (NP=H (NNP=H )) (PP (NN=H ) (NP (JJ ) (NN ) (NNS ) (NNS=H )))) (VP=H (VBP=H ) (ADJP (JJ=H ))) (. ))),1,93964,"0,08730304"
(ROOT (NP=H (NP=H (JJ=H )) (: ) (S (NP (NNP ) (NN ) (NN=H )) (VP=H (VBP=H ) (ADJP (JJ=H )))) (. ))),1,93965,"0,0873039691"
"(ROOT (S=H (PP (IN=H ) (NP (NN=H ))) (, ) (NP (NN ) (NN=H )) (VP=H (VBP=H ) (ADJP (JJ=H ))) (. )))",1,93966,"0,0873048982"
(ROOT (S=H (NP (NP=H (NNP ) (JJ ) (NN=H )) (PP (IN=H ) (NP (JJ ) (NNS=H )))) (VP=H (VBP=H ) (ADJP (JJ=H ))) (. ))),1,93967,"0,0873058273"
(ROOT (S=H (NP (NNP=H )) (VP=H (VBZ=H ) (NP (NP=H (NNS=H )) (SBAR (S=H (NP (NP=H (JJ ) (NNS=H )) (PP (IN=H ) (NP (NN=H )))) (VP=H (VBP=H ) (ADJP (JJ=H ))))))) (. ))),1,93968,"0,0873067564"
(ROOT (S=H (NP (NNP ) (NNP=H )) (VP=H (VBZ=H ) (SBAR (IN=H ) (S (NP (NNP ) (NNP ) (NNS=H )) (VP=H (VBP=H ) (ADJP (JJ=H )))))) (. ))),1,93969,"0,0873076855"
(ROOT (S=H (NP (NP=H (JJ ) (NN=H )) (PP (IN=H ) (NP (JJ ) (JJ ) (NNS=H )))) (VP=H (VBP=H ) (ADJP (JJ=H ))) (. ))),1,93970,"0,0873086146"
(ROOT (S=H (NP (NP (NNP ) (NNPS ) (NNP ) (POS=H )) (NNS ) (NNS=H )) (VP=H (VBP=H ) (ADJP (JJ=H ))) (. ))),1,93971,"0,0873095437"
(ROOT (S=H (NP (JJ ) (`` ) (JJ ) (NNS ) (CC ) (JJ ) (NNS=H )) (VP=H (VBP=H ) (ADJP (JJ=H ))) (. ))),1,93972,"0,0873104729"
"(ROOT (S=H (NP (NP=H (NP=H (NNP ) (NNP=H )) (, ) (NP (NP=H (PRP$ ) (NN=H )) (SBAR (S=H (VP=H (VBZ=H ) (VP (VBN=H ) (NP (SBAR=H (FRAG=H (ADJP (RB ) (RB=H ) (. )) (S=H (S=H (NP (PRP=H )) (VP=H (VBP=H ) (NP (DT ) (NNS=H )) (SBAR (IN=H ) (S (NP (PRP=H )) (VP=H (VBP=H ) (S (SBAR (IN=H ) (S (NP (PRP=H )) (VP=H (VBZ=H ) (NP (PRP=H )) (SBAR (SINV=H (ADJP (JJ=H ) (S (VP=H (TO=H ) (VP (VB=H )))) (. )) (VP=H (VBD=H )) (NP (NP=H (DT=H )) (VP (VBG=H ) (PP (IN=H ) (NP (NNP ) (NNP=H ))))) (. )))))) (NP (EX=H )) (VP=H (VBD=H ) (ADVP (RB=H )) (NP (JJ ) (NN ) (NNS=H ))))))))) (, ) (CC ) (S (NP (PRP=H )) (VP=H (VBP=H ) (SBAR (S=H (NP (PRP=H )) (VP=H (VBZ=H ) (NP (NP=H (DT ) (NN=H )) (ADJP (ADVP (RB ) (RB=H )) (VBN=H ))))))))) (. )))))))))) (PRN (-LRB- ) (NP=H (NNP ) (NNP=H )) (-RRB- ))) (VP=H (VBP=H ) (ADJP (JJ=H ))) (. )))",1,93973,"0,087311402"
"(ROOT (S=H (NP (NNP=H )) (PRN (, ) (S=H (NP (NNP ) (NNP=H )) (VP=H (VBP=H ) (PP (TO=H ) (NP (NNS ) (NNS=H ))) (PP (IN=H ) (PP (IN=H ) (NP (PRP$ ) (JJ ) (NN=H ))))))) (VP=H (VBP=H ) (ADJP (JJ=H ))) (. )))",1,93974,"0,0873123311"
(ROOT (S=H (NP (NNP ) (NNP=H )) (VP=H (VBD=H ) (SBAR (S=H (NP (NP=H (JJ ) (NN ) (NNS=H )) (PP (IN=H ) (NP (DT ) (NNP ) (NNP ) (NNP ) (NNP=H )))) (VP=H (VBP=H ) (ADJP (JJ=H )))))) (. ))),1,93975,"0,0873132602"
(ROOT (S=H (NP (NNP ) (NNP=H )) (VP=H (VBD=H ) (SBAR (S=H (NP (NP=H (JJ ) (NN ) (NNS=H )) (PP (IN=H ) (NP (DT ) (NNP ) (NNP ) (CC ) (NNP ) (NNP=H )))) (VP=H (VBP=H ) (ADJP (JJ=H )))))) (. ))),1,93976,"0,0873141893"
(ROOT (S=H (NP (NP=H (NP (NNPS ) (POS=H )) (NNS=H )) (PP (IN=H ) (NP (NP=H (DT ) (NNP ) (NNPS=H )) (PP (IN=H ) (NP (NN=H )))))) (VP=H (VBP=H ) (ADJP (JJ=H ))) (. ))),1,93977,"0,0873151184"
(ROOT (S=H (NP (NP=H (NNP=H )) (VP (VBG=H ) (NP (NN ) (NN ) (NNS=H )))) (VP=H (VBP=H ) (ADJP (JJ=H ))) (. ))),1,93978,"0,0873160475"
(ROOT (S=H (NP (NNP=H )) (VP=H (VBD=H ) (NP (NNS=H )) (NP-TMP (NP=H (CD ) (: ) (CD=H )) (SBAR (S=H (NP (NP=H (NP (NNP ) (NNS ) (POS=H )) (JJ ) (JJ ) (NN=H )) (ADJP (JJ ) (JJ=H ))) (VP=H (VBP=H ) (ADJP (JJ=H ))))))) (. ))),1,93979,"0,0873169766"
(ROOT (S=H (NP (NP=H (JJ ) (NN=H )) (VP (VBG=H ) (NP (NP=H (NNS=H )) (PP (IN=H ) (NP (DT ) (NNP ) (NNPS ) (NNP=H )))))) (VP=H (VBP=H ) (ADJP (JJ=H ))) (. ))),1,93980,"0,0873179057"
(ROOT (S=H (NP (NP=H (NNP ) (. ) (NNP ) (NNP ) (NNP ) (NNP=H )) (NP (NN ) (NNS=H ))) (VP=H (VBP=H ) (ADJP (JJ=H ))) (. ))),1,93981,"0,0873188349"
(ROOT (S=H (NP (NNP ) (NNP=H )) (VP=H (VBP=H ) (SBAR (S=H (NP (NNP ) (NNP ) (NNP ) (NNS=H )) (VP=H (VBP=H ) (ADJP (JJ=H )))))) (. ))),1,93982,"0,087319764"
"(ROOT (S=H (NP (NAC (NNP=H ) (PP (IN=H ) (NP (NNP ) (CC ) (NNP ) (NNPS=H )))) (, ) (NNP ) (NNP=H )) (VP=H (VBP=H ) (ADJP (JJ=H ))) (. )))",1,93983,"0,0873206931"
(ROOT (S=H (NP (NNP=H )) (VP=H (VBP=H ) (NP (NP=H (JJ ) (NNS=H )) (SBAR (S=H (NP (JJ ) (NNS=H )) (VP=H (VBP=H ) (ADJP (JJ=H ))))))) (. ))),1,93984,"0,0873216222"
(ROOT (S=H (NP (NP=H (NNP ) (NNP ) (NNP=H )) (NP (JJ ) (NN ) (NN ) (NN ) (NNS=H ))) (VP=H (VBP=H ) (ADJP (JJ=H ))) (. ))),1,93985,"0,0873225513"
(ROOT (S=H (NP (JJ ) (PRN (-LRB- ) (NP=H (CD ) (NNS=H )) (-RRB- )) (JJ ) (NNS=H )) (VP=H (VBP=H ) (ADJP (JJ=H ))) (. ))),1,93986,"0,0873234804"
(ROOT (S=H (S=H (NP (NNP=H ) (CC ) (NNP )) (VP=H (VBZ=H ) (PP (IN=H ) (NP (NNP ) (NNP=H ))))) (CC ) (S (NP (DT ) (NNPS=H )) (VP=H (VBP=H ) (ADJP (JJ=H )))) (. ))),1,93987,"0,0873244095"
(ROOT (NP=H (NP=H (NNP=H )) (PRN (-LRB- ) (NP=H (CD=H )) (-RRB- )) (: ) (NP (NP=H (NN ) (NN=H )) (SBAR (S=H (NP (NN ) (NNS=H )) (VP=H (VBP=H ) (ADJP (JJ=H )))))) (. ))),1,93988,"0,0873253386"
(ROOT (NP=H (NP=H (NNP=H )) (PRN (-LRB- ) (NP=H (CD=H )) (-RRB- )) (: ) (NP (NP=H (NN ) (NN=H )) (SBAR (S=H (NP (NP=H (NN ) (NNS=H )) (PP (IN=H ) (NP (DT ) (NNP ) (NNP=H )))) (VP=H (VBP=H ) (ADJP (JJ=H )))))) (. ))),1,93989,"0,0873262677"
(ROOT (S=H (NP (NP=H (NNP ) (NNP=H )) (VP (VBG=H ) (NP (NP=H (NNS ) (NNS=H )) (PP (IN=H ) (NP (DT ) (NNP ) (NNP ) (NNP=H )))))) (VP=H (VBP=H ) (ADJP (JJ=H ))) (. ))),1,93990,"0,0873271969"
(ROOT (S=H (NP (NP=H (NNP ) (NNP=H )) (VP (VBG=H ) (NP (NP=H (NNS ) (NNS=H )) (PP (IN=H ) (NP (DT ) (JJ ) (NN=H )))))) (VP=H (VBP=H ) (ADJP (JJ=H ))) (. ))),1,93991,"0,087328126"
(ROOT (S=H (SBAR (WHADVP=H (WRB=H )) (S (VP=H (VBN=H )))) (VP=H (VBP=H ) (ADJP (JJ=H ))) (. ))),1,93992,"0,0873290551"
(ROOT (NP=H (NP=H (CD=H )) (: ) (NP (NP=H (NNP ) (NNP=H )) (SBAR (S=H (NP (NP=H (NN ) (NNS=H )) (PP (IN=H ) (NP (NNP=H )))) (VP=H (VBP=H ) (ADJP (JJ=H )))))) (. ))),1,93993,"0,0873299842"
(ROOT (S=H (NP (NP=H (NNP ) (NNPS ) (NNP ) (NN=H )) (PP (IN=H ) (NP (NNP=H )))) (VP=H (VBP=H ) (ADJP (JJ=H ))) (. ))),1,93994,"0,0873309133"
(ROOT (S=H (S (NP (NNP ) (NNP=H )) (VP=H (VBZ=H ) (VP (VBN=H ) (PP (IN=H ) (NP (CD=H ))) (NP-TMP (NNP=H ) (CD )))) (. )) (NP (PRP=H )) (VP=H (VBZ=H ) (NP (NP=H (DT ) (NN=H )) (PP (IN=H ) (NP (JJ ) (NN=H ))) (SBAR (S=H (VP=H (VBP=H ) (ADJP (JJ=H ))))))) (. ))),1,93995,"0,0873318424"
(ROOT (S=H (NP (NP=H (DT ) (NNP ) (NNP=H )) (PP (IN=H ) (NP (NNP ) (NNPS=H )))) (VP=H (VBP=H ) (ADJP (JJ=H ))) (. ))),1,93996,"0,0873327715"
(ROOT (S=H (NP (NP=H (DT ) (NNP ) (NNP=H )) (PP (IN=H ) (NP (NNP ) (NNPS ) (NNS=H )))) (VP=H (VBP=H ) (ADJP (JJ=H ))) (. ))),1,93997,"0,0873337006"
(ROOT (S=H (NP (NP=H (JJ ) (NN=H )) (PP (IN=H ) (NP (NP=H (NN=H )) (CC ) (NP (DT ) (JJ ) (NNS ) (NN=H ))))) (VP=H (VBP=H ) (ADJP (JJ=H ))) (. ))),1,93998,"0,0873346298"
(ROOT (S=H (NP (NP=H (NNP ) (NNP=H )) (PP (IN=H ) (NP (NP=H (NNS=H )) (PP (IN=H ) (NP (DT ) (NNP ) (NNPS=H )))))) (VP=H (VBP=H ) (ADJP (JJ=H ))) (. ))),1,93999,"0,0873355589"
(ROOT (S=H (NP (NP=H (NNP ) (NNP=H )) (PP (IN=H ) (NP (NP=H (NNS=H )) (PP (IN=H ) (NP (DT ) (NNP ) (NNP=H )))))) (VP=H (VBP=H ) (ADJP (JJ=H ))) (. ))),1,94000,"0,087336488"
(ROOT (S=H (NP (NP=H (NNP=H )) (PP (IN=H ) (NP (NP=H (JJ ) (NNS=H )) (SBAR (WHNP=H (WDT=H )) (S (VP=H (VBP=H ) (VP (VBN=H ) (VP (VBN=H ) (PP (IN=H ) (NP (DT ) (JJ ) (NN ) (NN ) (NN=H ))))))))))) (VP=H (VBP=H ) (ADJP (JJ=H ))) (. ))),1,94001,"0,0873374171"
(ROOT (S=H (S=H (NP (NNP ) (NNP=H )) (VP=H (VBZ=H ) (PP (IN=H ) (NP (NN=H ))))) (: ) (S (NP (NNP ) (NNS=H )) (VP=H (VBP=H ) (ADJP (JJ=H )))) (. ))),1,94002,"0,0873383462"
(ROOT (S=H (NP (NP=H (NNP ) (NNPS ) (NNP ) (NNP=H )) (ADJP (JJ ) (JJ=H ))) (VP=H (VBP=H ) (ADJP (JJ=H ))) (. ))),1,94003,"0,0873392753"
"(ROOT (S=H (S (NP (NNS=H )) (VP=H (VBD=H ) (PP (IN=H ) (NP (NNP=H ))))) (, ) (NP (NNP ) (NNP=H )) (VP=H (VBP=H ) (ADJP (JJ=H ))) (. )))",1,94004,"0,0873402044"
(ROOT (NP=H (NP=H (CD=H )) (: ) (NP (NP=H (CD ) (NN=H )) (SBAR (S=H (NP (NP (NNS ) (POS=H )) (NN ) (NN=H )) (VP=H (VBP=H ) (ADJP (JJ=H )))))) (. ))),1,94005,"0,0873411335"
(ROOT (S=H (NP (NP=H (NNP ) (NNP=H )) (PP (IN=H ) (NP (CD ) (NNS=H )))) (VP=H (VBP=H ) (ADJP (JJ=H ))) (. ))),1,94006,"0,0873420626"
"(ROOT (S=H (NP (NP=H (NNP=H )) (PP (IN=H ) (NP (NP=H (NNP ) (NNP=H )) (, ) (NP (NNP ) (NNP ) (NNS=H ))))) (VP=H (VBP=H ) (ADJP (JJ=H ))) (. )))",1,94007,"0,0873429918"
(ROOT (NP=H (NP=H (NNP ) (NNP=H )) (: ) (S (NP (DT ) (NNP=H )) (VP=H (VBP=H ) (ADJP (JJ=H )))) (. ))),1,94008,"0,0873439209"
(ROOT (S=H (NP (NP (NNP ) (NNP ) (PRN (-LRB- ) (NP=H (NNP ) (NNP=H )) (-RRB- )) (NNP=H )) (NNS=H )) (VP=H (VBP=H ) (ADJP (JJ=H ))) (. ))),1,94009,"0,08734485"
(ROOT (S=H (NP (NP=H (NNP ) (NNP=H )) (PRN (-LRB- ) (NP=H (NNP ) (NNP=H )) (-RRB- ))) (VP=H (VBZ=H ) (SBAR (S=H (NP (NN ) (NN ) (NNS=H )) (VP=H (VBP=H ) (ADJP (JJ=H )))))) (. ))),1,94010,"0,0873457791"
(ROOT (S=H (INTJ (UH=H ) (UH )) (VP=H (VB=H ) (S (NP (PRP=H )) (ADJP (JJ=H )) (S=H (VP=H (VBP=H ) (S (VP=H (TO=H ) (VP (VB=H ) (NP (PRP=H )) (NP (NP=H (DT ) (NN ) (NN=H )) (SBAR (S=H (NP (PRP=H )) (VP=H (VBD=H ) (NP (NP=H (DT ) (NN=H )) (SBAR (S=H (VP=H (VBP=H ) (ADJP (JJ=H ))))))))))))))))) (. ))),1,94011,"0,0873467082"
(ROOT (S=H (NP (NP=H (NNP=H )) (PP (IN=H ) (NP (NP=H (NNS=H )) (VP (VBG=H ) (NP (JJ ) (NN ) (NNS=H )))))) (VP=H (VBP=H ) (ADJP (JJ=H ))) (. ))),1,94012,"0,0873476373"
(ROOT (S=H (NP (NP=H (NNP=H )) (PP (IN=H ) (NP (NP=H (NNS=H )) (VP (VBG=H ) (NP (NNS=H )))))) (VP=H (VBP=H ) (ADJP (JJ=H ))) (. ))),1,94013,"0,0873485664"
(ROOT (S=H (NP (NP=H (NNP=H )) (VP (VBG=H ) (NP (NN ) (NNS=H )) (PP (IN=H ) (NP (DT ) (NN=H ))))) (VP=H (VBP=H ) (ADJP (JJ=H ))) (. ))),1,94014,"0,0873494955"
(ROOT (NP=H (NP=H (NP=H (NNS=H )) (PP (IN=H ) (NP (JJ ) (NN=H )))) (: ) (NP (NP=H (NNP=H )) (: ) (S (NP (NNP ) (NNP=H )) (VP=H (VBP=H ) (ADJP (JJ=H ))))) (. ))),1,94015,"0,0873504247"
(ROOT (NP=H (NP=H (NP=H (NNS=H )) (PP (IN=H ) (NP (JJ ) (NN=H )))) (: ) (NP (NP=H (NP=H (NNP=H )) (PP (IN=H ) (NP (NNP=H )))) (: ) (S (NP (NNP=H )) (VP=H (VBP=H ) (ADJP (JJ=H ))))) (. ))),1,94016,"0,0873513538"
(ROOT (S=H (SBAR (WHNP=H (WP=H )) (S (VP=H (VBZ=H ) (NP (NP=H (DT ) (NN=H )) (PP (IN=H ) (NP (CD=H ))))))) (VP=H (VBP=H ) (ADJP (JJ=H ))) (. ))),1,94017,"0,0873522829"
(ROOT (S=H (S (NP (NNS=H )) (VP=H (VBN=H ) (PP (IN=H ) (NP (NNP=H ))))) (NP (DT ) (NNP ) (NNP=H )) (VP=H (VBP=H ) (ADJP (JJ=H ))) (. ))),1,94018,"0,087353212"
(ROOT (S=H (S (NP (NNPS=H )) (VP=H (VBN=H ) (PP (IN=H ) (NP (NNP=H ))))) (NP (DT ) (NNP ) (NNP=H )) (VP=H (VBP=H ) (ADJP (JJ=H ))) (. ))),1,94019,"0,0873541411"
(ROOT (S=H (S (NP (NNP ) (NNS=H )) (VP=H (VBN=H ) (PP (IN=H ) (NP (NNP=H ))))) (NP (DT ) (NNP ) (NNP=H )) (VP=H (VBP=H ) (ADJP (JJ=H ))) (. ))),1,94020,"0,0873550702"
(ROOT (S=H (S (NP (NP=H (NNS=H )) (PP (IN=H ) (NP (NNS=H )))) (VP=H (VBN=H ) (PP (IN=H ) (NP (NNP=H ))))) (NP (DT ) (NNP ) (NNP=H )) (VP=H (VBP=H ) (ADJP (JJ=H ))) (. ))),1,94021,"0,0873559993"
(ROOT (S=H (NP (NP=H (NNP ) (NNPS ) (NNP=H )) (PP (IN=H ) (NP (NP=H (DT ) (NNP ) (NNP ) (NNP=H )) (PP (IN=H ) (NP (NNP=H )))))) (VP=H (VBP=H ) (ADJP (JJ=H ))) (. ))),1,94022,"0,0873569284"
(ROOT (NP=H (NP=H (NNP=H )) (: ) (S (NP (NP=H (NNP ) (NNP=H )) (PRN (-LRB- ) (NP=H (NNP ) (NNPS=H )) (-RRB- ))) (VP=H (VBP=H ) (ADJP (JJ=H )))) (. ))),1,94023,"0,0873578575"
(ROOT (S=H (NP (NP=H (NNP ) (NNP ) (NNP=H )) (PP (IN=H ) (NP (NP (NNS ) (POS=H )) (NN=H )))) (VP=H (VBP=H ) (ADJP (JJ=H ))) (. ))),1,94024,"0,0873587867"
(ROOT (S=H (NP (PRP$=H )) (VP=H (VP=H (VBZ=H )) (CONJP (RB ) (RB=H )) (VP (VBG=H ) (NP (NP=H (NNP=H ) (. )) (SBAR (S=H (NP (NN=H )) (VP=H (VBP=H ) (ADJP (JJ=H )))))))) (. ))),1,94025,"0,0873597158"
"(ROOT (S=H (S (NP (PRP=H )) (VP=H (VBD=H ) (RB ) (VP (VB=H ) (NP (NN=H ))))) (, ) (NP (PRP=H )) (VP=H (VBD=H ) (SBAR (S=H (NP (CD=H ) (. )) (VP=H (VBP=H ) (ADJP (JJ=H )))))) (. )))",1,94026,"0,0873606449"
(ROOT (S=H (NP (NP=H (NNP ) (NNP=H )) (PRN (-LRB- ) (NP=H (CD=H )) (-RRB- ))) (VP=H (VBP=H ) (SBAR (S=H (NP (NP=H (NNS=H )) (PP (IN=H ) (NP (DT ) (NNP ) (NNPS=H )))) (VP=H (VBP=H ) (ADJP (JJ=H )))))) (. ))),1,94027,"0,087361574"
(ROOT (S=H (NP (NNP=H )) (: ) (NP (NP=H (NNP ) (NNS=H )) (ADJP (JJ=H ) (S (VP=H (TO=H ) (VP (VB=H ) (NP (NP=H (NNS=H )) (PP (IN=H ) (NP (JJ ) (NNS=H ))))))))) (VP=H (VBP=H ) (ADJP (JJ=H ))) (. ))),1,94028,"0,0873625031"
(ROOT (S=H (NP (NP=H (NNP=H )) (VP (VBN=H ) (PP (IN=H ) (NP (DT ) (NNP ) (NNPS ) (NNP ) (NNP=H ))) (PP (IN=H ) (NP (NN=H ))))) (VP=H (VBP=H ) (ADJP (JJ=H ))) (. ))),1,94029,"0,0873634322"
(ROOT (S=H (NP (NP=H (NNP=H )) (PP (VBN=H ) (PP (IN=H ) (NP (DT ) (NNP ) (NNPS ) (NNP ) (NNP=H ))))) (VP=H (VBP=H ) (ADJP (JJ=H ))) (. ))),1,94030,"0,0873643613"
(ROOT (S=H (NP (NP=H (NNP=H )) (PP (IN=H ) (NP (NP=H (DT ) (JJ ) (NNS=H )) (PP (IN=H ) (NP (NN=H )))))) (VP=H (VBP=H ) (ADJP (JJ=H ))) (. ))),1,94031,"0,0873652904"
(ROOT (S=H (NP (NP=H (NNP ) (NNP=H )) (PP (IN=H ) (NP (DT ) (NNS=H ) (CC ) (NNS )))) (VP=H (VBP=H ) (ADJP (JJ=H ))) (. ))),1,94032,"0,0873662195"
(ROOT (S=H (NP (NP=H (NP (NNS ) (POS=H )) (NNP ) (NN ) (NNS=H )) (PP (IN=H ) (NP (DT ) (NNP ) (NNPS=H )))) (VP=H (VBP=H ) (ADJP (JJ=H ))) (. ))),1,94033,"0,0873671487"
(ROOT (S=H (NP (NP=H (NP (NNP ) (POS=H )) (NN=H )) (CC ) (NP (NNS=H ))) (VP=H (VBP=H ) (ADJP (JJ=H ))) (. ))),1,94034,"0,0873680778"
(ROOT (S=H (NP (NP=H (NNP=H )) (PP (IN=H ) (NP (DT ) (NNP ) (NNPS ) (NNP ) (NNP=H ))) (PP (IN=H ) (NP (NN=H )))) (VP=H (VBP=H ) (ADJP (JJ=H ))) (. ))),1,94035,"0,0873690069"
(ROOT (NP=H (NP=H (NP=H (NNS=H )) (PP (IN=H ) (NP (DT ) (NNP=H )))) (: ) (S (NP (NNP ) (NN=H )) (VP=H (VBP=H ) (ADJP (JJ=H )))) (. ))),1,94036,"0,087369936"
"(ROOT (S=H (NP (NP (NNP ) (NNP=H )) (PRN (-LRB- ) (NP=H (NNP ) (NNP=H )) (, ) (NP (NNP=H )) (-RRB- )) (NNS=H )) (VP=H (VBP=H ) (ADJP (JJ=H ))) (. )))",1,94037,"0,0873708651"
(ROOT (NP=H (NP=H (CD=H )) (: ) (NP (NP=H (CD ) (JJ ) (NNP ) (NN=H )) (SBAR (S=H (NP (NP (NNS ) (POS=H )) (NN ) (NN=H )) (VP=H (VBP=H ) (ADJP (JJ=H )))))) (. ))),1,94038,"0,0873717942"
"(ROOT (S=H (NP (NP=H (NNP ) (NNPS ) (NNP ) (NNS=H )) (, ) (NP (NNS=H ))) (VP=H (VBP=H ) (ADJP (JJ=H ))) (. )))",1,94039,"0,0873727233"
(ROOT (NP=H (NP=H (NNP=H )) (: ) (NP (NP=H (CD ) (JJ ) (NN=H )) (SBAR (S=H (NP (NP (NNS ) (POS=H )) (NN ) (NN=H )) (VP=H (VBP=H ) (ADJP (JJ=H )))))) (. ))),1,94040,"0,0873736524"
(ROOT (S=H (NP (NP=H (JJ ) (NN=H )) (PP (IN=H ) (NP (PRP$ ) (NNS=H ))) (SBAR (WHNP=H (WDT=H )) (S (VP=H (VBD=H ) (VP (VBN=H ) (PP (IN=H ) (NP (DT ) (JJ ) (NN ) (NN=H )))))))) (VP=H (VBP=H ) (ADJP (JJ=H ))) (. ))),1,94041,"0,0873745816"
"(ROOT (S=H (NP (NP=H (NNP ) (NNP ) (NNP ) (NNP ) (NNP ) (FW ) (NNP ) (FW ) (NNP=H )) (NP (DT ) (CD=H ))) (, ) (X (NP (NP=H (NNP ) (NNP=H )) (PP (IN=H ) (NP (CD=H )))) (NP (DT ) (CD ) (NNS=H )) (NP=H (NP=H (NNP ) (NNP=H )) (PP (IN=H ) (NP (CD=H ) (DT ))))) (NP (CD=H ) (. )) (VP=H (VBP=H ) (ADJP (JJ=H ))) (. )))",1,94042,"0,0873755107"
(ROOT (NP=H (NP=H (NNP=H )) (: ) (NP (NP=H (CD=H )) (SBAR (S=H (NP (NP (NNP ) (NNS ) (POS=H )) (NN ) (NNS ) (NN=H )) (VP=H (VBP=H ) (ADJP (JJ=H )))))) (. ))),1,94043,"0,0873764398"
(ROOT (NP=H (NP=H (NNP=H )) (: ) (NP (NP=H (CD=H )) (SBAR (S=H (NP (NP (NNP ) (NNP ) (NNP ) (NNS ) (POS=H )) (NN ) (NN=H )) (VP=H (VBP=H ) (ADJP (JJ=H )))))) (. ))),1,94044,"0,0873773689"
(ROOT (S=H (NP (NNP=H )) (PP (IN=H ) (NP (NNP ) (NNPS=H ))) (VP=H (VBP=H ) (ADJP (JJ=H ))) (. ))),1,94045,"0,087378298"
(ROOT (S=H (NP (NNP=H )) (PRN (-LRB- ) (NP=H (NP=H (NN=H )) (CC ) (NP (NN=H ))) (-RRB- )) (NP (NP=H (NP=H (NNS=H )) (PP (IN=H ) (NP (NNP=H )))) (PRN (-LRB- ) (NP=H (NN=H )) (-RRB- ))) (VP=H (VBP=H ) (ADJP (JJ=H ))) (. ))),1,94046,"0,0873792271"
(ROOT (S=H (NP (NP=H (NNP ) (NN=H )) (PP (IN=H ) (NP (DT ) (JJ ) (NNS=H )))) (VP=H (VBP=H ) (ADJP (JJ=H ))) (. ))),1,94047,"0,0873801562"
"(ROOT (S=H (S (NP (NN ) (NNS=H )) (VP=H (VBD=H ) (PP (IN=H ) (NP (NNP ) (NNP=H ))))) (, ) (NP (NNP=H )) (VP=H (VBP=H ) (ADJP (JJ=H ))) (. )))",1,94048,"0,0873810853"
(ROOT (S=H (NP (DT ) (NNP=H )) (PRN (-LRB- ) (NP=H (NN=H )) (-RRB- )) (NP (NN ) (NNS=H )) (VP=H (VBP=H ) (ADJP (JJ=H ))) (. ))),1,94049,"0,0873820144"
"(ROOT (S=H (S (NP (NN ) (NNS=H )) (VP=H (VBD=H ) (PP (IN=H ) (NP (NNP ) (NNP ) (NNP=H ))))) (, ) (NP (NNP=H )) (VP=H (VBP=H ) (ADJP (JJ=H ))) (. )))",1,94050,"0,0873829436"
(ROOT (S=H (NP (ADJP (NNP=H ) (NNP )) (NNS ) (NN=H )) (VP=H (VBP=H ) (ADJP (JJ=H ))) (. ))),1,94051,"0,0873838727"
(ROOT (SBARQ=H (WHNP (WP=H )) (SQ=H (VBP=H ) (NP (PRP=H )) (VP (VBG=H ) (NP (NP=H (QP=H (RB ) (CD=H ))) (SBAR (S=H (VP=H (VBP=H ) (ADJP (JJ=H )))))))) (. ))),1,94052,"0,0873848018"
(ROOT (S=H (NP (NP=H (NNP=H )) (VP (VBG=H ) (NP (NNS=H )) (PP (IN=H ) (NP (JJ ) (JJ ) (NNP ) (NNS=H ))))) (VP=H (VBP=H ) (ADJP (JJ=H ))) (. ))),1,94053,"0,0873857309"
(ROOT (NP=H (NP=H (NNS=H )) (: ) (NP (NP=H (NNP=H )) (PRN (-LRB- ) (NP=H (JJ=H )) (-RRB- )) (SBAR (S=H (NP (NNS=H )) (VP=H (VBP=H ) (ADJP (JJ=H )))))) (. ))),1,94054,"0,08738666"
(ROOT (S=H (NP (NP=H (NNP=H )) (PP (VBN=H ) (PP (IN=H ) (NP (NNP ) (NNP ) (NNP ) (NN ) (NNS=H ))))) (VP=H (VBP=H ) (ADJP (JJ=H ))) (. ))),1,94055,"0,0873875891"
(ROOT (S=H (NP (NP=H (NP (NNS ) (POS=H )) (NNP ) (NNP=H )) (PP (IN=H ) (NP (NNP=H )))) (VP=H (VBP=H ) (ADJP (JJ=H ))) (. ))),1,94056,"0,0873885182"
(ROOT (S=H (NP (NP=H (NNP=H )) (PP (IN=H ) (NP (NP=H (NNS=H )) (VP (VBG=H ) (NP (JJ ) (NNS=H )) (PP (IN=H ) (NP (DT ) (JJ=H ))))))) (VP=H (VBP=H ) (ADJP (JJ=H ))) (. ))),1,94057,"0,0873894473"
(ROOT (S=H (NP (NP=H (JJ ) (NN=H )) (PRN (-LRB- ) (NP=H (NNP ) (NNPS=H )) (-RRB- ))) (VP=H (VBP=H ) (ADJP (JJ=H ))) (. ))),1,94058,"0,0873903764"
(ROOT (S=H (NP (NP=H (NNP=H )) (VP (VBN=H ) (PP (IN=H ) (NP (DT ) (NNP ) (NNP ) (NNPS=H ))))) (VP=H (VBP=H ) (ADJP (JJ=H ))) (. ))),1,94059,"0,0873913056"
(ROOT (S=H (NP (NP=H (NNP=H )) (PP (VBN=H ) (PP (IN=H ) (NP (NNP ) (NNP ) (NNS=H ))))) (VP=H (VBP=H ) (ADJP (JJ=H ))) (. ))),1,94060,"0,0873922347"
(ROOT (S=H (NP (NP=H (NNP ) (NNP=H )) (CC ) (NP (NP=H (DT ) (NNP ) (NNS=H )) (VP (VBN=H ) (PP (IN=H ) (S (VP=H (VBG=H ))))))) (VP=H (VBP=H ) (ADJP (JJ=H ))) (. ))),1,94061,"0,0873931638"
"(ROOT (S=H (NP (NP=H (NNP ) (NNPS ) (NNP=H )) (PP (IN=H ) (NP (NP=H (NNPS ) (NNS=H )) (, ) (NP (NNS=H ))))) (VP=H (VBP=H ) (ADJP (JJ=H ))) (. )))",1,94062,"0,0873940929"
(ROOT (S=H (NP (NP=H (NNP ) (NNP=H )) (PP (IN=H ) (NP (DT ) (NNP ) (NNS=H ))) (VP (VBN=H ) (PP (IN=H ) (S (VP=H (VBG=H )))))) (VP=H (VBP=H ) (ADJP (JJ=H ))) (. ))),1,94063,"0,087395022"
(ROOT (S=H (NP (NP=H (NNP ) (NNPS ) (CC ) (NNP ) (NNS=H )) (VP (VBN=H ) (PP (IN=H ) (S (VP=H (VBG=H )))))) (VP=H (VBP=H ) (ADJP (JJ=H ))) (. ))),1,94064,"0,0873959511"
(ROOT (S=H (NP (NN=H ) (S (VP=H (TO=H ) (VP (VB=H ) (NP (PRN (-LRB- ) (NP=H (NNP=H )) (-RRB- )) (NNS=H )))))) (VP=H (VBP=H ) (ADJP (JJ=H ))) (. ))),1,94065,"0,0873968802"
(ROOT (S=H (NP (NP=H (NNP ) (NNP ) (NNP ) (NNP ) (NNP=H )) (PP (IN=H ) (NP (CD ) (NNS=H )))) (VP=H (VBP=H ) (ADJP (JJ=H ))) (. ))),1,94066,"0,0873978093"
(ROOT (S=H (NP (NP=H (NP (JJ ) (NN ) (NNS ) (POS=H )) (NN ) (NNS=H )) (PP (IN=H ) (NP (NN=H )))) (VP=H (VBP=H ) (ADJP (JJ=H ))) (. ))),1,94067,"0,0873987385"
(ROOT (S=H (NP (NP=H (NNP ) (NNPS ) (NNP=H )) (VP (VBG=H ) (NP (NN ) (NNS=H )))) (VP=H (VBP=H ) (ADJP (JJ=H ))) (. ))),1,94068,"0,0873996676"
(ROOT (S=H (NP (NNP=H )) (PP (IN=H ) (NP (PRN (-LRB- ) (NP=H (NN=H )) (-RRB- )) (NNS=H ))) (VP=H (VBP=H ) (ADJP (JJ=H ))) (. ))),1,94069,"0,0874005967"
(ROOT (S=H (NP (NP (DT ) (NNS=H )) (PRN (-LRB- ) (NP=H (NN=H )) (-RRB- )) (NNS=H )) (VP=H (VBP=H ) (ADJP (JJ=H ))) (. ))),1,94070,"0,0874015258"
(ROOT (S=H (NP (NP=H (NNP=H )) (PP (IN=H ) (NP (NP=H (NNS=H )) (VP (VBG=H ) (NP (NP=H (NNS=H )) (VP (VBN=H ) (PP (IN=H ) (NP (JJ ) (NNS=H ))))))))) (VP=H (VBP=H ) (ADJP (JJ=H ))) (. ))),1,94071,"0,0874024549"
(ROOT (S=H (NP (JJS=H )) (PP (IN=H ) (NP (NN=H ))) (VP=H (VBP=H ) (ADJP (JJ=H ))) (. ))),1,94072,"0,087403384"
(ROOT (S=H (NP (NP=H (NNP ) (NNPS ) (NNP ) (NNP=H )) (PP (IN=H ) (NP (NP=H (NNPS ) (NNPS=H )) (PP (IN=H ) (NP (NNPS=H )))))) (VP=H (VBP=H ) (ADJP (JJ=H ))) (. ))),1,94073,"0,0874043131"
(ROOT (S=H (NP (NP=H (NNP ) (NNPS ) (NNP ) (NNP ) (NNPS ) (NNP=H )) (PP (IN=H ) (NP (NN ) (NNS=H )))) (VP=H (VBP=H ) (ADJP (JJ=H ))) (. ))),1,94074,"0,0874052422"
"(ROOT (S=H (S (VP=H (VB=H ) (NP (NNS=H )))) (, ) (NP (NN=H )) (VP=H (VBP=H ) (ADJP (JJ=H ))) (. )))",1,94075,"0,0874061713"
(ROOT (S=H (NP (NP=H (NNP=H )) (PP (IN=H ) (NP (NNP ) (NN ) (NNS=H ))) (NP (CD=H )) (: )) (NP-TMP (CD ) (NN=H )) (VP=H (VBP=H ) (ADJP (JJ=H ))) (. ))),1,94076,"0,0874071005"
(ROOT (S=H (NP (NP=H (NNP ) (NNP ) (NNP=H )) (PRN (-LRB- ) (NP=H (NNP=H )) (-RRB- ))) (VP=H (VBZ=H ) (SBAR (S=H (NP (NNS=H )) (VP=H (VBP=H ) (ADJP (JJ=H )))))) (. ))),1,94077,"0,0874080296"
(ROOT (S=H (NP (DT ) (NNP ) (NNPS ) (NN=H )) (VP=H (VBP=H ) (SBAR (S=H (NP (NNS=H )) (VP=H (VBP=H ) (ADJP (JJ=H )))))) (. ))),1,94078,"0,0874089587"
(ROOT (S=H (NP (NP=H (NNP=H )) (SBAR (WHNP=H (WP=H ) (NN )) (S (VP=H (VBP=H ) (NP (NNS=H )))))) (VP=H (VBP=H ) (ADJP (JJ=H ))) (. ))),1,94079,"0,0874098878"
(ROOT (S=H (NP (NNP ) (NNP ) (NNP ) (PRN (-LRB- ) (NP=H (JJ=H ) (CC ) (JJ )) (-RRB- )) (NNP=H )) (ADVP (RB=H )) (VP=H (VBP=H ) (ADJP (JJ=H ))) (. ))),1,94080,"0,0874108169"
(ROOT (S=H (S (INTJ (UH=H )) (NP (DT=H )) (VP=H (VBZ=H ))) (NP (DT ) (JJ ) (NN=H )) (VP=H (VBP=H ) (ADJP (JJ=H ))) (. ))),1,94081,"0,087411746"
"(ROOT (S=H (S (ADJP=H (NNP=H ))) (, ) (NP (NNP ) (NNP ) (JJ ) (NN=H )) (VP=H (VBP=H ) (ADJP (JJ=H ))) (. )))",1,94082,"0,0874126751"
(ROOT (S=H (NP (NP=H (NNP ) (NNP ) (NNPS ) (NNP=H )) (CC ) (NP (NN=H ))) (VP=H (VBP=H ) (ADJP (JJ=H ))) (. ))),1,94083,"0,0874136042"
(ROOT (S=H (NP (NP=H (NNP=H )) (PP (IN=H ) (NP (NP=H (NNP=H )) (PP (IN=H ) (NP (DT ) (NNP ) (NNPS=H )))))) (VP=H (VBP=H ) (ADJP (JJ=H ))) (. ))),1,94084,"0,0874145333"
(ROOT (S=H (NP (NP=H (NNP ) (NNPS ) (NN ) (NN=H )) (PP (IN=H ) (NP (NNP=H )))) (VP=H (VBP=H ) (ADJP (JJ=H ))) (. ))),1,94085,"0,0874154625"
(ROOT (S=H (S=H (VP=H (VB=H ) (PP (IN=H ) (NP (NNP ) (NNP=H ))))) (: ) (S (NP (NNP=H )) (VP=H (VBP=H ) (ADJP (JJ=H )))) (. ))),1,94086,"0,0874163916"
"(ROOT (S=H (S (NP=H (NP=H (NNS=H )) (PP (IN=H ) (NP (NP (NNP ) (NNP ) (POS=H )) (NNP ) (NNP ) (NNP=H ))))) (, ) (NP (NNP ) (NNP=H )) (VP=H (VBP=H ) (ADJP (JJ=H ))) (. )))",1,94087,"0,0874173207"
(ROOT (S=H (NP (NP=H (NNP ) (NNP ) (FW ) (NNP=H )) (NP (JJ ) (NN ) (NNS=H ))) (VP=H (VBP=H ) (ADJP (JJ=H ))) (. ))),1,94088,"0,0874182498"
(ROOT (S=H (NP (NNP ) (NNP ) (NNPS ) (CC ) (NNP ) (NNP=H )) (ADVP (RB=H )) (VP=H (VBP=H ) (ADJP (JJ=H ))) (. ))),1,94089,"0,0874191789"
"(ROOT (S=H (S (NP=H (NP (NNP ) (POS=H )) (NNS=H ))) (, ) (NP (NNP=H )) (VP=H (VBP=H ) (ADJP (JJ=H ))) (. )))",1,94090,"0,087420108"
(ROOT (NP=H (NP=H (NNP=H ) (CD )) (: ) (S (NP (JJ ) (JJ ) (NNS=H )) (VP=H (VBP=H ) (ADJP (JJ=H )))) (. ))),1,94091,"0,0874210371"
(ROOT (S=H (NP (NP=H (NN=H )) (PP (IN=H ) (NP (NP=H (JJ ) (NNS=H )) (PP (IN=H ) (NP (DT ) (NNP ) (NN=H )))))) (VP=H (VBP=H ) (ADJP (JJ=H ))) (. ))),1,94092,"0,0874219662"
(ROOT (S=H (NP (NNP ) (NNP ) (NNP ) (NNP=H )) (PRN (-LRB- ) (NP=H (NP=H (CD=H )) (: ) (NP (CD=H ))) (-RRB- )) (NP (JJ ) (NNS=H )) (VP=H (VBP=H ) (ADJP (JJ=H ))) (. ))),1,94093,"0,0874228954"
(ROOT (S=H (NP (NP=H (NNP=H )) (PP (IN=H ) (NP (NP=H (NNP ) (NNP=H )) (PP (IN=H ) (NP (JJS ) (NNP ) (NNS=H )))))) (VP=H (VBP=H ) (ADJP (JJ=H ))) (. ))),1,94094,"0,0874238245"
(ROOT (S=H (NP (NNP=H )) (VP=H (VBD=H ) (SBAR (S=H (NP (NNS=H )) (VP=H (VBD=H ) (SBAR (S=H (NP (NP=H (JJ ) (NN ) (NNS=H )) (ADJP (JJ ) (JJ=H ))) (VP=H (VBP=H ) (ADJP (JJ=H ))))))))) (. ))),1,94095,"0,0874247536"
(ROOT (NP=H (NP=H (NP=H (NNS=H )) (PP (IN=H ) (NP (DT ) (NNP=H )))) (: ) (NP (NP=H (NNP=H )) (SBAR (S=H (NP (JJ ) (NN=H )) (VP=H (VBP=H ) (ADJP (JJ=H )))))) (. ))),1,94096,"0,0874256827"
(ROOT (FRAG=H (NP (NNP=H )) (: ) (S=H (NP (NN ) (NN ) (NNS=H )) (VP=H (VBP=H ) (ADJP (JJ=H )))) (. ))),1,94097,"0,0874266118"
(ROOT (S=H (NP (DT ) (NN=H )) (VP=H (MD=H ) (VP (VB=H ) (VP (VBN=H ) (PP (IN=H ) (NP (NP=H (NN ) (NNS=H )) (SBAR (S=H (VP=H (VBP=H ) (ADJP (JJ=H )))))))))) (. ))),1,94098,"0,0874275409"
(ROOT (S=H (NP (NP=H (NP (NNP ) (NNS ) (POS=H )) (NN=H )) (PRN (-LRB- ) (NP=H (NP=H (CD=H )) (: ) (NP (CD=H ))) (-RRB- ))) (VP=H (VBP=H ) (ADJP (JJ=H ))) (. ))),1,94099,"0,08742847"
"(ROOT (S=H (S=H (NP (PRP=H )) (VP=H (VBZ=H ) (NP (JJ ) (NN=H )))) (, ) (ADVP (RB=H )) (S (NP (PRP=H )) (VP=H (VBZ=H ) (NP (NP=H (NN ) (NN=H )) (SBAR (S=H (VP=H (VBP=H ) (ADJP (JJ=H )))))))) (. )))",1,94100,"0,0874293991"
(ROOT (S=H (NP (NP=H (NNP ) (NNP=H )) (SBAR (S=H (NP (NP=H (NNS=H )) (PP (IN=H ) (NP (NNP ) (NNP=H )))) (VP=H (VBZ=H ) (VP (VBN=H )))))) (VP=H (VBP=H ) (ADJP (JJ=H ))) (. ))),1,94101,"0,0874303282"
(ROOT (S=H (NP (NP=H (JJ ) (NN=H )) (PP (IN=H ) (NP (NNP ) (NNP ) (NNS ) (NNS=H )))) (VP=H (VBP=H ) (ADJP (JJ=H ))) (. ))),1,94102,"0,0874312574"
"(ROOT (S=H (NP (NNP ) (, ) (NNP ) (, ) (NNP=H ) (CC ) (NNP )) (VP=H (VBP=H ) (ADJP (JJ=H ))) (. )))",1,94103,"0,0874321865"
"(ROOT (S=H (NP-TMP (NP=H (NNS=H )) (PP (IN=H ) (NP (NN=H )))) (, ) (NP (NP=H (NNP ) (NNP=H )) (PRN (-LRB- ) (NP=H (JJ=H )) (-RRB- ))) (VP=H (VBP=H ) (ADJP (JJ=H ))) (. )))",1,94104,"0,0874331156"
(ROOT (S=H (NP (NP=H (NNP ) (NNP=H )) (CC ) (NP (DT ) (NNPS=H ))) (VP=H (VBP=H ) (SBAR (S=H (NP (NNS=H )) (VP=H (VBP=H ) (ADJP (JJ=H )))))) (. ))),1,94105,"0,0874340447"
"(ROOT (S=H (S (NP=H (NNP ) (POS=H ))) (, ) (NP (JJ ) (JJ ) (NNS=H )) (VP=H (VBP=H ) (ADJP (JJ=H ))) (. )))",1,94106,"0,0874349738"
(ROOT (S=H (NP (NP=H (NNP ) (NN=H )) (PP (IN=H ) (NP (DT ) (NNP ) (NNPS ) (NNP ) (NNP=H )))) (VP=H (VBP=H ) (ADJP (JJ=H ))) (. ))),1,94107,"0,0874359029"
(ROOT (S=H (NP (NP=H (JJ ) (JJ ) (NN=H )) (PP (IN=H ) (NP (NNP ) (NNP ) (NNS=H )))) (VP=H (VBP=H ) (ADJP (JJ=H ))) (. ))),1,94108,"0,087436832"
"(ROOT (S=H (NP (NP=H (NNP=H )) (PP (IN=H ) (NP (NNP ) (NNP ) (, ) (NNPS=H )))) (VP=H (VBP=H ) (ADJP (JJ=H ))) (. )))",1,94109,"0,0874377611"
(ROOT (S=H (NP (NP=H (NN ) (NN=H )) (VP (VBG=H ) (NP (NN ) (NN ) (NNS=H )))) (VP=H (VBP=H ) (ADJP (JJ=H ))) (. ))),1,94110,"0,0874386902"
"(ROOT (S=H (NP (NNS ) (CC ) (NNS ) (NNP ) (NNP ) (, ) (NNP=H )) (VP=H (VBP=H ) (ADJP (JJ=H ))) (. )))",1,94111,"0,0874396194"
(ROOT (S=H (NP (NP (NNP ) (NNP ) (NNP ) (NNP ) (NNP ) (NNS ) (POS=H )) (NN ) (NN=H )) (VP=H (VBP=H ) (ADJP (JJ=H ))) (. ))),1,94112,"0,0874405485"
(ROOT (S=H (NP (NP=H (JJ ) (ADJP (JJ=H ) (PRT (RP=H ))) (NN=H )) (PRN (-LRB- ) (S=H (VP=H (VB=H ) (NP (JJ ) (NNS=H )))) (-RRB- ))) (VP=H (VBP=H ) (SBAR (S=H (VP=H (VBP=H ) (ADJP (JJ=H )))))) (. ))),1,94113,"0,0874414776"
(ROOT (S=H (NP (NP=H (NNP ) (NNP=H )) (CC ) (NP (NP=H (DT ) (NNP ) (NNP ) (NNP ) (NNP ) (NN=H )) (NP (JJ ) (NNS=H )))) (VP=H (VBP=H ) (ADJP (JJ=H ))) (. ))),1,94114,"0,0874424067"
(ROOT (S=H (NP (NP=H (NNP ) (NNP=H )) (CC ) (NP (NP=H (DT ) (NNP ) (JJ ) (NN ) (NN=H )) (NP (JJ ) (NNS=H )))) (VP=H (VBP=H ) (ADJP (JJ=H ))) (. ))),1,94115,"0,0874433358"
(ROOT (NP=H (NP=H (NNS=H )) (: ) (S (NP (NN ) (NN=H )) (VP=H (VBP=H ) (ADJP (JJ=H )))) (. ))),1,94116,"0,0874442649"
(ROOT (S=H (NP (NP=H (NNP=H )) (PP (IN=H ) (NP (NP=H (NNP ) (NNP=H )) (CC ) (NP (NP=H (DT ) (NNPS=H )) (PP (IN=H ) (NP (NN=H ))))))) (VP=H (VBP=H ) (ADJP (JJ=H ))) (. ))),1,94117,"0,087445194"
(ROOT (S=H (NP (NP (NNP ) (NNP=H ) (CD )) (PRN (-LRB- ) (NP=H (NNP=H )) (-RRB- )) (NNS=H )) (VP=H (VBP=H ) (ADJP (JJ=H ))) (. ))),1,94118,"0,0874461231"
(ROOT (S=H (NP (NP=H (NNP=H )) (PP (IN=H ) (NP (DT ) (NNPS ) (CC ) (NNP ) (NNP=H ))) (PP (IN=H ) (NP (NN=H )))) (VP=H (VBP=H ) (ADJP (JJ=H ))) (. ))),1,94119,"0,0874470523"
(ROOT (S=H (NP (NP=H (NNP ) (NNPS ) (NN=H )) (PP (IN=H ) (NP (NNS ) (NNS=H )))) (VP=H (VBP=H ) (ADJP (JJ=H ))) (. ))),1,94120,"0,0874479814"
(ROOT (S=H (NP (NP=H (NNP=H )) (PP (IN=H ) (NP (NP=H (DT ) (NNP ) (NNPS=H )) (PP (IN=H ) (NP (NP=H (NNP=H )) (PP (IN=H ) (NP (NN=H )))))))) (VP=H (VBP=H ) (ADJP (JJ=H ))) (. ))),1,94121,"0,0874489105"
(ROOT (NP=H (NP=H (NP=H (NNS=H )) (PP (IN=H ) (NP (DT ) (NN=H )))) (: ) (NP (NP=H (NNP ) (NNP=H )) (SBAR (S=H (NP (JJ ) (NN=H )) (VP=H (VBP=H ) (ADJP (JJ=H )))))) (. ))),1,94122,"0,0874498396"
(ROOT (NP=H (NP=H (NP=H (CD ) (NNS=H )) (NP (NNP=H ) (CC ) (NNP ))) (: ) (S (NP (NNP=H )) (VP=H (VBP=H ) (ADJP (JJ=H )))) (. ))),1,94123,"0,0874507687"
"(ROOT (S=H (NP (NAC (NNP=H ) (, ) (NNP ) (, )) (NNP ) (NNP ) (NNP=H )) (VP=H (VBP=H ) (ADJP (JJ=H ))) (. )))",1,94124,"0,0874516978"
(ROOT (S=H (ADVP (RB=H )) (NP (NP (DT ) (NNP ) (NNP ) (NNS ) (POS=H )) (NN ) (NN=H )) (VP=H (VBP=H ) (ADJP (JJ=H ))) (. ))),1,94125,"0,0874526269"
(ROOT (FRAG=H (NP (NP=H (NNP=H )) (PP (IN=H ) (NP (NN=H )))) (: ) (S=H (NP (NNP ) (NNP=H )) (VP=H (VBP=H ) (ADJP (JJ=H )))) (. ))),1,94126,"0,087453556"
(ROOT (S=H (NP (NP=H (NNP ) (PRN (-LRB- ) (NP=H (NP=H (NN=H )) (CC ) (NP (NN=H ))) (-RRB- )) (NNP=H )) (PP (IN=H ) (NP (DT ) (NNPS ) (CC ) (NNP ) (NNP=H )))) (VP=H (VBP=H ) (ADJP (JJ=H ))) (. ))),1,94127,"0,0874544851"
(ROOT (S=H (NP (NP=H (NNP=H )) (VP (VBG=H ) (NP (NNS=H )) (PP (TO=H ) (NP (JJ ) (NN=H ))))) (VP=H (VBP=H ) (ADJP (JJ=H ))) (. ))),1,94128,"0,0874554143"
(ROOT (S=H (NP (NP=H (NNP ) (PRN (-LRB- ) (NP=H (NP=H (NN=H )) (CC ) (NP (NN=H ))) (-RRB- )) (NNP=H )) (PP (IN=H ) (NP (NNP ) (NNP ) (CC ) (DT ) (NNPS=H )))) (VP=H (VBP=H ) (ADJP (JJ=H ))) (. ))),1,94129,"0,0874563434"
(ROOT (S=H (NP (NP=H (NN=H )) (PP (IN=H ) (NP (NP=H (NNPS=H )) (PP (IN=H ) (NP (NNP ) (NN=H )))))) (VP=H (VBP=H ) (ADJP (JJ=H ))) (. ))),1,94130,"0,0874572725"
(ROOT (S=H (NP (NP=H (NNP=H )) (PP (IN=H ) (NP (NP=H (NNP ) (NNS=H )) (VP (VBN=H ) (PP (IN=H ) (NP (NN=H ))))))) (VP=H (VBP=H ) (ADJP (JJ=H ))) (. ))),1,94131,"0,0874582016"
(ROOT (S=H (NP (NP=H (NP (NNS ) (POS=H )) (NNP=H )) (PP (IN=H ) (NP (NP=H (NNP ) (NNS=H )) (VP (VBN=H ) (PP (IN=H ) (NP (NN=H ))))))) (VP=H (VBP=H ) (ADJP (JJ=H ))) (. ))),1,94132,"0,0874591307"
(ROOT (S=H (NP (NP=H (NP (NNS ) (POS=H )) (NNS=H ) (CC ) (NNS )) (PP (IN=H ) (NP (DT ) (JJ ) (NN=H )))) (VP=H (VBP=H ) (ADJP (JJ=H ))) (. ))),1,94133,"0,0874600598"
(ROOT (S=H (NP (NP=H (NNP ) (NN ) (NNP=H )) (VP (VBG=H ) (NP (NNS=H )))) (VP=H (VBP=H ) (ADJP (JJ=H ))) (. ))),1,94134,"0,0874609889"
"(ROOT (S=H (S (VP=H (VBG=H ) (NP (JJ ) (NNS=H )) (PP (IN=H ) (NP (NNP=H ))))) (, ) (NP (NNP=H )) (VP=H (VBP=H ) (ADJP (JJ=H ))) (. )))",1,94135,"0,087461918"
(ROOT (S=H (NP (NP=H (NP (NNP ) (NNP ) (POS=H )) (NNP=H )) (PP (IN=H ) (NP (NP=H (NP (DT ) (NNS ) (POS=H )) (NNP=H )) (PP (IN=H ) (NP (NNP=H )))))) (VP=H (VBP=H ) (ADJP (JJ=H ))) (. ))),1,94136,"0,0874628472"
(ROOT (S=H (NP (NNP=H )) (VP=H (VBZ=H ) (SBAR (S=H (NP (JJ ) (JJ ) (NN ) (NNS=H )) (VP=H (VBP=H ) (ADJP (JJ=H )))))) (. ))),1,94137,"0,0874637763"
(ROOT (S=H (NP (NP=H (NNP ) (PRN (-LRB- ) (NP=H (NP=H (NN=H )) (CC ) (NP (NN=H ))) (-RRB- )) (NNP=H )) (PP (IN=H ) (NP (NP=H (DT ) (NNP ) (NNPS=H )) (PP (IN=H ) (NP (NNP=H )))))) (VP=H (VBP=H ) (ADJP (JJ=H ))) (. ))),1,94138,"0,0874647054"
(ROOT (S=H (NP (NP=H (NNP ) (PRN (-LRB- ) (NP=H (NP=H (NN=H )) (CC ) (NP (NN=H ))) (-RRB- )) (NNP=H )) (PP (IN=H ) (NP (DT ) (JJ ) (NNS=H )))) (VP=H (VBP=H ) (ADJP (JJ=H ))) (. ))),1,94139,"0,0874656345"
(ROOT (S=H (NP (NP=H (NNP ) (NNP ) (NNP=H )) (PP (IN=H ) (NP (NNPS ) (CC ) (NNP ) (NN ) (NNS=H )))) (VP=H (VBP=H ) (ADJP (JJ=H ))) (. ))),1,94140,"0,0874665636"
(ROOT (S=H (NP (NP=H (NNP ) (NNP=H )) (PP (IN=H ) (NP (NP=H (DT ) (NNP=H )) (PP (IN=H ) (NP (NNP ) (NNPS=H )))))) (VP=H (VBP=H ) (ADJP (JJ=H ))) (. ))),1,94141,"0,0874674927"
(ROOT (S=H (NP (ADJP (ADJP=H (QP=H (CD=H ) (CD ))) (PRN (-LRB- ) (NP=H (NN=H )) (-RRB- ))) (NN=H )) (VP=H (VBP=H ) (ADJP (JJ=H ))) (. ))),1,94142,"0,0874684218"
(ROOT (S=H (NP (PRP=H )) (VP=H (VBP=H ) (ADJP (VBN=H ) (SBAR (S=H (VP=H (VBP=H ) (ADJP (JJ=H ))))))) (. ))),1,94143,"0,0874693509"
"(ROOT (S=H (NP (NP=H (CD=H )) (, ) (NP (CD ) (JJ ) (NNS=H ))) (VP=H (VBP=H ) (ADJP (JJ=H ))) (. )))",1,94144,"0,08747028"
(ROOT (S=H (NP (NP=H (NNP ) (PRN (-LRB- ) (NP=H (NP=H (NN=H )) (CC ) (NP (NN=H ))) (-RRB- )) (NNP=H )) (PP (IN=H ) (NP (DT ) (NNP ) (NNPS ) (NNP ) (NNP=H )))) (VP=H (VBP=H ) (ADJP (JJ=H ))) (. ))),1,94145,"0,0874712092"
"(ROOT (S=H (NP (NP=H (NNP ) (NNP=H )) (PP (IN=H ) (NP (NP=H (NNP ) (NNPS=H )) (PP (IN=H ) (NP (NP=H (NNP=H )) (PP (IN=H ) (NP (NP=H (NNP ) (NNP=H )) (, ) (NP (NNP=H ))))))))) (VP=H (VBP=H ) (ADJP (JJ=H ))) (. )))",1,94146,"0,0874721383"
(ROOT (S=H (NP (NP=H (NNP ) (NNP=H )) (VP (VBG=H ) (NP (VBG ) (NNS=H )))) (VP=H (VBP=H ) (ADJP (JJ=H ))) (. ))),1,94147,"0,0874730674"
"(ROOT (S=H (S (NP (PRP=H )) (VP=H (VP=H (VBP=H ) (VP (VBN=H ) (PP (TO=H ) (NP (PRP$ ) (NN=H ))))) (, ) (CC ) (VP (VBP=H ) (SBAR (S=H (NP (PRP=H )) (VP=H (VBZ=H ) (RB ) (NP (DT ) (NN=H ))))))) (. )) (NP (PRP=H )) (VP=H (VBZ=H ) (NP (NP=H (NNP=H ) (. )) (SBAR (S=H (VP=H (VBP=H ) (ADJP (JJ=H ))))))) (. )))",1,94148,"0,0874739965"
(ROOT (S=H (S (NP (NNS=H )) (VP=H (VBD=H ) (NP (NNS=H )) (PP (IN=H ) (NP (DT ) (JJ ) (CD=H ))))) (NP (NNP ) (NNP=H )) (VP=H (VBP=H ) (ADJP (JJ=H ))) (. ))),1,94149,"0,0874749256"
"(ROOT (S=H (S (NP (NNP=H )) (VP=H (VBN=H ) (PP (IN=H ) (NP (NNP ) (NNP ) (NNP ) (NNP=H ))))) (, ) (NP (NNP=H )) (VP=H (VBP=H ) (ADJP (JJ=H ))) (. )))",1,94150,"0,0874758547"
(ROOT (S=H (NP (NP=H (NNP ) (JJ ) (NNS ) (NNS=H )) (PP (IN=H ) (NP (NNP ) (NN=H )))) (VP=H (VBP=H ) (ADJP (JJ=H ))) (. ))),1,94151,"0,0874767838"
(ROOT (S=H (NP (NP=H (NNP=H )) (PP (IN=H ) (NP (NNP ) (NNP ) (NNP ) (NNP ) (NN ) (NN ) (NNS=H )))) (VP=H (VBP=H ) (ADJP (JJ=H ))) (. ))),1,94152,"0,0874777129"
(ROOT (S=H (NP (NNP=H )) (VP=H (VBD=H ) (SBAR (S=H (NP (NP=H (NNS=H )) (PP (IN=H ) (NP (NNPS ) (NNS=H )))) (VP=H (VBP=H ) (ADJP (JJ=H )))))) (. ))),1,94153,"0,087478642"
(ROOT (S=H (NP (NP=H (NNP ) (NNP ) (NNP=H )) (PP (IN=H ) (NP (NP=H (NNP=H )) (CC ) (NP (DT ) (NNP ) (NNS=H ))))) (VP=H (VBP=H ) (ADJP (JJ=H ))) (. ))),1,94154,"0,0874795712"
(ROOT (S=H (NP (NP=H (NNP ) (NNP ) (NNP=H )) (PRN (-LRB- ) (NP=H (NP=H (NN ) (NNS=H )) (PP (IN=H ) (NP (NNP=H )))) (-RRB- ))) (VP=H (VBP=H ) (ADJP (JJ=H ))) (. ))),1,94155,"0,0874805003"
(ROOT (S=H (NP (NP=H (JJ ) (NN=H )) (NP-TMP (CD ) (NNS=H )) (PP (IN=H ) (NP (JJ ) (NN=H )))) (VP=H (VBP=H ) (ADJP (JJ=H ))) (. ))),1,94156,"0,0874814294"
(ROOT (FRAG=H (NP (NP=H (NNS=H )) (PP (IN=H ) (NP (NNP ) (NNP ) (NNP=H )))) (: ) (S=H (NP (NNP ) (NNS=H )) (VP=H (VBP=H ) (ADJP (JJ=H )))) (. ))),1,94157,"0,0874823585"
(ROOT (S=H (PP (IN=H ) (NP (NNP=H ))) (NP (NP=H (NNP=H )) (PP (IN=H ) (NP (NN=H )))) (VP=H (VBP=H ) (ADJP (JJ=H ))) (. ))),1,94158,"0,0874832876"
(ROOT (S=H (PP (IN=H ) (NP (NN=H ))) (PP (IN=H )) (NP-TMP (NN=H )) (VP=H (VBP=H ) (ADJP (JJ=H ))) (. ))),1,94159,"0,0874842167"
(ROOT (S=H (NP (NP=H (JJ ) (NN ) (CC ) (NN ) (NNS=H )) (PP (IN=H ) (NP (JJ ) (NNS=H )))) (VP=H (VBP=H ) (ADJP (JJ=H ))) (. ))),1,94160,"0,0874851458"
(ROOT (S=H (NP (NP=H (NNP ) (NN ) (CC ) (NN ) (NNS=H )) (PP (IN=H ) (NP (JJ ) (NNS=H )))) (VP=H (VBP=H ) (ADJP (JJ=H ))) (. ))),1,94161,"0,0874860749"
(ROOT (S=H (NP (NP=H (NNP ) (NNP ) (NN=H )) (PP (IN=H ) (NP (DT ) (NN ) (NN ) (NNS=H )))) (VP=H (VBP=H ) (ADJP (JJ=H ))) (. ))),1,94162,"0,0874870041"
(ROOT (S=H (NP (NP=H (NNP ) (JJ ) (NNS ) (NNS=H )) (PP (IN=H ) (NP (DT ) (NN=H )))) (VP=H (VBP=H ) (ADJP (JJ=H ))) (. ))),1,94163,"0,0874879332"
(ROOT (S=H (NP (NP=H (NNP ) (JJ ) (NNS ) (NNS=H )) (VP (VBG=H ) (NP (NN=H )))) (VP=H (VBP=H ) (ADJP (JJ=H ))) (. ))),1,94164,"0,0874888623"
(ROOT (S=H (NP (DT ) (NNP ) (NNP ) (NN=H )) (VP=H (VBZ=H ) (SBAR (S=H (NP (NNS=H )) (VP=H (VBP=H ) (ADJP (JJ=H )))))) (. ))),1,94165,"0,0874897914"
(ROOT (S=H (NP (NP=H (NNP=H )) (PP (IN=H ) (NP (NP=H (NNP ) (NNS=H )) (PP (IN=H ) (NP (NP=H (DT ) (NN=H )) (PP (IN=H ) (NP (NNP ) (NNPS=H )))))))) (VP=H (VBP=H ) (ADJP (JJ=H ))) (. ))),1,94166,"0,0874907205"
(ROOT (S=H (NP (NP (JJ ) (NNP=H )) (PRN (-LRB- ) (NP=H (NN=H )) (-RRB- )) (NNS=H )) (VP=H (VBP=H ) (ADJP (JJ=H ))) (. ))),1,94167,"0,0874916496"
(ROOT (S=H (S (VP=H (VBG=H ) (NP (CD=H )))) (VP=H (VBP=H ) (ADJP (JJ=H ))) (. ))),1,94168,"0,0874925787"
(ROOT (FRAG=H (NP (JJ ) (NN ) (NN=H )) (: ) (S=H (NP (NN=H ) (CD )) (VP=H (VBP=H ) (ADJP (JJ=H )))) (. ))),1,94169,"0,0874935078"
(ROOT (S=H (NP (NP=H (NNP ) (NNP ) (NNP ) (NNP=H )) (PRN (-LRB- ) (NP=H (NNS=H )) (-RRB- ))) (VP=H (VBP=H ) (ADJP (JJ=H ))) (. ))),1,94170,"0,0874944369"
(ROOT (S=H (NP (NP=H (NNP=H )) (CC ) (NP (NP=H (NN ) (NNS=H )) (VP (VBN=H ) (PP (IN=H ) (NP (CD=H )))))) (VP=H (VBP=H ) (ADJP (JJ=H ))) (. ))),1,94171,"0,0874953661"
(ROOT (S=H (NP (ADJP (ADJP=H (NNP=H ) (NNP )) (PRN (-LRB- ) (ADJP=H (JJ=H )) (-RRB- ))) (NNS=H )) (VP=H (VBP=H ) (ADJP (JJ=H ))) (. ))),1,94172,"0,0874962952"
(ROOT (S=H (NP (NNP ) (NNP ) (CC ) (NNP ) (NNP ) (NNS ) (NNS=H )) (VP=H (VBP=H ) (ADJP (JJ=H ))) (. ))),1,94173,"0,0874972243"
(ROOT (S=H (NP (NP=H (NNP ) (JJ ) (NNS ) (NNS=H )) (PP (IN=H ) (NP (NP=H (DT ) (NN=H )) (VP (VBG=H ) (NP (NN=H )))))) (VP=H (VBP=H ) (ADJP (JJ=H ))) (. ))),1,94174,"0,0874981534"
(ROOT (S=H (NP (NP=H (NNP ) (NNP=H )) (: ) (CC ) (NP (NN ) (NNS=H ))) (VP=H (VBP=H ) (ADJP (JJ=H ))) (. ))),1,94175,"0,0874990825"
(ROOT (S=H (NP (NP=H (NNP=H )) (PP (IN=H ) (NP (NP=H (NNP ) (NNS=H )) (PP (IN=H ) (NP (NP=H (DT ) (NN=H )) (PP (IN=H ) (NP (NNP ) (NNP=H ) (CC ) (NNP )))))))) (VP=H (VBP=H ) (ADJP (JJ=H ))) (. ))),1,94176,"0,0875000116"
(ROOT (S=H (NP (NP=H (NNP=H )) (PP (IN=H ) (NP (NP=H (NNP ) (JJ ) (NNS=H )) (PP (IN=H ) (NP (NP=H (DT ) (NN=H )) (PP (IN=H ) (NP (NNP ) (NNP=H ) (CC ) (NNP )))))))) (VP=H (VBP=H ) (ADJP (JJ=H ))) (. ))),1,94177,"0,0875009407"
(ROOT (S=H (NP (NP=H (NNP ) (NNP ) (JJ ) (NN=H )) (PP (IN=H ) (NP (DT ) (NNP ) (NNPS ) (NNP ) (NNP=H )))) (VP=H (VBP=H ) (ADJP (JJ=H ))) (. ))),1,94178,"0,0875018698"
(ROOT (S=H (NP (NP=H (NNP ) (NNP ) (JJ ) (NN=H )) (PP (IN=H ) (NP (DT ) (NNP ) (NNPS ) (NNP=H )))) (VP=H (VBP=H ) (ADJP (JJ=H ))) (. ))),1,94179,"0,0875027989"
(ROOT (S=H (NP (NP=H (NN=H )) (PP (IN=H ) (NP (JJ ) (NNS=H )))) (ADVP (RB=H )) (VP=H (VBP=H ) (ADJP (JJ=H ))) (. ))),1,94180,"0,0875037281"
(ROOT (S=H (NP (NP=H (NNP ) (NNP ) (PRN (-LRB- ) (NP=H (NP=H (NN=H )) (CC ) (NP (NN=H ))) (-RRB- )) (NNP=H )) (PP (IN=H ) (NP (DT ) (NNP ) (NNPS=H )))) (VP=H (VBP=H ) (ADJP (JJ=H ))) (. ))),1,94181,"0,0875046572"
(ROOT (S=H (NP (NP=H (NN ) (CC ) (NNS ) (NN=H )) (PP (IN=H ) (NP (DT ) (NN=H )))) (VP=H (VBP=H ) (ADJP (JJ=H ))) (. ))),1,94182,"0,0875055863"
(ROOT (S=H (S (VP=H (VBG=H ) (NP (NP=H (NNP=H )) (CC ) (NP (NNP ) (CC ) (NNP ) (NNP=H ))))) (NP (NNS=H )) (VP=H (VBP=H ) (ADJP (JJ=H ))) (. ))),1,94183,"0,0875065154"
(ROOT (S=H (NP (NP=H (NNP=H )) (PP (IN=H ) (NP (NP=H (NNP ) (NNPS=H ) (CC ) (NNPS )) (PP (IN=H ) (NP (NNP=H )))))) (VP=H (VBP=H ) (ADJP (JJ=H ))) (. ))),1,94184,"0,0875074445"
(ROOT (S=H (NP (NP=H (NNP ) (NNPS ) (NNP=H )) (PP (IN=H ) (NP (NP=H (DT ) (JJ ) (NN=H )) (PP (IN=H ) (NP (NNP ) (NNP=H )))))) (VP=H (VBP=H ) (ADJP (JJ=H ))) (. ))),1,94185,"0,0875083736"
(ROOT (S=H (NP (NP (JJ ) (NN ) (NNS ) (POS=H )) (NN ) (NN ) (NNS=H )) (VP=H (VBP=H ) (ADJP (JJ=H ))) (. ))),1,94186,"0,0875093027"
(ROOT (S=H (NP (NP=H (NN=H ) (CC ) (NNS )) (PP (IN=H ) (NP (NP=H (DT ) (NNP ) (NNP=H )) (PP (IN=H ) (NP (NP=H (NNP ) (NNPS=H )) (PP (IN=H ) (NP (NNP=H )))))))) (VP=H (VBP=H ) (ADJP (JJ=H ))) (. ))),1,94187,"0,0875102318"
(ROOT (S=H (NP (NP=H (NNP ) (NNPS ) (NNP=H )) (PP (IN=H ) (NP (NN ) (NN ) (NNS=H )))) (VP=H (VBP=H ) (ADJP (JJ=H ))) (. ))),1,94188,"0,087511161"
(ROOT (S=H (NP (NP=H (NNP ) (FW ) (NNP ) (FW ) (NNP=H )) (NP (NNP ) (NNS=H ))) (VP=H (VBP=H ) (ADJP (JJ=H ))) (. ))),1,94189,"0,0875120901"
"(ROOT (S=H (S (VP=H (VBN=H ) (NP (NNS=H ) (CC ) (NNS )) (PP (IN=H ) (NP (NNP ) (NNP=H ))))) (, ) (NP (NNP=H )) (VP=H (VBP=H ) (ADJP (JJ=H ))) (. )))",1,94190,"0,0875130192"
(ROOT (S=H (NP (NP=H (NNP ) (NN ) (NN=H )) (PP (IN=H ) (NP (DT ) (NNP ) (NNP ) (NNPS=H )))) (VP=H (VBP=H ) (ADJP (JJ=H ))) (. ))),1,94191,"0,0875139483"
(ROOT (S=H (NP (PRP=H )) (VP=H (VBP=H ) (SBAR (S=H (NP (PRP$ ) (NNS=H )) (VP=H (VBD=H ) (ADJP (RB ) (JJ=H ) (PP (IN=H ) (S (VP=H (VBG=H ) (SBAR (S=H (NP (NP=H (NNS=H )) (PP (IN=H ) (NP (JJ ) (NN=H )))) (VP=H (VBP=H ) (ADJP (JJ=H ))))))))))))) (. ))),1,94192,"0,0875148774"
(ROOT (S=H (NP (NNP=H )) (NP-TMP (JJ ) (NN=H )) (VP=H (VBZ=H ) (NP (NP=H (NNS=H )) (PP (IN=H ) (NP (NN=H ))) (SBAR (S=H (VP=H (VBP=H ) (ADJP (JJ=H ))))))) (. ))),1,94193,"0,0875158065"
"(ROOT (S=H (NP (NP=H (NP=H (NNP=H )) (PP (IN=H ) (NP (NNP ) (, ) (NNP=H )))) (PRN (-LRB- ) (NP=H (NN ) (NNS=H )) (-RRB- ))) (VP=H (VBP=H ) (ADJP (JJ=H ))) (. )))",1,94194,"0,0875167356"
(ROOT (S=H (NP (NP=H (NNP ) (NNPS ) (NNP=H )) (NP (PRP=H )) (NP (NP=H (JJ ) (NNS=H )) (PP (IN=H ) (NP (JJ ) (NN=H ))))) (VP=H (VBP=H ) (ADJP (JJ=H ))) (. ))),1,94195,"0,0875176647"
(ROOT (S=H (NP (NP=H (NNP ) (NNP ) (NNP ) (NNP=H )) (PP (IN=H ) (NP (NNP ) (NNP ) (NN ) (NN ) (NNS=H )))) (VP=H (VBP=H ) (ADJP (JJ=H ))) (. ))),1,94196,"0,0875185938"
(ROOT (S=H (S=H (NP (NNP=H )) (VP=H (VBP=H ) (NP (NP=H (NNS=H )) (SBAR (WHNP=H (WDT=H )) (S (VP=H (VBP=H ) (ADJP (JJ=H )))))))) (: ) (S (NP (NN=H )) (VP=H (VBP=H ) (ADJP (JJ=H )))) (. ))),1,94197,"0,087519523"
"(ROOT (S=H (S (NP (NNP=H )) (VP=H (VBZ=H ) (NP (JJ ) (NNS=H )))) (, ) (NP (CD=H )) (VP=H (VBP=H ) (ADJP (JJ=H ))) (. )))",1,94198,"0,0875204521"
(ROOT (S=H (NP (NP=H (NNP ) (NNP=H )) (PP (IN=H ) (NP (NP=H (DT ) (NNP=H )) (PP (IN=H ) (NP (JJ ) (NN ) (NNS=H )))))) (VP=H (VBP=H ) (ADJP (JJ=H ))) (. ))),1,94199,"0,0875213812"
(ROOT (S=H (NP (NP=H (NNP ) (JJ ) (NNS ) (NNS=H )) (PP (IN=H ) (NP (NP=H (DT ) (NN ) (NN=H )) (VP (VBG=H ) (NP (NN=H )))))) (VP=H (VBP=H ) (ADJP (JJ=H ))) (. ))),1,94200,"0,0875223103"
(ROOT (S=H (NP (NP (NNS ) (POS=H )) (NNP ) (NN ) (NNS=H )) (VP=H (VBP=H ) (ADJP (JJ=H ))) (. ))),1,94201,"0,0875232394"
(ROOT (S=H (NP (NP=H (NNP ) (NN=H ) (CC ) (NN )) (PP (IN=H ) (NP (NP=H (NN=H )) (PP (IN=H ) (NP (DT ) (NNP ) (NNPS=H )))))) (VP=H (VBP=H ) (ADJP (JJ=H ))) (. ))),1,94202,"0,0875241685"
(ROOT (FRAG=H (NP (NNP=H )) (: ) (S=H (NP (NNP ) (NNP ) (NNPS=H )) (VP=H (VBP=H ) (ADJP (JJ=H )))) (. ))),1,94203,"0,0875250976"
(ROOT (NP=H (NP=H (CD=H )) (: ) (S (NP (CD ) (NNP ) (NN ) (NN=H )) (VP=H (VBP=H ) (ADJP (JJ=H )))) (. ))),1,94204,"0,0875260267"
(ROOT (S=H (PP (IN=H ) (NP (NNP ) (NNPS=H ))) (NP (NNS=H )) (VP=H (VBP=H ) (ADJP (JJ=H ))) (. ))),1,94205,"0,0875269558"
"(ROOT (S=H (PP (IN=H ) (NP (NN=H ))) (, ) (NP (NN=H )) (VP=H (VBP=H ) (ADJP (JJ=H ))) (. )))",1,94206,"0,087527885"
(ROOT (S=H (NP (NP=H (NNP ) (NN ) (NN=H )) (PP (IN=H ) (NP (NP=H (NN ) (NNS=H )) (PP (IN=H ) (NP (NN=H )))))) (VP=H (VBP=H ) (ADJP (JJ=H ))) (. ))),1,94207,"0,0875288141"
(ROOT (S=H (NP (NP=H (NNP ) (NN ) (NN=H )) (PP (IN=H ) (NP (NP=H (NN ) (NNS=H )) (PP (IN=H ) (NP (NNP=H )))))) (VP=H (VBP=H ) (ADJP (JJ=H ))) (. ))),1,94208,"0,0875297432"
(ROOT (S=H (NP (NP=H (NNP ) (NN ) (NN=H )) (PP (IN=H ) (NP (NP=H (NN ) (NNS=H )) (VP (VBG=H ) (NP (NN=H )))))) (VP=H (VBP=H ) (ADJP (JJ=H ))) (. ))),1,94209,"0,0875306723"
(ROOT (S=H (NP (NP=H (NNP ) (NNP=H )) (PP (IN=H ) (NP (NP=H (DT ) (NNP ) (NNP=H )) (PP (IN=H ) (NP (NP=H (NNP ) (NNPS=H )) (PP (IN=H ) (NP (NNP=H )))))))) (VP=H (VBP=H ) (ADJP (JJ=H ))) (. ))),1,94210,"0,0875316014"
(ROOT (NP=H (NP=H (NNP ) (NN=H )) (: ) (S (NP (NNP ) (NNP=H )) (VP=H (VBP=H ) (ADJP (JJ=H )))) (. ))),1,94211,"0,0875325305"
"(ROOT (S=H (S (NP=H (NP (NNP=H )) (PRN (-LRB- ) (NNP ) (NN=H ) (-RRB- )) (NNS=H ))) (, ) (NP (NNP=H )) (VP=H (VBP=H ) (ADJP (JJ=H ))) (. )))",1,94212,"0,0875334596"
(ROOT (S=H (NP (NNP ) (NNPS ) (NNS=H )) (VP=H (VBP=H ) (SBAR (S=H (NP (NP=H (NNS=H )) (PP (IN=H ) (NP (NN=H )))) (VP=H (VBP=H ) (ADJP (JJ=H )))))) (. ))),1,94213,"0,0875343887"
(ROOT (S=H (NP (NNP ) (NNP ) (NNP ) (NNPS ) (NNS=H )) (VP=H (VBP=H ) (SBAR (S=H (NP (NNS=H )) (VP=H (VBP=H ) (ADJP (JJ=H )))))) (. ))),1,94214,"0,0875353179"
"(ROOT (S=H (NP (NP=H (NNP=H )) (VP (VBN=H ) (PP (IN=H ) (NP (NNP=H ))) (: ) (FRAG (NP (NNP ) (NNP=H )) (: ) (S=H (NP (DT ) (NN=H )) (ADVP (RB=H )) (VP=H (VBZ=H ) (NP (NP=H (DT ) (NNP ) (NNP=H )) (, ) (SBAR (WHNP=H (WDT=H )) (S (VP=H (VBZ=H ) (NP (NP=H (RB=H )) (PP (IN=H ) (NP (NNP ) (NNP=H )))))))))) (. )))) (PRN (SINV=H (CC ) (ADVP (RB=H )) (VP=H (VBZ=H )) (NP (DT ) (NN=H ) (S (VP=H (TO=H ) (VP (VB=H ) (NP (DT ) (JJ ) (NN=H )))))) (. ))) (VP=H (VBP=H ) (NP (NP=H (NNS=H )) (SBAR (S=H (NP (NNP ) (NNP=H )) (VP=H (VBP=H ) (ADJP (JJ=H ))))))) (. )))",1,94215,"0,087536247"
(ROOT (S=H (NP (NN=H )) (VP=H (VBZ=H ) (SBAR (S=H (NP (NP=H (NNS=H )) (PP (IN=H ) (NP (NNP ) (NNP=H )))) (VP=H (VBP=H ) (ADJP (JJ=H )))))) (. ))),1,94216,"0,0875371761"
(ROOT (S=H (NP (NP=H (NNP ) (NNPS ) (NNP=H )) (PP (IN=H ) (NP (DT ) (NNP ) (NNP ) (NNP=H )))) (VP=H (VBP=H ) (ADJP (JJ=H ))) (. ))),1,94217,"0,0875381052"
(ROOT (S=H (NP (NP=H (JJ ) (NN=H )) (PP (IN=H ) (NP (DT ) (NNP ) (NNPS ) (NNP=H )))) (VP=H (VBP=H ) (ADJP (JJ=H ))) (. ))),1,94218,"0,0875390343"
(ROOT (S=H (NP (NP=H (NNP=H )) (PP (VBN=H ) (PP (IN=H ) (NP (DT ) (NNP ) (NNPS ) (NN=H ))))) (VP=H (VBP=H ) (ADJP (JJ=H ))) (. ))),1,94219,"0,0875399634"
(ROOT (NP=H (NP=H (NNP=H )) (: ) (S (NP (NNP ) (NNP=H )) (VP=H (VBD=H ) (SBAR (S=H (NP (PRP=H )) (VP=H (VBP=H ) (SBAR (S=H (NP (NNS=H )) (VP=H (VBP=H ) (ADJP (JJ=H )))))))))) (. ))),1,94220,"0,0875408925"
(ROOT (S=H (NP (NP=H (NNP=H )) (VP (VBN=H ) (PP (IN=H ) (NP (DT ) (NNP ) (NNPS=H )))) (PRN (-LRB- ) (NP=H (NN ) (NN=H )) (-RRB- ))) (VP=H (VBP=H ) (ADJP (JJ=H ))) (. ))),1,94221,"0,0875418216"
(ROOT (S=H (NP (NP=H (NP=H (NNP=H )) (PP (IN=H ) (NP (DT ) (NNP ) (NNPS=H )))) (PRN (-LRB- ) (NP=H (NN ) (NN=H )) (-RRB- ))) (VP=H (VBP=H ) (ADJP (JJ=H ))) (. ))),1,94222,"0,0875427507"
"(ROOT (S=H (S (NP (NNP=H )) (VP=H (VBN=H ) (PP (IN=H ) (NP (NP=H (NNP ) (NNP=H )) (CC ) (NP (NNP ) (NNP=H )))))) (, ) (NP (NNP=H )) (VP=H (VBP=H ) (ADJP (JJ=H ))) (. )))",1,94223,"0,0875436799"
(ROOT (S=H (NP (NP=H (NNPS ) (NNS=H )) (PP (IN=H ) (NP (DT ) (NNP ) (NNPS=H )))) (VP=H (VBP=H ) (ADJP (JJ=H ))) (. ))),1,94224,"0,087544609"
(ROOT (S=H (NP (PRP=H )) (VP=H (VBD=H ) (SBAR (S=H (NP (NP (PRP=H )) (PRN (-LRB- ) (NP=H (NNP ) (NNP ) (NNP ) (NNP=H )) (-RRB- )) (NNS=H )) (VP=H (VBP=H ) (ADJP (JJ=H )))))) (. ))),1,94225,"0,0875455381"
(ROOT (S=H (NP (NP=H (NNP=H )) (PP (VBN=H ) (PP (IN=H ) (NP (JJ ) (NN ) (NNS=H ))))) (VP=H (VBP=H ) (ADJP (JJ=H ))) (. ))),1,94226,"0,0875464672"
(ROOT (S=H (NP (ADJP (JJ=H ) (PP (IN=H ) (NP (NN ) (NN ) (NNP=H )))) (JJ ) (NN ) (NNS=H )) (VP=H (VBP=H ) (ADJP (JJ=H ))) (. ))),1,94227,"0,0875473963"
(ROOT (S=H (NP (NP=H (NNP ) (NNPS ) (NNP=H )) (PP (IN=H ) (NP (NP=H (NNP=H )) (PP (IN=H ) (NP (NNP ) (NNPS=H )))))) (VP=H (VBP=H ) (ADJP (JJ=H ))) (. ))),1,94228,"0,0875483254"
(ROOT (S=H (NP (RB ) (NN=H )) (VP=H (VBP=H ) (SBAR (S=H (NP (NN ) (NNS=H )) (VP=H (VBP=H ) (ADJP (JJ=H )))))) (. ))),1,94229,"0,0875492545"
"(ROOT (S=H (NP (NNP ) (NNS ) (, ) (JJ ) (NN ) (NNS=H )) (VP=H (VBP=H ) (ADJP (JJ=H ))) (. )))",1,94230,"0,0875501836"
"(ROOT (S=H (NP (NP=H (JJ ) (NN ) (NN=H )) (, ) (NP (NNP ) (JJ ) (NNS ) (NNS=H ))) (VP=H (VBP=H ) (ADJP (JJ=H ))) (. )))",1,94231,"0,0875511128"
(ROOT (S=H (NP (NP=H (NNP=H )) (PP (IN=H ) (NP (NP=H (JJ ) (NNS=H )) (PP (IN=H ) (NP (NNPS=H ) (CC ) (NNPS )))))) (VP=H (VBP=H ) (ADJP (JJ=H ))) (. ))),1,94232,"0,0875520419"
(ROOT (S=H (PP (IN=H ) (NP (CD ) (NN=H ))) (PP (IN=H ) (NP (CD=H ))) (NP (NNS=H )) (VP=H (VBP=H ) (ADJP (JJ=H ))) (. ))),1,94233,"0,087552971"
"(ROOT (S=H (NP (NP=H (JJ ) (NN ) (NN=H )) (, ) (NP (ADJP (JJ=H )) (NN ) (NNS=H ))) (VP=H (VBP=H ) (ADJP (JJ=H ))) (. )))",1,94234,"0,0875539001"
"(ROOT (S=H (NP (NP=H (NNS ) (CC ) (NN ) (NNS=H )) (PP (IN=H ) (NP (NNP ) (, ) (NNP ) (NNP=H )))) (VP=H (VBP=H ) (ADJP (JJ=H ))) (. )))",1,94235,"0,0875548292"
"(ROOT (S=H (S (VP=H (VBN=H ) (NP (NP=H (NNS=H )) (PP (IN=H ) (NP (NNP=H )))))) (, ) (NP (NNP ) (NNP=H )) (VP=H (VBP=H ) (ADJP (JJ=H ))) (. )))",1,94236,"0,0875557583"
(ROOT (S=H (NP (NP=H (NNP ) (FW ) (NNP=H )) (PP (IN=H ) (NP (NP=H (DT ) (NNP=H )) (PP (IN=H ) (NP (NNP ) (NNP ) (NNPS=H )))))) (VP=H (VBP=H ) (ADJP (JJ=H ))) (. ))),1,94237,"0,0875566874"
(ROOT (S=H (NP (NP=H (NNP ) (NNP=H )) (PP (IN=H ) (NP (NP=H (DT ) (NNP=H )) (PP (IN=H ) (NP (NNP ) (NNP ) (NNPS=H )))))) (VP=H (VBP=H ) (ADJP (JJ=H ))) (. ))),1,94238,"0,0875576165"
"(ROOT (S=H (NP (NAC (NNP=H ) (, ) (NNP )) (NNP=H )) (VP=H (VBP=H ) (SBAR (S=H (NP (NN=H )) (VP=H (VBP=H ) (ADJP (JJ=H )))))) (. )))",1,94239,"0,0875585456"
(ROOT (NP=H (NP=H (NNP ) (NNP ) (NNP=H )) (: ) (S (NP (NNP ) (NN ) (NN=H )) (VP=H (VBP=H ) (ADJP (JJ=H )))) (. ))),1,94240,"0,0875594748"
(ROOT (FRAG=H (NP (NNP=H )) (: ) (S=H (NP (NP=H (NNP=H )) (PP (IN=H ) (NP (NP=H (NNS=H )) (PP (IN=H ) (NP (NNP=H )))))) (VP=H (VBP=H ) (ADJP (JJ=H )))) (. ))),1,94241,"0,0875604039"
(ROOT (S=H (NP (NP=H (NNP ) (NNP ) (NNP=H )) (CC ) (NP (NNP ) (NNP ) (NNPS=H ))) (VP=H (VBP=H ) (ADJP (JJ=H ))) (. ))),1,94242,"0,087561333"
"(ROOT (S=H (NP (NP=H (NN=H ) (CC ) (NNS )) (PP (IN=H ) (NP (NP=H (NNP ) (NNP=H )) (, ) (NP (NNP=H ))))) (VP=H (VBP=H ) (ADJP (JJ=H ))) (. )))",1,94243,"0,0875622621"
(ROOT (S=H (NP (NP=H (NNP=H )) (CC ) (NP (NP=H (NNS=H )) (VP (VBN=H ) (PP (IN=H ) (NP (CD=H )))))) (VP=H (VBP=H ) (ADJP (JJ=H ))) (. ))),1,94244,"0,0875631912"
(ROOT (S=H (NP (NP=H (NNP ) (NNP ) (NNP=H )) (PP (IN=H ) (NP (NP=H (DT ) (NNP ) (NNPS=H )) (PP (IN=H ) (NP (NNP ) (NNS=H )))))) (VP=H (VBP=H ) (ADJP (JJ=H ))) (. ))),1,94245,"0,0875641203"
"(ROOT (S=H (S=H (NP (DT ) (NN=H )) (VP=H (VBZ=H ) (NP (NP=H (DT ) (NN=H )) (PP (IN=H ) (NP (DT ) (NNP ) (NNP ) (NNP ) (NN=H ))))) (. )) (PRN (S=H (NP (PRP=H )) (VP=H (VBD=H ) (PP (IN=H ) (NP (NNP ) (NNP=H ))) (PP (IN=H ) (NP (CD ) (NNS=H ))))) (, )) (CC ) (S (S (VP=H (MD=H ) (VP (VB=H ) (SBAR (IN=H ) (S (NP (DT ) (CD ) (NNS=H )) (VP=H (VB=H ) (PP (IN=H ) (NP (DT ) (JJ ) (NN=H ))) (. ))))))) (VP=H (VBP=H ) (ADJP (JJ=H )))) (. )))",1,94246,"0,0875650494"
(ROOT (S=H (NP (NP=H (JJ ) (NN=H )) (PP (IN=H ) (NP (NP=H (NNPS=H )) (PP (IN=H ) (NP (NNP=H )))))) (VP=H (VBP=H ) (ADJP (JJ=H ))) (. ))),1,94247,"0,0875659785"
"(ROOT (S=H (S (VP=H (VBN=H ) (NP (NP=H (NNP=H )) (PP (IN=H ) (NP (DT ) (NNP ) (NNP=H )))) (PP (IN=H ) (NP (PRP$ ) (NN ) (NNP ) (NNP=H ) (CD ))))) (, ) (NP (NN=H ) (CD )) (VP=H (VBP=H ) (ADJP (JJ=H ))) (. )))",1,94248,"0,0875669076"
(ROOT (S=H (NP (NP=H (JJ ) (NN ) (NN=H )) (CC ) (NP (JJ ) (JJ ) (NNS=H ))) (VP=H (VBP=H ) (ADJP (JJ=H ))) (. ))),1,94249,"0,0875678368"
(ROOT (S=H (NP (NP (NNP ) (NNPS ) (NNP=H )) (PRN (-LRB- ) (NP=H (NP=H (CD=H )) (: ) (NP (CD=H ))) (-RRB- )) (NNS=H )) (VP=H (VBP=H ) (ADJP (JJ=H ))) (. ))),1,94250,"0,0875687659"
(ROOT (S=H (VP=H (VB=H ) (SBAR (WHNP=H (WP=H )) (S (NP (PRP=H )) (VP=H (VBP=H ) (SBAR (S=H (NP (NN ) (NNS=H )) (VP=H (VBP=H ) (ADJP (JJ=H ))))))))) (. ))),1,94251,"0,087569695"
(ROOT (S=H (NP (NP=H (NNP ) (NNP ) (FW ) (NNP=H )) (SBAR (S=H (NP (NN ) (NNS=H )) (VP=H (VBZ=H ))))) (VP=H (VBP=H ) (ADJP (JJ=H ))) (. ))),1,94252,"0,0875706241"
(ROOT (S=H (NP (NP=H (VBG ) (NN=H )) (PP (IN=H ) (NP (NN ) (NNS=H )))) (VP=H (VBP=H ) (ADJP (JJ=H ))) (. ))),1,94253,"0,0875715532"
(ROOT (FRAG=H (NP (NNP ) (NNP ) (NNP ) (NNP=H )) (: ) (S=H (NP (NNP ) (NNP=H )) (VP=H (VBP=H ) (ADJP (JJ=H )))) (. ))),1,94254,"0,0875724823"
(ROOT (S=H (NP (NP=H (NNP=H )) (CC ) (NP (NP (NNP ) (NNS ) (POS=H )) (JJ ) (NN ) (NNS=H ))) (VP=H (VBP=H ) (ADJP (JJ=H ))) (. ))),1,94255,"0,0875734114"
(ROOT (S=H (NP (NP=H (NNP=H )) (CC ) (NP (NP (NNP ) (NNS ) (POS=H )) (JJ ) (NN ) (NN=H ))) (VP=H (VBP=H ) (ADJP (JJ=H ))) (. ))),1,94256,"0,0875743405"
(ROOT (S=H (NP (NP=H (NP (NNP ) (POS=H )) (JJ ) (NNS ) (NNS=H )) (PP (IN=H ) (NP (NNP=H ) (CC ) (NNP )))) (VP=H (VBP=H ) (ADJP (JJ=H ))) (. ))),1,94257,"0,0875752697"
(ROOT (S=H (NP (NP=H (NP (NNP ) (POS=H )) (NNS ) (NNS=H )) (PP (IN=H ) (NP (NNP=H ) (CC ) (NNP )))) (VP=H (VBP=H ) (ADJP (JJ=H ))) (. ))),1,94258,"0,0875761988"
(ROOT (S=H (ADVP (RB=H )) (NP (DT ) (NNP ) (NNS ) (NN=H )) (VP=H (VBP=H ) (ADJP (JJ=H ))) (. ))),1,94259,"0,0875771279"
(ROOT (S=H (NP (NP=H (NNP=H )) (PP (IN=H ) (NP (NP=H (VBN=H )) (CC ) (NP (VBN ) (NNS=H ))))) (VP=H (VBP=H ) (ADJP (JJ=H ))) (. ))),1,94260,"0,087578057"
(ROOT (S=H (PP (IN=H ) (NP (NNPS=H ) (CC ) (NNPS ))) (NP (NNP=H )) (VP=H (VBP=H ) (ADJP (JJ=H ))) (. ))),1,94261,"0,0875789861"
(ROOT (S=H (S (NP (NP=H (NNP ) (NNP ) (NNS=H )) (PP (IN=H ) (NP (NN=H )))) (VP=H (VBZ=H ) (NP (PRP=H )))) (NP (NNP=H )) (VP=H (VBP=H ) (ADJP (JJ=H ))) (. ))),1,94262,"0,0875799152"
(ROOT (S=H (NP (NP=H (NNP=H )) (PP (IN=H ) (NP (NP=H (NNS=H )) (VP (VBN=H ) (PP (IN=H ) (NP (NN=H ))))))) (VP=H (VBP=H ) (ADJP (JJ=H ))) (. ))),1,94263,"0,0875808443"
(ROOT (S=H (NP (NP=H (NNP ) (NNP ) (NNPS ) (NNP=H )) (VP (VBG=H ) (NP (NNS=H )))) (VP=H (VBP=H ) (ADJP (JJ=H ))) (. ))),1,94264,"0,0875817734"
(ROOT (S=H (NP (NP=H (NNP=H )) (PP (IN=H ) (NP (NP=H (JJ ) (NN=H )) (CC ) (NP (JJ ) (JJ ) (NNS=H ))))) (VP=H (VBP=H ) (ADJP (JJ=H ))) (. ))),1,94265,"0,0875827025"
(ROOT (S=H (NP (JJ ) (NNP ) (NNP ) (NNP ) (NNP ) (CC ) (NNP ) (NNP=H )) (VP=H (VBP=H ) (ADJP (JJ=H ))) (. ))),1,94266,"0,0875836317"
(ROOT (S=H (NP (NP=H (NNP=H )) (PP (IN=H ) (NP (NP=H (DT ) (NNP=H )) (PP (IN=H ) (NP (NP=H (NNP ) (NNP=H )) (PP (IN=H ) (NP (NNP ) (NNPS=H )))))))) (VP=H (VBP=H ) (ADJP (JJ=H ))) (. ))),1,94267,"0,0875845608"
(ROOT (NP=H (NP=H (DT ) (NNP ) (NNP ) (NNP=H )) (: ) (S (NP (NNS=H )) (VP=H (VBP=H ) (ADJP (JJ=H )))) (. ))),1,94268,"0,0875854899"
(ROOT (S=H (NP (NP=H (NNP ) (CC ) (NNS ) (NNS=H )) (PP (VBN=H ) (PP (IN=H ) (NP (DT ) (NNP ) (NNP=H ))))) (VP=H (VBP=H ) (ADJP (JJ=H ))) (. ))),1,94269,"0,087586419"
(ROOT (S=H (NP (NNPS ) (CC ) (NNS ) (NNS=H )) (PP (IN=H ) (NP (NN=H ))) (VP=H (VBP=H ) (ADJP (JJ=H ))) (. ))),1,94270,"0,0875873481"
(ROOT (S=H (NP (NP=H (JJ ) (JJ ) (VBN ) (NN=H )) (SBAR (S=H (VP=H (VBP=H ) (NP (PRP=H )) (PP (IN=H ) (FRAG (ADVP (RB=H )) (NP=H (NNS=H )) (. ))))))) (VP=H (VBP=H ) (ADJP (JJ=H ))) (. ))),1,94271,"0,0875882772"
(ROOT (S=H (NP (NNP ) (NNP ) (NNP ) (NNPS ) (CC ) (NN ) (NN ) (NNS ) (NNS=H )) (VP=H (VBP=H ) (ADJP (JJ=H ))) (. ))),1,94272,"0,0875892063"
(ROOT (S=H (NP (NP=H (NNP=H )) (PRN (-LRB- ) (NP=H (JJ ) (NN=H )) (-RRB- ))) (VP=H (VBP=H ) (SBAR (S=H (NP (NNS=H )) (VP=H (VBP=H ) (ADJP (JJ=H )))))) (. ))),1,94273,"0,0875901354"
(ROOT (S=H (NP (NP=H (NNP=H )) (PP (IN=H ) (NP (NP=H (NNP ) (NNP=H )) (PP (IN=H ) (NP (NNP ) (CC ) (NNP ) (NNPS ) (NNS=H )))))) (VP=H (VBP=H ) (ADJP (JJ=H ))) (. ))),1,94274,"0,0875910645"
(ROOT (S=H (NP (DT=H ) (S (NP (PRP=H )) (VP=H (VBP=H ) (RB ) (NP (DT ) (NNS=H ))))) (VP=H (VBP=H ) (ADJP (JJ=H ))) (. ))),1,94275,"0,0875919937"
(ROOT (SINV=H (SBARQ (WHADVP (WRB=H )) (SQ=H (MD=H ) (NP (FW=H )) (VP (VB=H ) (PP (IN=H ) (NP (NN=H ))))) (. )) (VP=H (VBP=H )) (NP (RB=H )) (. ))),1,94276,"0,0875929228"
(ROOT (NP=H (NP=H (NNS=H )) (: ) (S (NP (CD ) (JJ ) (NN ) (NN ) (NNS=H )) (VP=H (VBP=H ) (ADJP (JJ=H )))) (. ))),1,94277,"0,0875938519"
(ROOT (S=H (NP (NP=H (NNP ) (NNP ) (CC ) (NNP ) (NNPS ) (NNP=H )) (PP (IN=H ) (NP (NNP ) (NNP=H )))) (VP=H (VBP=H ) (ADJP (JJ=H ))) (. ))),1,94278,"0,087594781"
(ROOT (S=H (NP (NP=H (CD=H )) (PP (IN=H ) (NP (ADJP (NNP ) (JJ=H )) (NNS=H )))) (VP=H (VBP=H ) (ADJP (JJ=H ))) (. ))),1,94279,"0,0875957101"
(ROOT (S=H (LST (LS=H ) (. )) (VP=H (VB=H ) (NP (-LRB- ) (NNS=H ) (-RRB- )) (SBAR (S=H (NP (NNS=H )) (VP=H (VBP=H ) (ADJP (JJ=H )))))) (. ))),1,94280,"0,0875966392"
(ROOT (S=H (NP (NP=H (NP=H (NNP ) (NNP=H )) (PRN (-LRB- ) (NP=H (NNP=H )) (-RRB- ))) (VP (VBG=H ) (NP (NNS=H )))) (VP=H (VBP=H ) (ADJP (JJ=H ))) (. ))),1,94281,"0,0875975683"
(ROOT (S=H (NP (NP (NNP ) (NNP ) (NNP ) (NNS ) (POS=H )) (JJ ) (NN ) (NN ) (NNS=H )) (VP=H (VBP=H ) (ADJP (JJ=H ))) (. ))),1,94282,"0,0875984974"
(ROOT (S=H (NP (NP=H (JJ ) (NN ) (NN=H )) (CC ) (NP (JJ ) (NN ) (NN ) (NNS=H ))) (VP=H (VBP=H ) (ADJP (JJ=H ))) (. ))),1,94283,"0,0875994266"
(ROOT (S=H (NP (ADJP (JJ=H )) (JJ ) (NNS ) (NN=H )) (VP=H (VBP=H ) (ADJP (JJ=H ))) (. ))),1,94284,"0,0876003557"
(ROOT (S=H (NP (NP=H (RB ) (JJ ) (CC ) (JJ ) (NNS=H )) (PP (IN=H ) (NP (NNP=H )))) (VP=H (VBP=H ) (ADJP (JJ=H ))) (. ))),1,94285,"0,0876012848"
(ROOT (S=H (NP (NP=H (NP=H (NNP ) (NNP=H )) (PP (IN=H ) (NP (NP=H (DT ) (NN=H )) (PP (IN=H ) (NP (NNP ) (NNPS=H )))))) (PRN (-LRB- ) (NP=H (NNP=H )) (-RRB- ))) (VP=H (VBP=H ) (ADJP (JJ=H ))) (. ))),1,94286,"0,0876022139"
(ROOT (NP=H (NP=H (NNP ) (NNP ) (NNP=H )) (: ) (S (NP (JJ ) (NNP ) (NNP ) (NNS=H )) (VP=H (VBP=H ) (ADJP (JJ=H )))) (. ))),1,94287,"0,087603143"
(ROOT (S=H (NP (NP=H (NP (JJ ) (NN ) (POS=H )) (NNP ) (NNP=H )) (PP (IN=H ) (NP (NNP ) (NNS=H )))) (VP=H (VBP=H ) (ADJP (JJ=H ))) (. ))),1,94288,"0,0876040721"
(ROOT (S=H (NP (NP=H (NNP ) (NNP=H )) (PP (NN=H ) (NP (NN ) (NN ) (NNS=H )))) (VP=H (VBP=H ) (ADJP (JJ=H ))) (. ))),1,94289,"0,0876050012"
(ROOT (NP=H (NP=H (NNS=H )) (: ) (S (NP (NP=H (CD=H )) (PP (IN=H ) (NP (NNP ) (NN=H )))) (VP=H (VBP=H ) (ADJP (JJ=H )))) (. ))),1,94290,"0,0876059303"
(ROOT (S=H (NP (NNP=H )) (PRN (-LRB- ) (NP=H (NNP ) (NN=H )) (-RRB- )) (NP (JJ ) (NN ) (NNS=H )) (VP=H (VBP=H ) (ADJP (JJ=H ))) (. ))),1,94291,"0,0876068594"
"(ROOT (S=H (S (NP (NNP ) (NNP=H )) (VP=H (VBZ=H ) (PP (IN=H ) (NP (NNP ) (NNP=H ))))) (, ) (NP (NNP=H )) (VP=H (VBP=H ) (ADJP (JJ=H ))) (. )))",1,94292,"0,0876077886"
(ROOT (S=H (NP (NP=H (NNP ) (NNP=H )) (CC ) (NP (NP=H (DT ) (NNP ) (NNS=H )) (PP (IN=H ) (NP (JJ ) (NNS=H ))))) (VP=H (VBP=H ) (ADJP (JJ=H ))) (. ))),1,94293,"0,0876087177"
(ROOT (NP=H (NP=H (NP=H (NNS=H )) (PP (IN=H ) (NP (DT ) (NNPS=H )))) (: ) (SBAR (WHNP=H (WP$=H ) (NN ) (NN )) (S (VP=H (VBP=H ) (ADJP (JJ=H ))))) (. ))),1,94294,"0,0876096468"
(ROOT (S=H (NP (NP=H (NNP=H )) (VP (VBN=H ) (PP (IN=H ) (NP (DT ) (NNPS=H ))) (PP (IN=H ) (NP (NN=H ))))) (VP=H (VBP=H ) (ADJP (JJ=H ))) (. ))),1,94295,"0,0876105759"
(ROOT (S=H (NP (NP (NNP ) (NNP ) (POS=H )) (NNP ) (NNPS ) (NNP ) (NNP=H )) (VP=H (VBP=H ) (ADJP (JJ=H ))) (. ))),1,94296,"0,087611505"
"(ROOT (S=H (NP-TMP (NNP=H ) (CD )) (, ) (NP (NP=H (CD ) (NNS=H )) (PP (IN=H ) (NP (JJ ) (NNS=H )))) (VP=H (VBP=H ) (ADJP (JJ=H ))) (. )))",1,94297,"0,0876124341"
(ROOT (S=H (NP (NP=H (CD=H )) (PP (IN=H ) (NP (NNS ) (NNS=H )))) (VP=H (VBP=H ) (ADJP (JJ=H ))) (. ))),1,94298,"0,0876133632"
(ROOT (S=H (NP (PRP=H )) (VP=H (MD=H ) (VP (VB=H ) (ADVP (RB=H )) (PP (IN=H ) (NP (NP=H (NP=H (NNP=H )) (PRN (-LRB- ) (NP=H (NNP=H )) (-RRB- ))) (SBAR (S=H (VP=H (VBP=H ) (ADJP (JJ=H ))))))))) (. ))),1,94299,"0,0876142923"
(ROOT (S=H (NP (NP (NNP ) (PRP ) (NNP ) (NNP=H )) (PRN (-LRB- ) (NP=H (NN ) (NN=H )) (-RRB- )) (NNS=H )) (VP=H (VBP=H ) (ADJP (JJ=H ))) (. ))),1,94300,"0,0876152214"
(ROOT (S=H (NP (PRP=H )) (VP=H (VB=H ) (SBAR (WHADVP=H (WRB=H )) (S (NP (DT ) (NNS=H )) (VP=H (VBP=H ) (ADJP (JJ=H )))))) (. ))),1,94301,"0,0876161506"
(ROOT (NP=H (NP=H (NP=H (NNPS=H )) (PP (IN=H ) (NP (JJ ) (NNPS=H ))) (PRN (-LRB- ) (NP=H (NNP=H )) (-RRB- ))) (: ) (NP (NP=H (NN=H )) (SBAR (S=H (NP (JJ ) (NNS=H )) (VP=H (VBP=H ) (ADJP (JJ=H )))))) (. ))),1,94302,"0,0876170797"
(ROOT (S=H (NP (NP=H (NNP=H )) (PP (IN=H ) (NP (NP=H (NNP=H )) (PP (IN=H ) (NP (NP=H (NNP ) (NNS=H )) (PP (IN=H ) (NP (JJ ) (NNS=H )))))))) (VP=H (VBP=H ) (ADJP (JJ=H ))) (. ))),1,94303,"0,0876180088"
(ROOT (S=H (NP (NP=H (NNP=H )) (PP (IN=H ) (NP (NP=H (NNP ) (NNP ) (NNS=H )) (PP (IN=H ) (NP (JJ ) (NNS=H )))))) (VP=H (VBP=H ) (ADJP (JJ=H ))) (. ))),1,94304,"0,0876189379"
(ROOT (NP=H (NP=H (NNP=H )) (: ) (S (NP (NP (NNP ) (NNP ) (POS=H )) (NNP ) (NNP=H )) (VP=H (VBP=H ) (ADJP (JJ=H )))) (. ))),1,94305,"0,087619867"
(ROOT (S=H (NP (NNP ) (NNPS ) (NNPS ) (NNS=H )) (PP (IN=H ) (NP (JJ ) (NNS=H ))) (VP=H (VBP=H ) (ADJP (JJ=H ))) (. ))),1,94306,"0,0876207961"
(ROOT (NP=H (NP=H (CD=H )) (: ) (S (NP (CD ) (NN ) (NN=H )) (VP=H (VBP=H ) (ADJP (JJ=H )))) (. ))),1,94307,"0,0876217252"
(ROOT (NP=H (NP=H (NP=H (NNPS=H )) (PP (IN=H ) (NP (NNP ) (POS=H )))) (: ) (NP (NP=H (NN=H )) (SBAR (S=H (NP (JJ ) (NNS=H )) (VP=H (VBP=H ) (ADJP (JJ=H )))))) (. ))),1,94308,"0,0876226543"
(ROOT (S=H (NP (NP=H (JJ ) (NNS ) (NNS=H )) (VP (VBN=H ) (PP (IN=H ) (NP (CD=H ))))) (VP=H (VBP=H ) (ADJP (JJ=H ))) (. ))),1,94309,"0,0876235835"
(ROOT (FRAG=H (NP (NNP=H )) (: ) (S=H (NP (NNP ) (NNP ) (NNP ) (NNP=H )) (VP=H (VBP=H ) (ADJP (JJ=H )))) (. ))),1,94310,"0,0876245126"
(ROOT (S=H (NP (NP=H (JJ ) (JJ ) (CC ) (NNP ) (NNP ) (NNS=H )) (PP (IN=H ) (NP (JJ ) (NNS=H )))) (VP=H (VBP=H ) (ADJP (JJ=H ))) (. ))),1,94311,"0,0876254417"
(ROOT (NP=H (NP=H (NNPS ) (NNP ) (NNPS=H )) (PRN (-LRB- ) (NP=H (NNP=H )) (-RRB- )) (: ) (NP (NP=H (NN ) (NN=H )) (SBAR (S=H (VP=H (VBP=H ) (ADJP (JJ=H )))))) (. ))),1,94312,"0,0876263708"
(ROOT (S=H (NP (NP=H (NNP ) (JJ ) (NNS ) (NNS=H )) (VP (VBN=H ) (PP (IN=H ) (NP (NN=H ))) (PP (IN=H ) (NP (NNP ) (NNP=H ))))) (VP=H (VBP=H ) (ADJP (JJ=H ))) (. ))),1,94313,"0,0876272999"
(ROOT (S=H (S (VP=H (NNP ) (NP=H (NN=H )))) (NP (CD ) (CD=H )) (VP=H (VBP=H ) (ADJP (JJ=H ))) (. ))),1,94314,"0,087628229"
(ROOT (S=H (NP (NP=H (NNP ) (NNPS ) (NNP ) (NNP ) (NNPS ) (NNP=H )) (PP (IN=H ) (NP (NNP ) (NNS=H )))) (VP=H (VBP=H ) (ADJP (JJ=H ))) (. ))),1,94315,"0,0876291581"
(ROOT (S=H (NP (NP=H (-LRB- ) (NN=H ) (-RRB- )) (NP (JJ ) (NNS=H ))) (VP=H (VBP=H ) (ADJP (JJ=H ))) (. ))),1,94316,"0,0876300872"
(ROOT (S=H (NP (NP=H (-LRB- ) (NN=H ) (-RRB- )) (NP (JJ ) (JJ ) (JJ ) (NNS=H ))) (VP=H (VBP=H ) (ADJP (JJ=H ))) (. ))),1,94317,"0,0876310163"
(ROOT (S=H (NP (NP=H (-LRB- ) (NN=H ) (-RRB- )) (SBAR (S=H (NP (JJ ) (NNS=H )) (VP=H (VBD=H ) (PP (IN=H ) (NP (CD=H ))))))) (VP=H (VBP=H ) (ADJP (JJ=H ))) (. ))),1,94318,"0,0876319455"
(ROOT (S=H (NP (NNP ) (NNP=H )) (VP=H (VBD=H ) (SBAR (IN=H ) (S (NP (DT ) (NNS=H )) (VP=H (VBP=H ) (ADJP (JJ=H )))))) (. ))),1,94319,"0,0876328746"
(ROOT (S=H (NP (NP=H (JJ ) (NN=H )) (VP (VBG=H ) (NP (NP=H (NNS=H )) (PP (IN=H ) (NP (NP=H (NNP=H )) (PRN (-LRB- ) (NN=H ) (-RRB- ))))))) (VP=H (VBP=H ) (ADJP (JJ=H ))) (. ))),1,94320,"0,0876338037"
(ROOT (S=H (NP (NP=H (JJ ) (NN=H )) (VP (VBG=H ) (NP (NP=H (NNS=H )) (PP (IN=H ) (NP (NP=H (NNP=H )) (PRN (-LRB- ) (NNP ) (NN=H ) (-RRB- ))))))) (VP=H (VBP=H ) (ADJP (JJ=H ))) (. ))),1,94321,"0,0876347328"
(ROOT (S=H (ADVP (RB=H )) (NP (NP (NNP ) (NNS ) (POS=H )) (NN ) (NN=H )) (VP=H (VBP=H ) (ADJP (JJ=H ))) (. ))),1,94322,"0,0876356619"
(ROOT (S=H (NP (NP=H (NNP ) (NNP=H )) (PP (IN=H ) (NP (NP=H (NNP ) (NNP ) (NNS=H )) (PP (IN=H ) (NP (JJ ) (NNS=H )))))) (VP=H (VBP=H ) (ADJP (JJ=H ))) (. ))),1,94323,"0,087636591"
(ROOT (S=H (NP (NP (JJ ) (NNP ) (POS=H )) (NNP ) (NNP ) (NNPS ) (CC ) (NNP ) (NP (NNP ) (POS=H )) (NNP ) (NNP=H )) (PRN (SINV=H (ADVP (RB=H )) (VP=H (VBZ=H )) (SBAR (X (NP (NP=H (DT ) (JJ ) (NN=H )) (PP (IN=H ) (NP (NNS=H )))) (NP=H (NP=H (JJ=H )) (PP (IN=H ) (NP (NN=H ) (CC ) (NN )))) (. )) (S=H (NP (PRP=H )) (VP=H (VBZ=H ) (VP (VBN=H ) (SBAR (IN=H ) (S (NP (NN ) (NNS=H )) (VP=H (VBP=H ) (VP (VBG=H ) (S (NP (PRP=H )) (ADJP=H (RB ) (JJ=H ))))))))))) (. ))) (VP=H (VBP=H ) (ADJP (JJ=H ))) (. ))),1,94324,"0,0876375201"
(ROOT (S=H (NP (NNP=H )) (VP=H (VBD=H ) (SBAR (S=H (NP (VBG ) (NNS=H )) (VP=H (VBP=H ) (ADJP (JJ=H )))))) (. ))),1,94325,"0,0876384492"
(ROOT (S=H (NP (NP=H (NNP=H )) (PP (IN=H ) (NP (NP=H (NNP ) (NNP=H )) (PP (IN=H ) (NP (NP=H (NNP ) (NNP ) (NNS=H )) (PP (IN=H ) (NP (JJ ) (NNS=H )))))))) (VP=H (VBP=H ) (ADJP (JJ=H ))) (. ))),1,94326,"0,0876393784"
"(ROOT (S=H (S=H (NP (PRP=H )) (VP=H (VBZ=H ) (NP (NP=H (NNP ) (NNP=H )) (CC ) (NP (NP=H (NNS=H )) (PRN (-LRB- ) (NP=H (NP=H (NNP ) (NNP=H )) (, ) (NP (NNP=H )) (, ) (NP (NNP ) (NNP=H )) (, ) (NP (NN=H )) (, ) (NP (NNP ) (, ) (NNP=H ) (CC ) (NNP ))) (-RRB- )))))) (CC ) (S (NP (PRP=H )) (VP=H (VBZ=H ) (S (VP=H (TO=H ) (VP (VB=H ) (NP (NP=H (DT=H )) (SBAR (S=H (PP (IN=H ) (S (NP (PRP=H )) (PP (IN=H ) (NP (PRP$ ) (NNP ) (NN=H ))) (VP=H (VBG=H ) (NP (PRP=H ))))) (NP (NP=H (DT ) (NN=H )) (SBAR (WHNP=H (WDT=H )) (S (NP (PRP=H )) (VP=H (VBZ=H ) (NP (NNP=H )) (FRAG (CC ) (ADVP (RB=H )) (PP=H (IN=H ) (NP (JJ ) (NN=H ))) (. )))))) (VP=H (VBP=H ) (ADJP (JJ=H ))))))))))) (. )))",1,94327,"0,0876403075"
(ROOT (S=H (NP (NP (NNP ) (IN ) (NNP ) (NNP=H )) (PRN (-LRB- ) (NP=H (JJ ) (NN=H )) (-RRB- )) (NNS=H )) (VP=H (VBP=H ) (ADJP (JJ=H ))) (. ))),1,94328,"0,0876412366"
"(ROOT (S=H (S (NP (NNP=H )) (VP=H (VBD=H ) (NP (NP=H (NNS=H )) (PP (IN=H ) (NP (NNP=H )))))) (, ) (NP (CD=H )) (VP=H (VBP=H ) (ADJP (JJ=H ))) (. )))",1,94329,"0,0876421657"
(ROOT (S=H (CC ) (RB ) (NP (PRP=H )) (VP=H (VBD=H ) (SBAR (S=H (NP (NP=H (PRP=H )) (PP (IN=H ) (NP (NNP ) (NNS=H )))) (VP=H (VBP=H ) (ADJP (JJ=H )))))) (. ))),1,94330,"0,0876430948"
(ROOT (S=H (NP (NNP ) (NNP=H )) (PRN (-LRB- ) (NP=H (NNP=H )) (-RRB- )) (NP (NP (NNP ) (NNS ) (POS=H )) (NN ) (NN ) (NNS=H )) (VP=H (VBP=H ) (ADJP (JJ=H ))) (. ))),1,94331,"0,0876440239"
(ROOT (S=H (S (VP=H (VBG=H ) (NP (NP (NNP ) (NNS ) (POS=H )) (NN ) (NN=H )))) (VP=H (VBP=H ) (ADJP (JJ=H ))) (. ))),1,94332,"0,087644953"
(ROOT (S=H (X (X (ADVP (RB=H )) (NP=H (CD=H )) (. )) (NP=H (SYM=H ))) (NP (NP=H (NP=H (NNP ) (NNP=H )) (CC ) (NP (NNP ) (NNPS=H ))) (PRN (-LRB- ) (NP=H (NNP ) (NNP=H )) (-RRB- ))) (VP=H (VBP=H ) (ADJP (JJ=H ))) (. ))),1,94333,"0,0876458821"
(ROOT (S=H (NP (DT=H ) (S (NP (PRP=H )) (VP=H (VBD=H ) (SBAR (S=H (NP (NNP=H )) (RB ) (VP=H (VBD=H ) (SBAR (S=H (NP (DT ) (NN ) (NN ) (NN=H )) (ADVP (RB=H )) (VP=H (VBZ=H )))) (. ))))))) (VP=H (VBP=H ) (ADJP (JJ=H ))) (. ))),1,94334,"0,0876468112"
"(ROOT (S=H (NP (NNP ) (, ) (NNP ) (, ) (CC ) (NNP=H )) (PP (IN=H ) (NP (JJ ) (NNP=H ))) (VP=H (VBP=H ) (ADJP (JJ=H ))) (. )))",1,94335,"0,0876477404"
"(ROOT (S=H (NP (NAC (NNP=H ) (NNP ) (NNP ) (, )) (NNP ) (NNP=H )) (VP=H (VBP=H ) (ADJP (JJ=H ))) (. )))",1,94336,"0,0876486695"
"(ROOT (S=H (NP (NP=H (NNP ) (NNP=H )) (PP (IN=H ) (NP (NP=H (NNP ) (NNPS=H )) (PP (IN=H ) (NP (NP=H (NNP ) (NNP ) (NNP=H )) (, ) (NP (NNP ) (NNP=H ))))))) (VP=H (VBP=H ) (ADJP (JJ=H ))) (. )))",1,94337,"0,0876495986"
(ROOT (S=H (NP (NP=H (NNP ) (NN ) (NNP ) (NNP=H )) (PP (IN=H ) (NP (JJ ) (NNS=H )))) (VP=H (VBP=H ) (ADJP (JJ=H ))) (. ))),1,94338,"0,0876505277"
"(ROOT (S=H (S (PP=H (VBN=H ) (NP (NP=H (NNP ) (NNP=H ) (, )) (, )))) (. ) (NP (NN=H )) (VP=H (VBP=H ) (ADJP (JJ=H ))) (. )))",1,94339,"0,0876514568"
"(ROOT (S=H (NP (NAC (NNP=H ) (PP (IN=H ) (NP (NNP=H )))) (, ) (NNP ) (NNP ) (NNP ) (NNP=H )) (VP=H (VBP=H ) (ADJP (JJ=H ))) (. )))",1,94340,"0,0876523859"
(ROOT (S=H (NP (NNP ) (NNP=H ) (CD )) (VP=H (VBZ=H ) (ADJP (JJ=H ) (SBAR (S=H (NP (NN ) (NNS=H )) (VP=H (VBP=H ) (ADJP (JJ=H ))))))) (. ))),1,94341,"0,087653315"
(ROOT (S=H (NP (NP=H (NNP=H )) (PP (IN=H ) (NP (NP=H (NNP ) (NNP ) (NNP ) (NNP=H )) (PP (IN=H ) (NP (NNP ) (NNP ) (NNS=H )))))) (VP=H (VBP=H ) (ADJP (JJ=H ))) (. ))),1,94342,"0,0876542441"
(ROOT (S=H (NP (NP (NNP ) (NNP ) (NNP ) (NNS ) (POS=H )) (JJ ) (NN ) (NNS=H )) (VP=H (VBP=H ) (ADJP (JJ=H ))) (. ))),1,94343,"0,0876551732"
(ROOT (S=H (NP (NP=H (NNP ) (NNP=H )) (PP (IN=H ) (NP (NP=H (DT ) (JJ ) (NN=H )) (CC ) (NP (NNP ) (NNP ) (NNPS=H ))))) (VP=H (VBP=H ) (ADJP (JJ=H ))) (. ))),1,94344,"0,0876561024"
(ROOT (S=H (NP (NP (NNP ) (NNPS ) (POS=H )) (NNS=H )) (VP=H (VBP=H ) (ADJP (JJ=H ))) (. ))),1,94345,"0,0876570315"
"(ROOT (S=H (S (VP=H (VB=H ) (PP (IN=H ) (NP (NNP ) (NNPS=H ))))) (, ) (NP (NNP=H )) (VP=H (VBP=H ) (ADJP (JJ=H ))) (. )))",1,94346,"0,0876579606"
(ROOT (S=H (NP (NP=H (NNP ) (NNP ) (NNP ) (NNS ) (NNS=H )) (PP (IN=H ) (NP (NP=H (DT ) (NN ) (NN=H )) (VP (VBG=H ) (NP (NN=H )))))) (VP=H (VBP=H ) (ADJP (JJ=H ))) (. ))),1,94347,"0,0876588897"
"(ROOT (S=H (S (NP (NNS=H )) (VP=H (VBN=H ) (PP (IN=H ) (NP (NNP ) (NNP ) (POS=H ))))) (, ) (NP (NNP=H )) (VP=H (VBP=H ) (ADJP (JJ=H ))) (. )))",1,94348,"0,0876598188"
(ROOT (S=H (NP (NP=H (NNP ) (NNP ) (NNP ) (NNS ) (NNS=H )) (PP (IN=H ) (NP (DT ) (NN=H )))) (VP=H (VBP=H ) (ADJP (JJ=H ))) (. ))),1,94349,"0,0876607479"
"(ROOT (S=H (NP (NP=H (NNP ) (NNP=H )) (PP (IN=H ) (NP (NP=H (NNP ) (NNPS=H )) (PP (IN=H ) (NP (NAC (NNP=H ) (NNP ) (, ) (NNP )) (NNP=H )))))) (VP=H (VBP=H ) (ADJP (JJ=H ))) (. )))",1,94350,"0,087661677"
(ROOT (S=H (NP (NP=H (NNP ) (NNP ) (POS=H )) (PP (IN=H ) (NP (NNP=H )))) (VP=H (VBP=H ) (ADJP (JJ=H ))) (. ))),1,94351,"0,0876626061"
(ROOT (S=H (NP (NP=H (NNP ) (NNP ) (NNP=H )) (SBAR (WHNP=H (WP$=H ) (NNS )) (S (VP=H (TO=H ) (VP (VB=H ) (ADJP (VBN=H ))))))) (VP=H (VBP=H ) (ADJP (JJ=H ))) (. ))),1,94352,"0,0876635353"
(ROOT (S=H (NP (NP=H (NNP ) (NNP ) (NNPS ) (NNP=H )) (PP (IN=H ) (NP (JJ ) (NNS=H )))) (VP=H (VBP=H ) (ADJP (JJ=H ))) (. ))),1,94353,"0,0876644644"
(ROOT (S=H (NP (NP=H (CD=H )) (PP (IN=H ) (NP (NNP ) (NNP ) (NNS=H )))) (VP=H (VBP=H ) (ADJP (JJ=H ))) (. ))),1,94354,"0,0876653935"
(ROOT (S=H (NP (NP=H (NN=H )) (PP (IN=H ) (NP (NP=H (DT ) (NNPS=H )) (PP (IN=H ) (NP (JJ ) (NN=H )))))) (VP=H (VBP=H ) (ADJP (JJ=H ))) (. ))),1,94355,"0,0876663226"
(ROOT (S=H (NP (NP (DT ) (NNP ) (NNP ) (NN=H )) (PRN (-LRB- ) (NP=H (NN=H )) (-RRB- )) (NNS=H )) (VP=H (VBP=H ) (ADJP (JJ=H ))) (. ))),1,94356,"0,0876672517"
"(ROOT (S=H (ADVP (RB=H )) (, ) (NP (PRP=H )) (VP=H (VBD=H ) (SBAR (S=H (NP (NP=H (DT ) (NNS=H )) (PRN (-LRB- ) (NP=H (NN=H )) (-RRB- ))) (VP=H (VBP=H ) (ADJP (JJ=H )))))) (. )))",1,94357,"0,0876681808"
"(ROOT (S=H (ADVP (RB=H )) (, ) (NP (PRP=H )) (VP=H (VBD=H ) (SBAR (S=H (NP (DT ) (NNP ) (NN ) (NNS=H )) (VP=H (VBP=H ) (ADJP (JJ=H )))))) (. )))",1,94358,"0,0876691099"
(ROOT (NP=H (NP=H (NNP=H )) (: ) (S (NP (NP=H (NNP ) (NNP ) (NNP=H )) (PP (IN=H ) (NP (DT ) (NNP ) (NNP=H )))) (VP=H (VBP=H ) (ADJP (JJ=H )))) (. ))),1,94359,"0,087670039"
(ROOT (S=H (NP (NP=H (NNPS ) (CC ) (NNP ) (NNP=H )) (PP (IN=H ) (NP (NP=H (DT ) (NNP ) (NNP=H )) (PP (IN=H ) (NP (DT ) (NNP ) (NNP=H )))))) (VP=H (VBP=H ) (ADJP (JJ=H ))) (. ))),1,94360,"0,0876709681"
(ROOT (S=H (NP (NP=H (NN=H )) (PP (IN=H ) (NP (NNP ) (NNP ) (NN ) (NNS=H )))) (VP=H (VBP=H ) (ADJP (JJ=H ))) (. ))),1,94361,"0,0876718973"
(ROOT (S=H (NP (JJS=H )) (VP=H (VBD=H ) (SBAR (S=H (NP (NP=H (NNS=H )) (PP (IN=H ) (NP (CD=H )))) (VP=H (VBP=H ) (ADJP (JJ=H )))))) (. ))),1,94362,"0,0876728264"
"(ROOT (S=H (S (VP=H (VB=H ) (PP (IN=H ) (NP (NN=H ))))) (, ) (NP (NNP=H )) (VP=H (VBP=H ) (ADJP (JJ=H ))) (. )))",1,94363,"0,0876737555"
(ROOT (S=H (NP (NNP=H )) (VP=H (VBD=H ) (SBAR (S=H (NP (NP=H (NNS=H )) (PP (IN=H ) (NP (NNP ) (NNPS ) (NNP ) (NNP=H )))) (VP=H (VBP=H ) (ADJP (JJ=H )))))) (. ))),1,94364,"0,0876746846"
(ROOT (S=H (NP (NP=H (NNP ) (NNPS ) (JJ ) (NNS=H )) (NP (JJ ) (NNS=H ))) (VP=H (VBP=H ) (ADJP (JJ=H ))) (. ))),1,94365,"0,0876756137"
(ROOT (S=H (NP (NP=H (NNP ) (NNP=H )) (PP (IN=H ) (NP (NP=H (NNP ) (NNPS=H )) (PP (IN=H ) (NP (NNP ) (NNP ) (NNPS=H )))))) (VP=H (VBP=H ) (ADJP (JJ=H ))) (. ))),1,94366,"0,0876765428"
(ROOT (S=H (NP (NP=H (NN=H )) (PP (IN=H ) (NP (NP=H (DT ) (NN=H )) (PP (IN=H ) (NP (NNP ) (NNS=H )))))) (VP=H (VBP=H ) (ADJP (JJ=H ))) (. ))),1,94367,"0,0876774719"
(ROOT (S=H (NP (NP=H (NNS ) (NN ) (NN=H )) (PP (IN=H ) (NP (NNP=H )))) (VP=H (VBP=H ) (ADJP (JJ=H ))) (. ))),1,94368,"0,087678401"
(ROOT (S=H (NP (PRP=H )) (VP=H (VBD=H ) (SBAR (S=H (NP (DT ) (NNP ) (NNP=H )) (VP=H (VBP=H ) (ADJP (JJ=H )))))) (. ))),1,94369,"0,0876793301"
(ROOT (NP=H (NP=H (NP=H (NNS=H )) (PP (IN=H ) (NP (DT ) (CD=H )))) (: ) (S (NP (CD ) (NNP ) (NNPS ) (NN=H )) (VP=H (VBP=H ) (ADJP (JJ=H )))) (. ))),1,94370,"0,0876802593"
(ROOT (NP=H (NP=H (NP=H (NNPS=H )) (PP (IN=H ) (NP (DT ) (CD=H )))) (: ) (S (NP (CD ) (NNP ) (NNPS ) (NN=H )) (VP=H (VBP=H ) (ADJP (JJ=H )))) (. ))),1,94371,"0,0876811884"
(ROOT (S=H (ADVP (RB=H )) (PP (IN=H ) (NP (DT ) (NNP ) (NN=H ))) (NP (NNS=H )) (VP=H (VBP=H ) (ADJP (JJ=H ))) (. ))),1,94372,"0,0876821175"
(ROOT (S=H (NP (NP=H (NNP ) (NNP=H )) (SBAR (S=H (NP (PRP=H )) (VP=H (VBZ=H ) (S (VP=H (VBG=H ) (NP (NP=H (NNS=H )) (PP (IN=H ) (NP (DT ) (NNP ) (NNP=H )))))))))) (VP=H (VBP=H ) (ADJP (JJ=H ))) (. ))),1,94373,"0,0876830466"
(ROOT (S=H (NP (NP (NNP ) (NNS ) (POS=H )) (JJ ) (JJ ) (NN ) (NN=H )) (VP=H (VBP=H ) (ADJP (JJ=H ))) (. ))),1,94374,"0,0876839757"
(ROOT (S=H (NP (NP=H (NNP=H )) (PP (IN=H ) (NP (NP=H (NN=H )) (PP (IN=H ) (NP (DT ) (NNP ) (NNP ) (NNPS ) (NNP=H )))))) (VP=H (VBP=H ) (ADJP (JJ=H ))) (. ))),1,94375,"0,0876849048"
(ROOT (S=H (NP (NNP=H )) (VP=H (VBD=H ) (NP (NP=H (NNS=H )) (SBAR (S=H (NP (PRP=H )) (VP=H (VBD=H ) (SBAR (S=H (NP (DT ) (NN ) (JJ ) (NN=H )) (VP=H (VBP=H ) (ADJP (JJ=H )))))))))) (. ))),1,94376,"0,0876858339"
(ROOT (S=H (NP (NNP=H )) (VP=H (VBD=H ) (NP (NP=H (NNS=H )) (SBAR (S=H (NP (PRP=H )) (VP=H (VBD=H ) (SBAR (S=H (NP (DT ) (NN=H )) (VP=H (VBD=H ) (SBAR (S=H (NP (NN=H )) (VP=H (VBP=H ) (ADJP (JJ=H ))))))))))))) (. ))),1,94377,"0,087686763"
(ROOT (S=H (NP (PRP=H )) (VP=H (VBD=H ) (SBAR (S=H (NP (DT ) (NNP=H )) (VP=H (VBP=H ) (ADJP (JJ=H )))))) (. ))),1,94378,"0,0876876922"
(ROOT (S=H (NP (NNP=H )) (VP=H (VBD=H ) (NP (NP=H (NNS=H )) (SBAR (S=H (NP (PRP=H )) (VP=H (VBD=H ) (SBAR (S=H (NP (DT ) (NN=H )) (VP=H (VBP=H ) (ADJP (JJ=H )))))))))) (. ))),1,94379,"0,0876886213"
(ROOT (S=H (NP (NP=H (NNP=H )) (PP (IN=H ) (NP (NP (NNP ) (NNP ) (NNPS ) (POS=H )) (NNS=H )))) (VP=H (VBP=H ) (ADJP (JJ=H ))) (. ))),1,94380,"0,0876895504"
(ROOT (S=H (NP (NP (NNP ) (IN ) (NNP=H )) (PRN (-LRB- ) (NP=H (JJ ) (NN=H )) (-RRB- )) (NNS=H )) (VP=H (VBP=H ) (ADJP (JJ=H ))) (. ))),1,94381,"0,0876904795"
(ROOT (S=H (NP (NP=H (NNP ) (NNP ) (NNP=H )) (PP (IN=H ) (NP (NP=H (NNP ) (NNP=H )) (PP (IN=H ) (NP (NNP ) (NNP ) (NNS=H )))))) (VP=H (VBP=H ) (ADJP (JJ=H ))) (. ))),1,94382,"0,0876914086"
"(ROOT (S=H (NP (NP=H (NP=H (NNP ) (NNP ) (NNP=H )) (NP (JJ ) (NNS=H ))) (, ) (NP (CD=H ))) (VP=H (VBP=H ) (ADJP (JJ=H ))) (. )))",1,94383,"0,0876923377"
(ROOT (S=H (NP (NNP=H )) (VP=H (VBZ=H ) (SBAR (S=H (NP (ADJP (NNP ) (JJ=H )) (NN ) (NNS=H )) (VP=H (VBP=H ) (ADJP (JJ=H )))))) (. ))),1,94384,"0,0876932668"
(ROOT (S=H (NP (NNP=H ) (CC ) (NNP )) (PRN (-LRB- ) (NP=H (NN=H )) (-RRB- )) (NP (JJ ) (NNS=H )) (VP=H (VBP=H ) (ADJP (JJ=H ))) (. ))),1,94385,"0,0876941959"
"(ROOT (S=H (NP (NP=H (NNP=H ) (CD ) (, ) (CD )) (PRN (-LRB- ) (NP=H (NN ) (NNS=H )) (-RRB- ))) (VP=H (VBP=H ) (ADJP (JJ=H ))) (. )))",1,94386,"0,087695125"
(ROOT (S=H (NP (NNP ) (NNPS ) (NNS=H )) (VP=H (VBZ=H ) (NP (NP=H (NN=H )) (SBAR (S=H (VP=H (VBP=H ) (ADJP (JJ=H ))))))) (. ))),1,94387,"0,0876960542"
(ROOT (S=H (NP (NP=H (NNP ) (NNP=H )) (PP (IN=H ) (NP (DT ) (NNP ) (CC ) (DT ) (NNPS=H )))) (VP=H (VBP=H ) (ADJP (JJ=H ))) (. ))),1,94388,"0,0876969833"
(ROOT (S=H (NP (NNP ) (NNP ) (PRN (-LRB- ) (NP=H (NN ) (NN=H )) (-RRB- )) (NNP=H )) (VP=H (VBP=H ) (ADJP (JJ=H ))) (. ))),1,94389,"0,0876979124"
(ROOT (S=H (NP (NP=H (NNP=H )) (PP (IN=H ) (NP (NP=H (DT ) (NNP ) (NNP ) (NNP=H )) (PP (IN=H ) (NP (DT ) (NNP ) (NNS=H )))))) (VP=H (VBP=H ) (ADJP (JJ=H ))) (. ))),1,94390,"0,0876988415"
(ROOT (NP=H (NP=H (NNP=H )) (: ) (S (NP (NNP ) (CC ) (NNP ) (NNP ) (NNS=H )) (VP=H (VBP=H ) (ADJP (JJ=H )))) (. ))),1,94391,"0,0876997706"
(ROOT (S=H (NP (NNP=H )) (VP=H (VBD=H ) (SBAR (S=H (NP (NNP ) (NNP ) (NNPS ) (NNP=H )) (VP=H (VBP=H ) (SBAR (S=H (NP (JJ ) (NN=H )) (VP=H (VBP=H ) (ADJP (JJ=H ))))))))) (. ))),1,94392,"0,0877006997"
(ROOT (S=H (NP (NP=H (NNP ) (NNP=H )) (VP (VBG=H ) (PP (IN=H ) (NP (NP=H (NNP=H )) (PP (IN=H ) (NP (NNP ) (NNPS=H ))))))) (VP=H (VBP=H ) (ADJP (JJ=H ))) (. ))),1,94393,"0,0877016288"
(ROOT (S=H (NP (NP=H (NP=H (DT ) (NN=H )) (PP (IN=H ) (NP (DT ) (NNPS=H )))) (PRN (-LRB- ) (NP=H (NN ) (NN=H )) (-RRB- ))) (VP=H (VBP=H ) (ADJP (JJ=H ))) (. ))),1,94394,"0,0877025579"
(ROOT (S=H (NP (NP=H (NP=H (DT ) (NN=H )) (PP (IN=H ) (NP (DT ) (NNPS=H )))) (PRN (-LRB- ) (NP=H (NN ) (NN=H )) (-RRB- ))) (NP-TMP (JJ ) (NNS=H )) (VP=H (VBP=H ) (ADJP (JJ=H ))) (. ))),1,94395,"0,087703487"
(ROOT (S=H (NP (NP=H (DT=H )) (PP (IN=H ) (NP (DT ) (NNP ) (NNPS ) (NN=H )))) (VP=H (VBP=H ) (ADJP (JJ=H ))) (. ))),1,94396,"0,0877044162"
"(ROOT (S=H (S (VP=H (VB=H ) (NP (NNS=H )))) (, ) (NP (NNP ) (NNS=H )) (VP=H (VBP=H ) (ADJP (JJ=H ))) (. )))",1,94397,"0,0877053453"
"(ROOT (S=H (NP (NP=H (NNP ) (NNP=H )) (PP (IN=H ) (NP (NP=H (NP=H (NNP ) (NNPS=H )) (PP (IN=H ) (NP (NNP=H )))) (CC ) (NP (NP=H (NNP ) (NNP=H )) (, ) (NP (NNP=H )))))) (VP=H (VBP=H ) (ADJP (JJ=H ))) (. )))",1,94398,"0,0877062744"
(ROOT (S=H (NP (NP=H (DT ) (NNP ) (NNS ) (NNS=H )) (PRN (-LRB- ) (NP=H (NN=H )) (-RRB- ))) (VP=H (VBP=H ) (ADJP (JJ=H ))) (. ))),1,94399,"0,0877072035"
(ROOT (S=H (NP (NP=H (DT ) (NNP ) (NNS ) (NNS=H )) (PRN (-LRB- ) (NP=H (NNP=H )) (-RRB- ))) (VP=H (VBP=H ) (ADJP (JJ=H ))) (. ))),1,94400,"0,0877081326"
(ROOT (S=H (PP (VBG=H ) (NP (NNS=H ))) (NP (JJ ) (NNS=H )) (VP=H (VBP=H ) (ADJP (JJ=H ))) (. ))),1,94401,"0,0877090617"
(ROOT (S=H (NP (NP=H (NNP ) (NNP ) (NNP ) (NNP ) (NNP=H )) (PP (IN=H ) (NP (ADJP (JJ=H ) (CC ) (VBG )) (NNS=H )))) (VP=H (VBP=H ) (ADJP (JJ=H ))) (. ))),1,94402,"0,0877099908"
(ROOT (S=H (ADVP (RB=H )) (NP (NP (JJ ) (NNS ) (POS=H )) (NN ) (NNS=H )) (VP=H (VBP=H ) (ADJP (JJ=H ))) (. ))),1,94403,"0,0877109199"
(ROOT (S=H (NP (NP (ADJP (RB ) (JJ=H )) (NNS ) (POS=H )) (NN=H )) (VP=H (VBP=H ) (ADJP (JJ=H ))) (. ))),1,94404,"0,0877118491"
(ROOT (NP=H (NP=H (NNS=H )) (: ) (S (NP (NNP ) (NNP ) (NNP=H )) (VP=H (VBP=H ) (ADJP (JJ=H )))) (. ))),1,94405,"0,0877127782"
(ROOT (S=H (NP (NP=H (NNP ) (NN=H )) (PP (IN=H ) (NP (NNS=H ) (CC ) (NN )))) (VP=H (VBP=H ) (ADJP (JJ=H ))) (. ))),1,94406,"0,0877137073"
(ROOT (NP=H (NP=H (NP=H (JJ ) (NN=H )) (PP (IN=H ) (NP (DT ) (NN=H )))) (: ) (NP (NP=H (NNP ) (NNP=H )) (SBAR (S=H (NP (NN=H )) (VP=H (VBP=H ) (ADJP (JJ=H )))))) (. ))),1,94407,"0,0877146364"
(ROOT (NP=H (NP=H (NP=H (NNP=H )) (PP (IN=H ) (NP (DT ) (NN=H )))) (: ) (NP (NP=H (NNP ) (NNP=H )) (SBAR (S=H (NP (NN=H )) (VP=H (VBP=H ) (ADJP (JJ=H )))))) (. ))),1,94408,"0,0877155655"
(ROOT (S=H (NP (NP=H (NNP ) (FW ) (NNP=H )) (NP (JJ ) (NN ) (NN ) (NNS=H ))) (VP=H (VBP=H ) (ADJP (JJ=H ))) (. ))),1,94409,"0,0877164946"
(ROOT (S=H (NP (NP=H (NNP ) (NNP=H )) (VP (VBG=H ) (NP (NP=H (NNS=H )) (PP (IN=H ) (NP (DT ) (NNP ) (NNP=H )))))) (VP=H (VBP=H ) (ADJP (JJ=H ))) (. ))),1,94410,"0,0877174237"
(ROOT (S=H (NP (NP (NP (NNP ) (NNP ) (POS=H )) (JJ ) (NNS ) (POS=H )) (NNS=H )) (VP=H (VBP=H ) (ADJP (JJ=H ))) (. ))),1,94411,"0,0877183528"
(ROOT (S=H (NP (NNP=H )) (VP=H (VBD=H ) (SBAR (S=H (NP (NP=H (NNS=H )) (PP (IN=H ) (NP (CD=H )))) (VP=H (VBP=H ) (ADJP (JJ=H )))))) (. ))),1,94412,"0,0877192819"
(ROOT (S=H (NP (NP (NNP ) (NNPS ) (NNP ) (NNP ) (POS=H )) (NNP ) (NNP ) (NN=H )) (VP=H (VBP=H ) (SBAR (S=H (NP (NNS=H )) (VP=H (VBP=H ) (ADJP (JJ=H )))))) (. ))),1,94413,"0,0877202111"
(ROOT (S=H (NP (NP=H (NNP=H )) (VP (VBG=H ) (PP (IN=H ) (NP (ADJP (JJ ) (JJ=H )) (NNS=H ))))) (VP=H (VBP=H ) (ADJP (JJ=H ))) (. ))),1,94414,"0,0877211402"
"(ROOT (S=H (NP (NP=H (NNPS ) (, ) (NNPS ) (, ) (NNP ) (NNPS=H )) (, ) (VP (VBN=H ) (NP (CD=H )))) (VP=H (VBP=H ) (ADJP (JJ=H ))) (. )))",1,94415,"0,0877220693"
(ROOT (NP=H (NP=H (NNP=H )) (: ) (NP (NP=H (NNP ) (NNPS=H )) (SBAR (S=H (NP (NP=H (NNS=H )) (PP (IN=H ) (NP (NNP ) (NNP=H )))) (VP=H (VBP=H ) (ADJP (JJ=H )))))) (. ))),1,94416,"0,0877229984"
(ROOT (NP=H (NP=H (NP (NNP ) (NNP ) (POS=H )) (NNP=H )) (: ) (S (NP (NNP=H )) (VP=H (VBP=H ) (ADJP (JJ=H )))) (. ))),1,94417,"0,0877239275"
(ROOT (S=H (NP (NNP ) (NNP=H )) (VP=H (VBZ=H ) (SBAR (S=H (NP (NP=H (DT ) (JJ ) (NN=H )) (PP (IN=H ) (NP (JJ ) (JJ ) (NNS=H )))) (VP=H (VBP=H ) (ADJP (JJ=H )))))) (. ))),1,94418,"0,0877248566"
(ROOT (S=H (NP (NP=H (NN=H ) (CC ) (NNS )) (PP (IN=H ) (NP (JJ ) (NNP=H )))) (VP=H (VBP=H ) (ADJP (JJ=H ))) (. ))),1,94419,"0,0877257857"
(ROOT (S=H (S (VP=H (VBG=H ) (ADJP (JJ=H )))) (VP=H (VBP=H ) (ADJP (JJ=H ))) (. ))),1,94420,"0,0877267148"
"(ROOT (S=H (S (NP (NNS=H )) (VP=H (VBN=H ) (PP (IN=H ) (NP (NNP ) (, ) (NNP=H ))))) (, ) (NP (NNP=H )) (VP=H (VBP=H ) (ADJP (JJ=H ))) (. )))",1,94421,"0,0877276439"
(ROOT (S=H (NP (NNP=H )) (VP=H (VBZ=H ) (SBAR (S=H (NP (NP=H (JJ ) (NNS=H )) (PP (IN=H ) (NP (NN=H )))) (VP=H (VBP=H ) (ADJP (JJ=H )))))) (. ))),1,94422,"0,0877285731"
(ROOT (S=H (NP (NP=H (NN ) (NNS ) (NNS=H )) (VP (VBG=H ) (NP (NN=H )) (PP (IN=H ) (NP (NNP ) (NNP=H ))))) (VP=H (VBP=H ) (ADJP (JJ=H ))) (. ))),1,94423,"0,0877295022"
(ROOT (NP=H (NP=H (CD=H )) (: ) (NP (NP=H (CD ) (NNS=H )) (SBAR (S=H (VP=H (VBP=H ) (ADJP (JJ=H )))))) (. ))),1,94424,"0,0877304313"
(ROOT (S=H (NP (NNP ) (NNP ) (NNP ) (PRN (-LRB- ) (NP=H (NP=H (CD=H )) (: ) (NP (CD=H ))) (-RRB- )) (NNP=H )) (VP=H (VBP=H ) (ADJP (JJ=H ))) (. ))),1,94425,"0,0877313604"
(ROOT (S=H (NP (NNP ) (NNP ) (NNP=H )) (PRN (-LRB- ) (NP=H (NP=H (CD=H )) (: ) (NP (CD=H ))) (-RRB- )) (NP (JJ ) (NNS=H )) (VP=H (VBP=H ) (ADJP (JJ=H ))) (. ))),1,94426,"0,0877322895"
(ROOT (S=H (NP (NP=H (NNP ) (NNP ) (NNP=H )) (PRN (-LRB- ) (NP=H (NP=H (CD=H )) (: ) (NP (CD=H ))) (-RRB- ))) (VP=H (VBZ=H ) (SBAR (S=H (NP (NNS=H )) (VP=H (VBP=H ) (ADJP (JJ=H )))))) (. ))),1,94427,"0,0877332186"
(ROOT (S=H (NP (NP=H (NNP=H )) (PP (IN=H ) (NP (NNP ) (NNP=H ) (CC ) (NNPS )))) (VP=H (VBP=H ) (ADJP (JJ=H ))) (. ))),1,94428,"0,0877341477"
"(ROOT (FRAG=H (NP (JJ ) (NN=H ) (, ) ('' )) (: ) (S=H (NP (PRP=H )) (VP=H (VBP=H ) (ADJP (JJ=H )))) (. )))",1,94429,"0,0877350768"
(ROOT (S=H (NP (NP=H (NNP ) (NNP=H )) (PP (IN=H ) (NP (NP=H (DT ) (NNP=H )) (PP (IN=H ) (NP (NP=H (NNS=H )) (PP (IN=H ) (NP (NNP ) (NNP=H )))))))) (VP=H (VBP=H ) (ADJP (JJ=H ))) (. ))),1,94430,"0,087736006"
(ROOT (S=H (NP (ADJP (JJ=H ) (PP (IN=H ) (NP (NN ) (NNS=H )))) (NNS=H )) (VP=H (VBP=H ) (ADJP (JJ=H ))) (. ))),1,94431,"0,0877369351"
(ROOT (S=H (NP (NP=H (NNP=H )) (PP (IN=H ) (NP (NP=H (DT ) (NNPS=H )) (PP (IN=H ) (NP (NNP ) (NNP ) (NNP=H )))))) (VP=H (VBP=H ) (ADJP (JJ=H ))) (. ))),1,94432,"0,0877378642"
(ROOT (S=H (NP (NP=H (NNP=H )) (VP (VBG=H ) (NP (NNS=H )) (PP (IN=H ) (NP (NP=H (DT ) (NNP=H )) (PP (IN=H ) (NP (DT ) (NNP=H ))))))) (VP=H (VBP=H ) (ADJP (JJ=H ))) (. ))),1,94433,"0,0877387933"
(ROOT (S=H (NP (NNP ) (NNP ) (NNP ) (CC ) (NNP ) (NNP ) (JJ ) (NNS=H )) (VP=H (VBP=H ) (ADJP (JJ=H ))) (. ))),1,94434,"0,0877397224"
(ROOT (S=H (NP (NP=H (NNP ) (NN ) (NN ) (NN=H )) (PP (IN=H ) (NP (JJ ) (NNS ) (NN ) (NN=H )))) (VP=H (VBP=H ) (ADJP (JJ=H ))) (. ))),1,94435,"0,0877406515"
(ROOT (NP=H (NP=H (NP=H (NN ) (NNS=H )) (PP (IN=H ) (NP (DT ) (NNP=H )))) (: ) (NP (NP=H (NNP ) (NNP=H )) (SBAR (S=H (NP (NN=H )) (VP=H (VBP=H ) (ADJP (JJ=H )))))) (. ))),1,94436,"0,0877415806"
(ROOT (S=H (NP (NP (NNP=H ) (CD )) (PRN (-LRB- ) (NP=H (JJ ) (NN ) (NN=H )) (-RRB- )) (NNS=H )) (VP=H (VBP=H ) (ADJP (JJ=H ))) (. ))),1,94437,"0,0877425097"
"(ROOT (S=H (S (NP (NNS=H ) (CC ) (NNS )) (VP=H (VBN=H ) (PP (IN=H ) (NP (NNP ) (NNP ) (NNP=H ))))) (, ) (NP (NNP=H )) (VP=H (VBP=H ) (ADJP (JJ=H ))) (. )))",1,94438,"0,0877434388"
(ROOT (S=H (NP (NP=H (NNP=H )) (PP (VBN=H ) (PP (IN=H ) (NP (NP (NNP ) (POS=H )) (NNP ) (NNS=H ))))) (VP=H (VBP=H ) (ADJP (JJ=H ))) (. ))),1,94439,"0,087744368"
"(ROOT (S=H (S (VP=H (VBG=H ) (NP (NN ) (NNS=H )) (PP (IN=H ) (NP (NNP=H ))))) (, ) (NP (NNP ) (NNP=H )) (VP=H (VBP=H ) (ADJP (JJ=H ))) (. )))",1,94440,"0,0877452971"
(ROOT (S=H (NP (RB ) (CD ) (NNP ) (CC ) (NNP ) (NNS=H )) (VP=H (VBP=H ) (ADJP (JJ=H ))) (. ))),1,94441,"0,0877462262"
(ROOT (S=H (NP (NP=H (NNP=H )) (PRN (-LRB- ) (NP=H (NNP ) (NNP ) (NNP ) (NNPS=H )) (-RRB- ))) (VP=H (VBP=H ) (ADJP (JJ=H ))) (. ))),1,94442,"0,0877471553"
(ROOT (S=H (NP (ADJP (RB ) (VBN=H )) (NNP ) (NNP=H )) (ADVP (JJ=H ) (PP (IN=H ) (NP (NP=H (NNPS=H ) (CC ) (NNPS )) (PP (IN=H ) (NP (NNP=H )))))) (VP=H (VBP=H ) (ADJP (JJ=H ))) (. ))),1,94443,"0,0877480844"
(ROOT (S=H (NP (NP=H (NNP ) (NNP ) (NNP ) (CC ) (NNP ) (NNP=H )) (PP (PP=H (TO=H ) (ADVP (RB=H ))) (PP (ADVP=H (RB=H )) (ADJP (JJ=H ))))) (VP=H (VBP=H ) (ADJP (JJ=H ))) (. ))),1,94444,"0,0877490135"
(ROOT (S=H (NP (NP=H (JJ ) (NN ) (NNP ) (NNP=H ) (CC ) (NNP )) (NP (NNS=H ))) (VP=H (VBP=H ) (ADJP (JJ=H ))) (. ))),1,94445,"0,0877499426"
(ROOT (S=H (NP (NNP=H )) (VP=H (VBD=H ) (SBAR (S=H (NP (NP=H (NNS=H )) (PP (IN=H ) (NP (NP=H (NNS=H )) (PP (IN=H ) (NP (DT ) (NNP ) (NNPS ) (NNP ) (NNP=H )))))) (VP=H (VBP=H ) (ADJP (JJ=H )))))) (. ))),1,94446,"0,0877508717"
(ROOT (S=H (NP (NP=H (NN=H ) (CC ) (NN )) (PP (IN=H ) (NP (NP=H (DT ) (NNP ) (NNPS ) (NNP=H )) (PP (IN=H ) (NP (NNP=H )))))) (VP=H (VBP=H ) (ADJP (JJ=H ))) (. ))),1,94447,"0,0877518009"
(ROOT (S=H (NP (NP=H (NNP ) (NNP=H )) (PP (IN=H ) (NP (NNP ) (NNP ) (NNPS ) (NN ) (NNS=H )))) (VP=H (VBP=H ) (ADJP (JJ=H ))) (. ))),1,94448,"0,08775273"
(ROOT (S=H (NP (NNP=H )) (VP=H (VBD=H ) (SBAR (S=H (NP (DT ) (NNS=H )) (VP=H (VBP=H ) (ADJP (JJ=H )))))) (. ))),1,94449,"0,0877536591"
(ROOT (S=H (NP (NP=H (NP=H (NNP ) (NNPS ) (JJ ) (NNS=H )) (PP (IN=H ) (NP (NNP=H )))) (PRN (-LRB- ) (NNP ) (NN=H ) (-RRB- ))) (VP=H (VBP=H ) (ADJP (JJ=H ))) (. ))),1,94450,"0,0877545882"
(ROOT (S=H (NP (NP=H (NP=H (NNP ) (NNPS ) (NNP ) (NNS=H )) (PP (IN=H ) (NP (NNP=H )))) (PRN (-LRB- ) (NNP ) (NN=H ) (-RRB- ))) (VP=H (VBP=H ) (ADJP (JJ=H ))) (. ))),1,94451,"0,0877555173"
(ROOT (NP=H (NP=H (NNP=H )) (: ) (S (NP (NP=H (JJ ) (NN ) (NNS=H )) (PP (IN=H ) (NP (DT ) (NNP ) (NNPS=H )))) (VP=H (VBP=H ) (ADJP (JJ=H )))) (. ))),1,94452,"0,0877564464"
(ROOT (S=H (NP (NP=H (RB ) (NN=H )) (CC ) (NP (NNS=H ))) (VP=H (VBP=H ) (ADJP (JJ=H ))) (. ))),1,94453,"0,0877573755"
(ROOT (S=H (NP (NP=H (JJ ) (QP=H (CD=H ) (CD ))) (PP (IN=H ) (NP (NP=H (NN ) (NNS=H )) (PP (IN=H ) (NP (DT ) (NNP ) (NNPS=H )))))) (VP=H (VBP=H ) (ADJP (JJ=H ))) (. ))),1,94454,"0,0877583046"
(ROOT (S=H (NP (NP=H (NP (NNS ) (POS=H )) (NNP ) (NNP=H )) (PP (IN=H ) (NP (NNP ) (NNP ) (NNS=H )))) (VP=H (VBP=H ) (ADJP (JJ=H ))) (. ))),1,94455,"0,0877592337"
(ROOT (NP=H (NP=H (NNP=H )) (: ) (NP (NP=H (NNP=H )) (: ) (S (NP (NNP ) (NNP ) (NNS=H )) (VP=H (VBP=H ) (ADJP (JJ=H ))))) (. ))),1,94456,"0,0877601629"
(ROOT (S=H (NP (ADJP (JJ=H ) (PP (IN=H ) (PP (IN=H ) (NP (DT ) (NNP ) (NNP=H ))))) (JJ ) (NNS=H )) (VP=H (VBP=H ) (ADJP (JJ=H ))) (. ))),1,94457,"0,087761092"
(ROOT (S=H (NP (ADJP (JJ=H ) (PP (IN=H ) (NP (DT ) (NNP ) (: ) (NNP ) (NNP=H )))) (NN=H )) (VP=H (VBP=H ) (ADJP (JJ=H ))) (. ))),1,94458,"0,0877620211"
(ROOT (S=H (NP (NP=H (NNP ) (NNPS ) (NNP=H )) (PP (IN=H ) (NP (NNP ) (NNP ) (NNPS ) (NNS=H )))) (VP=H (VBP=H ) (ADJP (JJ=H ))) (. ))),1,94459,"0,0877629502"
(ROOT (S=H (NP (NP=H (NNP ) (NNPS ) (NNP ) (NNP ) (NNP=H )) (PP (IN=H ) (NP (JJ ) (NNS=H )))) (VP=H (VBP=H ) (ADJP (JJ=H ))) (. ))),1,94460,"0,0877638793"
(ROOT (NP=H (NP=H (NNP ) (NNP=H )) (: ) (NP (NP=H (NNP ) (NNP ) (NNPS=H )) (SBAR (S=H (NP (NN ) (NNS=H )) (VP=H (VBP=H ) (ADJP (JJ=H )))))) (. ))),1,94461,"0,0877648084"
(ROOT (NP=H (NP=H (NNP=H )) (: ) (S (NP (NP=H (NNP ) (NNS=H )) (PP (IN=H ) (NP (NNP ) (NNP=H )))) (VP=H (VBP=H ) (ADJP (JJ=H )))) (. ))),1,94462,"0,0877657375"
(ROOT (S=H (NP (NNP=H )) (VP=H (VBD=H ) (NP (NP=H (NNS=H )) (SBAR (S=H (NP (NP=H (NP=H (DT ) (NN=H )) (-LRB- ) (NP (NNP ) (NN=H ) (CD )) (-RRB- )) (ADJP (JJ ) (JJ=H ))) (VP=H (VBP=H ) (ADJP (JJ=H ))))))) (. ))),1,94463,"0,0877666666"
"(ROOT (NP=H (NP=H (NNP=H )) (PP (IN=H ) (NP (NNP ) (NNP=H ))) (, ) (NP (NNP ) (NNP=H )) (, ) (NP (NP=H (NNP ) (NNP=H )) (PP (IN=H ) (NP (DT ) (NNP ) (NNP=H )))) (, ) (NP (NP=H (NNP=H )) (PP (IN=H ) (NP (NNP ) (NNP=H )))) (, ) (NP (NP=H (NNP=H )) (PP (IN=H ) (NP (NNP ) (NNP=H )))) (, ) (NP (NP=H (NNP=H )) (PP (IN=H ) (NP (NNP ) (NNP=H )))) (, ) (S (NP (NP=H (NNP ) (NNP ) (NNP=H )) (PP (IN=H ) (NP (NNP ) (NNP=H )))) (VP=H (VBP=H ) (ADJP (JJ=H )))) (. )))",1,94464,"0,0877675957"
(ROOT (S=H (NP (NP=H (NNS ) (NNS=H )) (PP (IN=H ) (NP (JJ ) (NN=H )))) (VP=H (VBP=H ) (ADJP (JJ=H ))) (. ))),1,94465,"0,0877685249"
(ROOT (S=H (NP (NP=H (NNPS ) (NNP=H )) (PP (IN=H ) (NP (CD=H )))) (VP=H (VBP=H ) (ADJP (JJ=H ))) (. ))),1,94466,"0,087769454"
(ROOT (S=H (NP (NP=H (NNP ) (NNP ) (NNP ) (NNP ) (FW ) (FW ) (NNP=H )) (NP (NNS=H ))) (VP=H (VBP=H ) (ADJP (JJ=H ))) (. ))),1,94467,"0,0877703831"
(ROOT (S=H (NP (NP=H (NNP ) (NNPS ) (NNP ) (NNP=H )) (PP (IN=H ) (NP (JJ ) (NN ) (NNS=H ) (CC ) (NNS )))) (VP=H (VBP=H ) (ADJP (JJ=H ))) (. ))),1,94468,"0,0877713122"
(ROOT (S=H (NP (NP (NNP ) (POS=H )) (NNP ) (NNP ) (NNP ) (NNP ) (NNS ) (NNS=H )) (VP=H (VBP=H ) (ADJP (JJ=H ))) (. ))),1,94469,"0,0877722413"
(ROOT (S=H (NP (NNP=H ) (-LRB- ) (NP (NNS ) (NN=H )) (-RRB- )) (VP=H (VBP=H ) (ADJP (JJ=H ))) (. ))),1,94470,"0,0877731704"
(ROOT (S=H (NP (NP=H (NNP=H )) (PP (IN=H ) (NP (NP=H (NN ) (NNS=H )) (PP (IN=H ) (NP (DT ) (CD ) (NNP ) (NNPS=H )))))) (VP=H (VBP=H ) (ADJP (JJ=H ))) (. ))),1,94471,"0,0877740995"
(ROOT (S=H (NP (CD ) (NNP ) (NNP ) (NNPS ) (NN=H )) (VP=H (VBP=H ) (ADJP (JJ=H ))) (. ))),1,94472,"0,0877750286"
"(ROOT (S=H (NP (NP=H (NNP ) (NNP ) (CC ) (NNP ) (NNP=H )) (, ) (NP (NNS=H ))) (VP=H (VBP=H ) (ADJP (JJ=H ))) (. )))",1,94473,"0,0877759578"
(ROOT (NP=H (NP=H (NP=H (NNS=H )) (PP (IN=H ) (NP (JJ ) (NN=H )))) (: ) (NP (NP=H (NP=H (NNP=H )) (PP (IN=H ) (NP (NNP=H ) (CD )))) (: ) (S (NP (NNP ) (NNP=H )) (VP=H (VBP=H ) (ADJP (JJ=H ))))) (. ))),1,94474,"0,0877768869"
(ROOT (S=H (NP (NP=H (NNP=H )) (CC ) (NP (VBN ) (NNS=H ))) (VP=H (VBP=H ) (ADJP (JJ=H ))) (. ))),1,94475,"0,087777816"
(ROOT (S=H (NP (NP=H (NNP ) (NNP ) (NNP ) (NNP=H )) (PRN (-LRB- ) (NP=H (NNP=H )) (-RRB- ))) (VP=H (VBD=H ) (SBAR (S=H (NP (JJ ) (NNS=H )) (VP=H (VBP=H ) (ADJP (JJ=H )))))) (. ))),1,94476,"0,0877787451"
(ROOT (S=H (NP (NP=H (NNP=H )) (PP (NNP=H ) (NP (NNP ) (NNS=H )))) (VP=H (VBP=H ) (ADJP (JJ=H ))) (. ))),1,94477,"0,0877796742"
(ROOT (S=H (NP (NNP ) (NNPS ) (NNP=H )) (VP=H (VBD=H ) (SBAR (S=H (NP (JJ ) (NNS=H )) (VP=H (VBP=H ) (ADJP (JJ=H )))))) (. ))),1,94478,"0,0877806033"
(ROOT (S=H (NP (NP (CD ) (NNS ) (POS=H )) (NNP ) (NNP ) (NNP ) (NN=H )) (VP=H (VBP=H ) (ADJP (JJ=H ))) (. ))),1,94479,"0,0877815324"
(ROOT (S=H (NP (NP=H (NN=H )) (PP (IN=H ) (FRAG (NP=H (NP=H (NNP ) (NNP ) (NNP=H )) (SBAR (S=H (VP=H (VBZ=H ) (NP (DT ) (NNS=H )) (PP (IN=H ))))) (. ))))) (VP=H (VBP=H ) (ADJP (JJ=H ))) (. ))),1,94480,"0,0877824615"
(ROOT (S=H (NP (PRP=H )) (NP (NNP=H )) (VP=H (VBP=H ) (ADJP (JJ=H ))) (. ))),1,94481,"0,0877833906"
(ROOT (S=H (NP (NNP ) (NNP ) (NNP ) (NNP ) (CC ) (NNPS ) (NNP=H )) (VP=H (VBP=H ) (ADJP (JJ=H ))) (. ))),1,94482,"0,0877843198"
"(ROOT (S=H (S (NP (JJ ) (NN=H )) (VP=H (VBZ=H ) (NP (NNS=H ) (CC ) (NNS )) (PP (IN=H ) (NP (NNP=H ))))) (, ) (NP (NNP=H )) (VP=H (VBP=H ) (ADJP (JJ=H ))) (. )))",1,94483,"0,0877852489"
"(ROOT (S=H (S (NP (NNP=H )) (VP=H (VBG=H ) (NP (NNS=H )) (PP (IN=H ) (NP (NNP=H ))))) (, ) (NP (NNP=H )) (VP=H (VBP=H ) (ADJP (JJ=H ))) (. )))",1,94484,"0,087786178"
"(ROOT (S=H (ADVP (RB=H )) (, ) (NP (NNP ) (NNP=H )) (VP=H (VBZ=H ) (SBAR (S=H (NP (JJ ) (NNS=H )) (VP=H (VBP=H ) (ADJP (JJ=H )))))) (. )))",1,94485,"0,0877871071"
(ROOT (S=H (NP (NP=H (NP (JJ ) (NNS ) (POS=H )) (NNS=H )) (PP (IN=H ) (NP (DT ) (NNP ) (NNP ) (NNP=H )))) (VP=H (VBP=H ) (ADJP (JJ=H ))) (. ))),1,94486,"0,0877880362"
(ROOT (S=H (NP (NP=H (JJ ) (NN=H )) (PP (VBN=H ) (PP (IN=H ) (NP (NNS=H ))))) (VP=H (VBP=H ) (ADJP (JJ=H ))) (. ))),1,94487,"0,0877889653"
(ROOT (S=H (NP (DT ) (NNP ) (NNP=H )) (PRN (-LRB- ) (NP=H (NN=H )) (-RRB- )) (NP (JJ ) (NNS=H )) (VP=H (VBP=H ) (ADJP (JJ=H ))) (. ))),1,94488,"0,0877898944"
"(ROOT (S=H (S (NP (JJ ) (NNS ) (NNS=H )) (VP=H (VBN=H ) (PP (IN=H ) (NP (NNP=H ))))) (, ) (NP (NNP=H )) (VP=H (VBP=H ) (ADJP (JJ=H ))) (. )))",1,94489,"0,0877908235"
"(ROOT (S=H (S (VP=H (VB=H ) (NP (NNS=H )) (PP (VBN=H ) (PP (IN=H ) (NP (NNP=H )))))) (, ) (NP (NNP=H )) (VP=H (VBP=H ) (ADJP (JJ=H ))) (. )))",1,94490,"0,0877917526"
"(ROOT (S=H (NP (PRP=H )) (, ) (NP (DT ) (NNP=H )) (VP=H (VBP=H ) (ADJP (JJ=H ))) (. )))",1,94491,"0,0877926818"
(ROOT (NP=H (NP=H (CD=H )) (: ) (S (NP (NP=H (CD ) (JJ ) (JJ ) (NN ) (NN=H )) (PP (IN=H ) (NP (NN=H )))) (VP=H (VBP=H ) (ADJP (JJ=H )))) (. ))),1,94492,"0,0877936109"
(ROOT (S=H (NP (NP=H (NN ) (NNS ) (NNS=H )) (PP (VBN=H ) (PP (IN=H ) (NP (DT ) (NNP ) (NNPS=H ))))) (VP=H (VBP=H ) (ADJP (JJ=H ))) (. ))),1,94493,"0,08779454"
(ROOT (S=H (NP (NP (JJ ) (JJ ) (NNS ) (POS=H )) (NNP ) (PRN (-LRB- ) (NP=H (NNP=H )) (-RRB- )) (NNP=H )) (VP=H (VBP=H ) (ADJP (JJ=H ))) (. ))),1,94494,"0,0877954691"
(ROOT (S=H (NP (ADJP (JJ=H ) (PP (IN=H ) (NP (DT ) (NNP ) (: ) (NNP ) (NNP=H )))) (JJ ) (NN=H )) (VP=H (VBP=H ) (ADJP (JJ=H ))) (. ))),1,94495,"0,0877963982"
(ROOT (S=H (ADVP (RB=H )) (NP (PRP=H )) (VP=H (VBD=H ) (SBAR (S=H (NP (NNP ) (NNP=H )) (VP=H (VBP=H ) (ADJP (JJ=H )))))) (. ))),1,94496,"0,0877973273"
(ROOT (S=H (NP (DT ) (JJ ) (NN=H )) (VP=H (VBZ=H ) (NP (NP=H (NNP=H )) (SBAR (S=H (NP (NN ) (NNS=H )) (VP=H (VBP=H ) (ADJP (JJ=H ))))))) (. ))),1,94497,"0,0877982564"
"(ROOT (S=H (NP (NNP ) (, ) (NNP ) (NNP=H ) (CC ) (NNP )) (VP=H (VBP=H ) (ADJP (JJ=H ))) (. )))",1,94498,"0,0877991855"
(ROOT (S=H (PP (IN=H ) (NP (CD=H ))) (NP (NP=H (NNP ) (NNP=H )) (PP (IN=H ) (NP (NNPS=H )))) (VP=H (VBP=H ) (ADJP (JJ=H ))) (. ))),1,94499,"0,0878001147"
"(ROOT (S=H (NP (NP=H (DT ) (JJ ) (NNP ) (NNS ) (NN=H )) (UCP (ADVP (RB=H )) (, ) (PP=H (JJ ) (IN=H ) (NP (NNP ) (JJ ) (NNS ) (NNS=H ))))) (VP=H (VBP=H ) (ADJP (JJ=H ))) (. )))",1,94500,"0,0878010438"
(ROOT (S=H (S (VP=H (VBG=H ) (NP (NNS=H )) (: ) (SBAR (IN=H ) (S (NP (DT ) (NN=H )) (VP=H (VBZ=H ) (ADVP (RB=H )) (VP (VBG=H ))))))) (VP=H (VBP=H ) (ADJP (JJ=H ))) (. ))),1,94501,"0,0878019729"
(ROOT (S=H (PP (IN=H ) (NP (NN=H ))) (NP (NP=H (CD ) (NNS=H )) (PP (IN=H ) (NP (NNP ) (NNP=H )))) (VP=H (VBP=H ) (ADJP (JJ=H ))) (. ))),1,94502,"0,087802902"
(ROOT (S=H (NP (NP=H (NNP ) (NNP ) (NNP ) (NNP ) (NN ) (NNP=H )) (PP (IN=H ) (NP (NNP ) (NNS=H )))) (VP=H (VBP=H ) (ADJP (JJ=H ))) (. ))),1,94503,"0,0878038311"
(ROOT (NP=H (NP=H (NNP=H )) (: ) (S (NP (NP=H (NNP ) (NNP ) (NNP=H )) (PP (IN=H ) (NP (NNP ) (NNP=H )))) (VP=H (VBP=H ) (ADJP (JJ=H )))) (. ))),1,94504,"0,0878047602"
(ROOT (NP=H (NP=H (NNP=H )) (: ) (NP (NP=H (NNP ) (NNP=H )) (SBAR (S=H (NP (NP=H (JJ ) (NN=H )) (PP (IN=H ) (NP (DT ) (NNP ) (NNP=H )))) (VP=H (VBP=H ) (ADJP (JJ=H )))))) (. ))),1,94505,"0,0878056893"
(ROOT (NP=H (NP=H (NNP=H )) (: ) (NP (NP=H (NNP ) (NNP=H )) (SBAR (S=H (NP (NP=H (JJ ) (NN=H )) (PP (IN=H ) (NP (DT ) (NNP ) (NNPS=H )))) (VP=H (VBP=H ) (ADJP (JJ=H )))))) (. ))),1,94506,"0,0878066184"
(ROOT (S=H (NP (NP=H (NNP ) (NNP ) (FW ) (NNP=H )) (PP (IN=H ) (NP (JJ ) (NNS=H )))) (VP=H (VBP=H ) (ADJP (JJ=H ))) (. ))),1,94507,"0,0878075475"
"(ROOT (S=H (S (NP (NNP ) (NNP=H )) (VP=H (VBZ=H ) (PP (IN=H ) (NP (NNP ) (NNP ) (NNP=H ))))) (, ) (NP (NNP=H )) (VP=H (VBP=H ) (ADJP (JJ=H ))) (. )))",1,94508,"0,0878084767"
(ROOT (S=H (NP (NNP=H )) (VP=H (NN=H ) (SBAR (S=H (NP (NN ) (NNS=H )) (VP=H (VBP=H ) (ADJP (JJ=H )))))) (. ))),1,94509,"0,0878094058"
(ROOT (S=H (NP (NP=H (NP (NNP ) (POS=H )) (NNP=H )) (PP (IN=H ) (NP (NNP ) (NNPS ) (NN=H ) (NP (NNS=H ))))) (VP=H (VBP=H ) (ADJP (JJ=H ))) (. ))),1,94510,"0,0878103349"
(ROOT (S=H (NP (NP=H (NN=H )) (PP (IN=H ) (NP (NP=H (DT ) (NNP ) (NNPS ) (NNP=H )) (PP (IN=H ) (NP (NNP=H )))))) (VP=H (VBP=H ) (ADJP (JJ=H ))) (. ))),1,94511,"0,087811264"
(ROOT (S=H (NP (NP=H (NN=H )) (PP (IN=H ) (NP (NP=H (DT ) (NNP ) (NNPS ) (NNP=H )) (PP (IN=H ) (NP (NNP ) (NNP ) (NNPS=H )))))) (VP=H (VBP=H ) (ADJP (JJ=H ))) (. ))),1,94512,"0,0878121931"
(ROOT (S=H (NP (NP=H (NN=H )) (PP (IN=H ) (NP (NP=H (DT ) (NNP ) (NNPS ) (NNP=H )) (PP (IN=H ) (NP (DT ) (NNP ) (NNP=H )))))) (VP=H (VBP=H ) (ADJP (JJ=H ))) (. ))),1,94513,"0,0878131222"
(ROOT (S=H (NP (NP=H (NN=H )) (PP (IN=H ) (NP (DT ) (NNP ) (NNPS ) (NNP=H )))) (ADVP (JJ=H ) (PP (IN=H ) (NP (NNP=H )))) (VP=H (VBP=H ) (ADJP (JJ=H ))) (. ))),1,94514,"0,0878140513"
(ROOT (S=H (FRAG (ADJP=H (JJ=H ))) (: ) (S=H (PP (IN=H ) (NP (NNP=H ))) (NP (NN ) (NNS=H )) (VP=H (VBP=H ) (ADJP (JJ=H )))) (. ))),1,94515,"0,0878149804"
(ROOT (S=H (NP (PRP$ ) (NN=H )) (VP=H (VBZ=H ) (NP (NP=H (NNP=H )) (SBAR (S=H (NP (NN ) (NNS=H )) (VP=H (VBP=H ) (ADJP (JJ=H ))))))) (. ))),1,94516,"0,0878159095"
(ROOT (S=H (NP (JJ ) (NN ) (NN=H )) (VP=H (VBZ=H ) (NP (NP=H (JJ ) (NN ) (NN ) (NN=H )) (SBAR (S=H (NP (NP=H (JJ ) (NNS=H )) (PP (IN=H ) (NP (NNP ) (NNP=H )))) (VP=H (VBP=H ) (ADJP (JJ=H ))))))) (. ))),1,94517,"0,0878168387"
"(ROOT (S=H (NP (NNP ) (NNP ) (NNP ) (, ) (NNP=H ) (CC ) (NNP )) (VP=H (VBP=H ) (ADJP (JJ=H ))) (. )))",1,94518,"0,0878177678"
(ROOT (S=H (NP (NP (DT ) (NNP ) (NNPS=H )) (PRN (-LRB- ) (NP=H (NN ) (NN=H )) (-RRB- )) (NNS=H )) (VP=H (VBP=H ) (ADJP (JJ=H ))) (. ))),1,94519,"0,0878186969"
(ROOT (S=H (NP (NNP=H )) (PP (IN=H ) (NP (NNPS=H ))) (VP=H (VBP=H ) (ADJP (JJ=H ))) (. ))),1,94520,"0,087819626"
(ROOT (S=H (NP (NP=H (NNP ) (NNP=H )) (PP (IN=H ) (NP (NP=H (DT ) (NNPS=H )) (PP (IN=H ) (NP (DT ) (NNP ) (NNS=H )))))) (VP=H (VBP=H ) (ADJP (JJ=H ))) (. ))),1,94521,"0,0878205551"
(ROOT (S=H (NP (NP (NNP=H )) (PRN (-LRB- ) (NNP=H ) (-RRB- )) (NNS=H )) (VP=H (VBP=H ) (ADJP (JJ=H ))) (. ))),1,94522,"0,0878214842"
(ROOT (S=H (NP (NP=H (NNP=H )) (VP (VBG=H ) (PP (TO=H ) (NP (NNP ) (NNPS=H ))))) (VP=H (VBP=H ) (ADJP (JJ=H ))) (. ))),1,94523,"0,0878224133"
(ROOT (S=H (NP (NP=H (NNP ) (NNPS ) (PRN (-LRB- ) (NP=H (NNP ) (NNP=H )) (-RRB- )) (NNP=H )) (PP (IN=H ) (NP (NN=H )))) (VP=H (VBP=H ) (ADJP (JJ=H ))) (. ))),1,94524,"0,0878233424"
(ROOT (S=H (NP (NNP=H )) (PRN (-LRB- ) (NP=H (NN=H )) (-RRB- )) (NP (NN ) (NN ) (NN ) (NNS=H )) (VP=H (VBP=H ) (ADJP (JJ=H ))) (. ))),1,94525,"0,0878242716"
(ROOT (S=H (NP (JJS ) (NX=H (JJ ) (NN ) (PP=H (IN=H ) (NP (NN=H ))))) (VP=H (VBP=H ) (ADJP (JJ=H ))) (. ))),1,94526,"0,0878252007"
(ROOT (S=H (NP (NP=H (NNP ) (NNPS ) (NNP=H )) (PP (IN=H ) (NP (NNP ) (CC ) (NNP ) (NNS=H )))) (VP=H (VBP=H ) (ADJP (JJ=H ))) (. ))),1,94527,"0,0878261298"
(ROOT (S=H (NP (NNP ) (NNPS ) (NNP=H )) (: ) (VP=H (VBP=H ) (ADJP (JJ=H ))) (. ))),1,94528,"0,0878270589"
(ROOT (S=H (NP (NP=H (NNP=H )) (PP (IN=H ) (NP (NP=H (DT ) (NNP ) (NNPS=H )) (PP (IN=H ) (NP (NNS=H )))))) (VP=H (VBP=H ) (ADJP (JJ=H ))) (. ))),1,94529,"0,087827988"
(ROOT (S=H (NP (NP=H (NNP ) (NNP=H )) (PP (TO=H ) (NP (NNP ) (JJ ) (NNS=H )))) (VP=H (VBP=H ) (ADJP (JJ=H ))) (. ))),1,94530,"0,0878289171"
(ROOT (S=H (NP (NP=H (NNP ) (NNP=H )) (PP (TO=H ) (NP (NNP ) (NNS=H )))) (VP=H (VBZ=H ) (SBAR (S=H (VP=H (VBP=H ) (ADJP (JJ=H )))))) (. ))),1,94531,"0,0878298462"
(ROOT (S=H (NP (NNP=H )) (VP=H (VBD=H ) (SBAR (S=H (NP (NP=H (JJ ) (NNP ) (NN ) (NNS=H )) (PP (IN=H ) (NP (NNP=H )))) (VP=H (VBD=H ) (SBAR (S=H (NP (NN=H )) (VP=H (VBP=H ) (ADJP (JJ=H ))))))))) (. ))),1,94532,"0,0878307753"
(ROOT (S=H (NP (NNP=H )) (VP=H (VBD=H ) (SBAR (S=H (NP (NP=H (JJ ) (NNP ) (NN ) (NNS=H )) (PP (IN=H ) (NP (NNP ) (JJ ) (NN=H )))) (VP=H (VBP=H ) (ADJP (JJ=H )))))) (. ))),1,94533,"0,0878317044"
(ROOT (S=H (NP (NP=H (NNP ) (NNP=H )) (PP (IN=H ) (NP (NNP ) (NNPS=H ) (CC ) (NNP )))) (VP=H (VBP=H ) (ADJP (JJ=H ))) (. ))),1,94534,"0,0878326336"
(ROOT (S=H (NP (NP=H (NP=H (DT ) (NN=H )) (PP (IN=H ) (NP (PRP=H )))) (NP (NN ) (NNS=H ))) (VP=H (VBP=H ) (ADJP (JJ=H ))) (. ))),1,94535,"0,0878335627"
(ROOT (S=H (NP (VBN ) (NNS ) (NNS=H )) (VP=H (VBP=H ) (ADJP (JJ=H ))) (. ))),1,94536,"0,0878344918"
(ROOT (NP=H (NP=H (NP=H (NNPS=H )) (PP (IN=H ) (NP (NNP=H )))) (: ) (S (NP (NNP=H )) (VP=H (VBP=H ) (ADJP (JJ=H )))) (. ))),1,94537,"0,0878354209"
(ROOT (S=H (NP (NP=H (NP=H (NNS=H )) (PP (IN=H ) (NP (JJ ) (NN ) (NNS=H )))) (PRN (-LRB- ) (NNS=H ) (-RRB- ))) (VP=H (VBP=H ) (ADJP (JJ=H ))) (. ))),1,94538,"0,08783635"
(ROOT (S=H (NP (NP=H (NNP=H )) (VP (VBG=H ) (NP (NP=H (NN=H ) (CD )) (PP (IN=H ) (NP (NNP ) (NN ) (NNS=H )))))) (VP=H (VBP=H ) (ADJP (JJ=H ))) (. ))),1,94539,"0,0878372791"
(ROOT (S=H (NP (NNP ) (NNP=H )) (PRN (-LRB- ) (NP=H (NNP ) (NNPS=H )) (-RRB- )) (NP (NN=H )) (VP=H (VBP=H ) (ADJP (JJ=H ))) (. ))),1,94540,"0,0878382082"
(ROOT (NP=H (NP=H (NNP=H )) (: ) (S (NP (NP=H (NNP=H )) (PP (IN=H ) (NP (NP=H (NNP ) (NNP=H )) (PP (IN=H ) (NP (NNP ) (NNP=H )))))) (VP=H (VBP=H ) (ADJP (JJ=H )))) (. ))),1,94541,"0,0878391373"
"(ROOT (S=H (NP (NP=H (NNP ) (NNP=H )) (PP (IN=H ) (NP (NP=H (NNP=H )) (, ) (NP (NNS=H ))))) (VP=H (VBP=H ) (ADJP (JJ=H ))) (. )))",1,94542,"0,0878400665"
"(ROOT (S=H (NP (NP=H (NNP ) (NNP ) (NNP=H )) (, ) (NP (NP=H (NNS=H )) (NP (NNP ) (, ) (NNP ) (, ) (NNP ) (, ) (NNP ) (NNP=H )))) (VP=H (VBP=H ) (ADJP (JJ=H ))) (. )))",1,94543,"0,0878409956"
(ROOT (NP=H (NP=H (NNP ) (NNP ) (NNP=H )) (: ) (S (NP (NP (NNP ) (NNP ) (POS=H )) (NNS ) (NN=H )) (VP=H (VBP=H ) (ADJP (JJ=H )))) (. ))),1,94544,"0,0878419247"
(ROOT (NP=H (NP=H (NNP ) (NNP ) (NNP=H )) (: ) (S (NP (NP (NNP ) (NNP ) (POS=H )) (NN=H )) (VP=H (VBP=H ) (ADJP (JJ=H )))) (. ))),1,94545,"0,0878428538"
(ROOT (S=H (NP (NP=H (NNP=H )) (PP (IN=H ) (NP (NNP=H ))) (NP (NNS=H )) (-RRB- )) (VP=H (VBP=H ) (ADJP (JJ=H ))) (. ))),1,94546,"0,0878437829"
(ROOT (S=H (NP (NAC (NAC=H (NNP=H ) (DT ) (JJ )) (PRN (-LRB- ) (NP=H (NN=H )) (-RRB- ))) (NN=H )) (VP=H (VBP=H ) (ADJP (JJ=H ))) (. ))),1,94547,"0,087844712"
(ROOT (NP=H (NP=H (NP=H (NNPS=H )) (PP (IN=H ) (NP (DT ) (NNP=H )))) (: ) (NP (NP=H (NNP ) (NNP=H )) (SBAR (S=H (NP (NN=H )) (VP=H (VBP=H ) (ADJP (JJ=H )))))) (. ))),1,94548,"0,0878456411"
(ROOT (S=H (ADVP (RB=H ) (PP (TO=H ) (NP (NN=H )))) (NP (NNP ) (NNS=H )) (VP=H (VBP=H ) (ADJP (JJ=H ))) (. ))),1,94549,"0,0878465702"
(ROOT (S=H (NP (NAC (NNP=H ) (PP (TO=H ) (NP (NN=H )))) (NNP=H )) (VP=H (VBP=H ) (ADJP (JJ=H ))) (. ))),1,94550,"0,0878474993"
"(ROOT (S=H (NP (NP=H (NNP=H )) (PP (IN=H ) (NP (NNP ) (, ) (NNP ) (NNPS ) (NNS=H )))) (VP=H (VBP=H ) (ADJP (JJ=H ))) (. )))",1,94551,"0,0878484285"
(ROOT (FRAG=H (NP (NNP=H )) (: ) (S=H (NP (NP=H (JJ ) (NNS=H )) (PP (IN=H ) (NP (NN=H )))) (VP=H (VBP=H ) (ADJP (JJ=H )))) (. ))),1,94552,"0,0878493576"
"(ROOT (S=H (FRAG (NP=H (NP=H (NNP=H )) (, ) (NP (NNP=H )) (, ) (NP (NNP ) (NNP=H )) (, ) (NP (NNP ) (NNP=H )) (: ) (NP (NN=H )))) (, ) (NP (NNP ) (NNP=H )) (VP=H (VBP=H ) (ADJP (JJ=H ))) (. )))",1,94553,"0,0878502867"
"(ROOT (NP=H (NP=H (JJ ) (JJ ) (NN ) (NNS=H )) (: ) (NP (NNP ) (NNP=H )) (, ) (NP (NNP ) (NNP=H )) (, ) (S (NP (NNP ) (NNP=H )) (VP=H (VBP=H ) (ADJP (JJ=H )))) (. )))",1,94554,"0,0878512158"
(ROOT (NP=H (NP=H (CD=H )) (: ) (S (NP (CD ) (NNP ) (NNP ) (NNP ) (NNP ) (NNP ) (NNS=H )) (VP=H (VBP=H ) (ADJP (JJ=H )))) (. ))),1,94555,"0,0878521449"
(ROOT (S=H (NP (NP=H (NNP ) (NNP=H )) (PRN (-LRB- ) (NP=H (NP (JJ ) (NNS ) (POS=H )) (NN ) (NN=H )) (-RRB- ))) (VP=H (VBP=H ) (ADJP (JJ=H ))) (. ))),1,94556,"0,087853074"
"(ROOT (S=H (NP (NNP=H )) (VP=H (VBD=H ) (SBAR (S=H (NP (NN ) (, ) (NN ) (CC ) (NN ) (NNS=H )) (VP=H (VBP=H ) (ADJP (JJ=H )))))) (. )))",1,94557,"0,0878540031"
(ROOT (S=H (NP (NP=H (NP=H (CD ) (: ) (CD=H )) (NP (NNP ) (NNP ) (NNP ) (NNP ) (NNP=H ))) (: ) (NP (NP=H (NP (NNP ) (POS=H )) (NN=H )) (CC ) (NP (CD ) (NNS=H )))) (VP=H (VBP=H ) (ADJP (JJ=H ))) (. ))),1,94558,"0,0878549322"
(ROOT (FRAG=H (NP (NNP=H )) (: ) (S=H (NP (NP=H (NNS=H ) (CC ) (NNS )) (PP (IN=H ) (NP (NNP ) (NN=H )))) (VP=H (VBP=H ) (ADJP (JJ=H )))) (. ))),1,94559,"0,0878558613"
(ROOT (S=H (PP (IN=H ) (NP (NP=H (DT ) (JJ ) (JJ ) (NN=H )) (PP (IN=H ) (NP (DT ) (NN=H ))))) (NP (NNS=H )) (VP=H (VBP=H ) (ADJP (JJ=H ))) (. ))),1,94560,"0,0878567905"
(ROOT (NP=H (NP=H (CD=H )) (: ) (NP (NP=H (NP=H (CD=H )) (NP (NNP ) (NNP ) (NNP ) (NNP ) (NNP=H ))) (: ) (S (NP (NNP ) (POS ) (NN ) (CC ) (NN ) (NNS=H )) (VP=H (VBP=H ) (ADJP (JJ=H ))))) (. ))),1,94561,"0,0878577196"
(ROOT (FRAG=H (NP (NNP=H )) (: ) (S=H (NP (NP=H (DT ) (NNP ) (NNP ) (NNS ) (NN ) (NNS=H )) (PP (TO=H ) (NP (NNS=H )))) (VP=H (VBP=H ) (ADJP (JJ=H )))) (. ))),1,94562,"0,0878586487"
"(ROOT (S=H (NP (NNP ) (NNS ) (, ) (JJ ) (NNS=H )) (VP=H (VBP=H ) (ADJP (JJ=H ))) (. )))",1,94563,"0,0878595778"
(ROOT (S=H (NP (NP=H (NNP ) (NNPS ) (NNP ) (NNP ) (NNP=H )) (PP (VBG=H ) (NP (DT ) (NNP ) (NNPS=H )))) (VP=H (VBP=H ) (ADJP (JJ=H ))) (. ))),1,94564,"0,0878605069"
(ROOT (S=H (NP-TMP (JJ ) (NN=H )) (NP (JJ ) (NN=H )) (VP=H (VBP=H ) (ADJP (JJ=H ))) (. ))),1,94565,"0,087861436"
"(ROOT (S=H (S (NP (NNP=H )) (VP=H (VBZ=H ) (PP (VBN=H ) (PP (IN=H ) (NP (NNP=H )))))) (, ) (NP (NNP ) (NNP=H )) (VP=H (VBP=H ) (ADJP (JJ=H ))) (. )))",1,94566,"0,0878623651"
(ROOT (NP=H (NP=H (NP=H (NNPS=H )) (PP (IN=H ) (NP (NNP=H )))) (: ) (NP (NP=H (NNP ) (NNP=H )) (SBAR (S=H (NP (JJ ) (NN=H )) (VP=H (VBP=H ) (ADJP (JJ=H )))))) (. ))),1,94567,"0,0878632942"
(ROOT (FRAG=H (NP (NP=H (NNP=H )) (: ) (NP (NNP=H ))) (: ) (S=H (NP (NNP ) (NNP=H )) (VP=H (VBP=H ) (ADJP (JJ=H )))) (. ))),1,94568,"0,0878642234"
(ROOT (NP=H (NP=H (NNP ) (NNP=H )) (: ) (NP (NP=H (-LRB- ) (NN=H ) (-RRB- )) (SBAR (S=H (NP (NNP=H )) (VP=H (VBP=H ) (ADJP (JJ=H )))))) (. ))),1,94569,"0,0878651525"
(ROOT (NP=H (NP=H (NNP ) (NNP=H )) (: ) (NP (NP=H (-LRB- ) (NN=H ) (-RRB- )) (SBAR (S=H (NP (NN ) (NNS=H )) (VP=H (VBP=H ) (ADJP (JJ=H )))))) (. ))),1,94570,"0,0878660816"
"(ROOT (S=H (ADVP (RB=H )) (, ) (NP (PRP=H )) (VP=H (VBD=H ) (SBAR (S=H (NP (NNS=H )) (VP=H (VBP=H ) (ADJP (JJ=H )))))) (. )))",1,94571,"0,0878670107"
(ROOT (S=H (NP (NP=H (JJ ) (NN ) (NNS ) (NNS=H )) (PP (IN=H ) (NP (DT ) (NNPS=H )))) (VP=H (VBP=H ) (ADJP (JJ=H ))) (. ))),1,94572,"0,0878679398"
(ROOT (S=H (NP (NP=H (NN ) (NNS ) (NNS=H )) (PP (IN=H ) (NP (DT ) (NNPS=H )))) (VP=H (VBP=H ) (ADJP (JJ=H ))) (. ))),1,94573,"0,0878688689"
"(ROOT (S=H (NP (NP=H (NNP=H )) (, ) (NP (NN=H )) (PRN (-LRB- ) (VP=H (VBG=H ) (NP (NNS=H ))) (-RRB- ))) (VP=H (VBP=H ) (ADJP (JJ=H ))) (. )))",1,94574,"0,087869798"
(ROOT (FRAG=H (NP (NNP=H )) (: ) (S=H (NP (NP=H (NNS=H )) (PP (IN=H ) (NP (NNP ) (NNP=H )))) (VP=H (VBP=H ) (ADJP (JJ=H )))) (. ))),1,94575,"0,0878707271"
(ROOT (S=H (NP (JJ ) (ADJP (JJ ) (JJ ) (NN=H )) (NNS=H )) (VP=H (VBP=H ) (ADJP (JJ=H ))) (. ))),1,94576,"0,0878716562"
(ROOT (FRAG=H (NP (NNP=H )) (: ) (S=H (NP (NNP ) (NNP ) (NNP ) (NNP ) (NNP ) (NNP=H )) (VP=H (VBP=H ) (ADJP (JJ=H )))) (. ))),1,94577,"0,0878725854"
(ROOT (S=H (NP (NP=H (NNP ) (NNP ) (CC ) (NNP ) (NNS=H )) (PP (IN=H ) (NP (JJ ) (NN=H )))) (VP=H (VBP=H ) (ADJP (JJ=H ))) (. ))),1,94578,"0,0878735145"
"(ROOT (S=H (S (VP=H (VBN=H ) (PP (IN=H ) (NP (NNP=H ))))) (, ) (NP (NNP=H )) (VP=H (VBP=H ) (ADJP (JJ=H ))) (. )))",1,94579,"0,0878744436"
(ROOT (S=H (NP (NP=H (NNP ) (CC ) (NNP ) (-LRB- ) (NNP ) (-RRB- ) (NNP=H )) (VP (VBG=H ) (PP (IN=H ) (NP (NNP ) (NNPS=H ))))) (VP=H (VBP=H ) (ADJP (JJ=H ))) (. ))),1,94580,"0,0878753727"
(ROOT (S=H (NP (NNP=H )) (VP=H (VBD=H ) (SBAR (S=H (NP (NP=H (NNS=H )) (PP (IN=H ) (NP (NP=H (JJR ) (VBG ) (NNS=H )) (PP (TO=H ) (NP (DT ) (NN=H )))))) (VP=H (VBP=H ) (ADJP (JJ=H )))))) (. ))),1,94581,"0,0878763018"
(ROOT (FRAG=H (NP (NNP ) (NNP ) (NNP ) (NNP=H )) (: ) (S=H (NP (NNP ) (NNP ) (NNP=H )) (VP=H (VBP=H ) (ADJP (JJ=H )))) (. ))),1,94582,"0,0878772309"
(ROOT (S=H (NP (NP=H (NNP ) (NN ) (CC ) (RB ) (NN ) (NNS=H )) (PP (IN=H ) (NP (JJ ) (NN=H )))) (VP=H (VBP=H ) (ADJP (JJ=H ))) (. ))),1,94583,"0,08787816"
(ROOT (NP=H (NP=H (NN=H )) (PRN (-LRB- ) (NP=H (NN=H )) (-RRB- )) (: ) (NP (NP=H (JJ ) (NNS=H )) (SBAR (S=H (VP=H (VBP=H ) (ADJP (JJ=H )))))) (. ))),1,94584,"0,0878790891"
(ROOT (S=H (NP (NP=H (NP=H (NN=H )) (PP (IN=H ) (NP (NP=H (NNS=H )) (PP (IN=H ) (NP (NNP=H )))))) (PRN (-LRB- ) (NN=H ) (-RRB- ))) (VP=H (VBP=H ) (ADJP (JJ=H ))) (. ))),1,94585,"0,0878800182"
(ROOT (S=H (NP (PRP=H )) (VP=H (VBD=H ) (SBAR (S=H (NP (NP=H (PRP$ ) (NNS=H )) (PP (IN=H ) (NP (NNP ) (NNS=H )))) (VP=H (VBP=H ) (ADJP (JJ=H )))))) (. ))),1,94586,"0,0878809474"
"(ROOT (S=H (S (NP (NNS=H )) (VP=H (VBN=H ) (PP (IN=H ) (NP (NP=H (NP (NNP ) (NNP ) (POS=H )) (NNP=H )) (PP (IN=H ) (NP (NNPS=H ))))))) (, ) (NP (NNP=H )) (VP=H (VBP=H ) (ADJP (JJ=H ))) (. )))",1,94587,"0,0878818765"
(ROOT (S=H (NP (NP=H (NNP ) (. ) (NNP=H ) (CC ) (NNPS )) (NP (NNS=H ))) (VP=H (VBP=H ) (ADJP (JJ=H ))) (. ))),1,94588,"0,0878828056"
(ROOT (S=H (NP (NP=H (NNP ) (. ) (NNP ) (CC ) (NNP ) (NNP=H )) (NP (NNS=H ))) (VP=H (VBP=H ) (ADJP (JJ=H ))) (. ))),1,94589,"0,0878837347"
(ROOT (NP=H (NP=H (NNP=H )) (: ) (S (NP (NNP ) (JJ ) (NNS=H )) (VP=H (VBP=H ) (ADJP (JJ=H )))) (. ))),1,94590,"0,0878846638"
(ROOT (S=H (NP (NP=H (NNP ) (NNP=H )) (PP (IN=H ) (NP (NP=H (DT ) (NNP ) (NNPS=H )) (PP (IN=H ) (NP (JJ ) (NN=H )))))) (VP=H (VBP=H ) (ADJP (JJ=H ))) (. ))),1,94591,"0,0878855929"
"(ROOT (S=H (S (VP=H (VBG=H ) (PP (IN=H ) (NP (NNP ) (CC ) (NNP ) (NNP=H ))))) (, ) (NP (NNP=H )) (VP=H (VBP=H ) (ADJP (JJ=H ))) (. )))",1,94592,"0,087886522"
(ROOT (S=H (NP (NP=H (NNP=H )) (PP (IN=H ) (NP (NP=H (NNP=H )) (PP (IN=H ) (NP (JJ ) (JJ ) (NN ) (NNS=H )))))) (VP=H (VBP=H ) (ADJP (JJ=H ))) (. ))),1,94593,"0,0878874511"
(ROOT (S=H (NP (NP=H (JJ ) (NN ) (NN=H )) (PP (VBN=H ) (PP (IN=H ) (NP (JJ ) (NNS=H ))))) (VP=H (VBP=H ) (ADJP (JJ=H ))) (. ))),1,94594,"0,0878883803"
"(ROOT (S=H (S (VP=H (VB=H ) (PP (IN=H ) (NP (NNP ) (NNP ) (IN ) (NNP ) (NNP=H ))))) (, ) (NP (NNP=H )) (VP=H (VBP=H ) (ADJP (JJ=H ))) (. )))",1,94595,"0,0878893094"
(ROOT (S=H (NP (NP=H (NNP=H )) (VP (VBG=H ) (NP (NNS=H )) (PP (TO=H ) (NP (NP=H (JJ ) (NNS=H )) (SBAR (WHNP=H (WDT=H )) (S (VP=H (MD=H ) (VP (VB=H ) (VP (VBN=H )))))))))) (VP=H (VBP=H ) (ADJP (JJ=H ))) (. ))),1,94596,"0,0878902385"
(ROOT (S=H (NP (NP=H (JJ ) (NN=H )) (PP (IN=H ) (NP (NP=H (NNP ) (NN=H )) (PP (IN=H ) (NP (JJ ) (NNS=H )))))) (VP=H (VBP=H ) (ADJP (JJ=H ))) (. ))),1,94597,"0,0878911676"
(ROOT (NP=H (NP=H (NNS=H )) (: ) (NP (NP=H (NNP ) (NNP=H )) (SBAR (S=H (NP (NP=H (NN ) (NNS=H )) (PP (TO=H ) (NP (NNS=H )))) (VP=H (VBP=H ) (ADJP (JJ=H )))))) (. ))),1,94598,"0,0878920967"
(ROOT (S=H (NP (NP=H (NN=H )) (PP (IN=H ) (NP (DT ) (JJ ) (CD ) (NNS=H )))) (VP=H (VBP=H ) (ADJP (JJ=H ))) (. ))),1,94599,"0,0878930258"
(ROOT (S=H (NP (NP=H (NNP=H )) (PP (IN=H ) (NP (NP=H (NNP ) (NNP=H )) (PP (IN=H ) (NP (NNP ) (NNP ) (NNP ) (PRN (-LRB- ) (NP=H (NNP=H )) (-RRB- )) (NNS=H )))))) (VP=H (VBP=H ) (ADJP (JJ=H ))) (. ))),1,94600,"0,0878939549"
(ROOT (S=H (NP (NP=H (DT ) (NN=H )) (PP (IN=H ) (NP (NNP ) (NNP ) (PRN (-LRB- ) (NP=H (NNP=H )) (-RRB- )) (NNS=H )))) (VP=H (VBP=H ) (ADJP (JJ=H ))) (. ))),1,94601,"0,087894884"
(ROOT (S=H (NP (NP=H (NN=H )) (PP (IN=H ) (NP (DT ) (JJS ) (NNS=H )))) (VP=H (VBP=H ) (ADJP (JJ=H ))) (. ))),1,94602,"0,0878958131"
